0.99934993  -0.032339736  0.00010894810  0.0063948085  -0.0017252558  0.0035038578  -0.0040793504  -0.0033111478  0.0021958629  -2.5012416e-05  -0.00079196243  0.99934993  -0.032339736  0.00010894810  0.0063948085  -0.0017252558  0.0035038578  -0.0040793504  -0.0033111478  0.0021958629  -2.5012416e-05  -0.00079196243  
0.032254871  0.99907991  0.013779604  0.013053771  0.0026293078  -0.0010603645  -0.0046431877  0.00043336843  0.0039176661  -0.0026587911  -0.0014806170  0.032254871  0.99907991  0.013779604  0.013053771  0.0026293078  -0.0010603645  -0.0046431877  0.00043336843  0.0039176661  -0.0026587911  -0.0014806170  
-0.00063875764  -0.013789843  0.99956715  0.011399876  -0.00059653282  -0.0063961695  0.0010516698  -0.0011932010  0.0024480928  0.00070924454  0.0037982582  -0.00063875764  -0.013789843  0.99956715  0.011399876  -0.00059653282  -0.0063961695  0.0010516698  -0.0011932010  0.0024480928  0.00070924454  0.0037982582  
-0.0067800661  -0.012621809  -0.011674060  0.99955023  0.0058507557  -0.0019858555  0.0056149195  -0.0032023279  0.0067090613  3.5684147e-05  -0.00052858381  -0.0067800661  -0.012621809  -0.011674060  0.99955023  0.0058507557  -0.0019858555  0.0056149195  -0.0032023279  0.0067090613  3.5684147e-05  -0.00052858381  
0.0016697916  -0.0025999386  0.00068657346  -0.0060202132  0.99982289  0.00055467766  -0.00022334438  -0.0013496506  0.0043897345  -0.00062235847  0.00041719635  0.0016697916  -0.0025999386  0.00068657346  -0.0060202132  0.99982289  0.00055467766  -0.00022334438  -0.0013496506  0.0043897345  -0.00062235847  0.00041719635  
0.0034988025  -0.0010024690  -0.0063621007  -0.0020836143  0.00053881573  -0.99976874  0.0040090009  -0.011778983  -0.0058662579  0.010850777  0.0035429918  0.0034988025  -0.0010024690  -0.0063621007  -0.0020836143  0.00053881573  -0.99976874  0.0040090009  -0.011778983  -0.0058662579  0.010850777  0.0035429918  
-0.0042482712  -0.0046067716  0.00080614529  0.0055027189  -0.00019068169  -0.0040829804  -0.99979733  0.0064677433  0.0028002308  0.0023763866  0.011875623  -0.0042482712  -0.0046067716  0.00080614529  0.0055027189  -0.00019068169  -0.0040829804  -0.99979733  0.0064677433  0.0028002308  0.0023763866  0.011875623  
-0.0032919441  0.00070329348  -0.0010553458  -0.0029879341  -0.0012613202  0.011955928  -0.0066307322  -0.99940966  -0.029088220  0.0010299402  -0.0017568932  -0.0032919441  0.00070329348  -0.0010553458  -0.0029879341  -0.0012613202  0.011955928  -0.0066307322  -0.99940966  -0.029088220  0.0010299402  -0.0017568932  
0.0023446080  0.0036838602  0.0023262188  0.0066191934  0.0043788634  0.0053913866  -0.0025489895  0.029176706  -0.99912248  -0.00028964369  -0.0040136597  0.0023446080  0.0036838602  0.0023262188  0.0066191934  0.0043788634  0.0053913866  -0.0025489895  0.029176706  -0.99912248  -0.00028964369  -0.0040136597  
-0.00010249418  -0.0026659192  0.00065511274  2.1656797e-05  -0.00064616594  -0.010831121  -0.0022465797  -0.0011774706  0.00012870699  -0.99982743  0.0066677659  -0.00010249418  -0.0026659192  0.00065511274  2.1656797e-05  -0.00064616594  -0.010831121  -0.0022465797  -0.0011774706  0.00012870699  -0.99982743  0.0066677659  
0.00088527580  0.0014993897  -0.0037412548  0.00052192330  -0.00034264125  0.0037176471  0.011896929  -0.0017237438  -0.0042023012  0.0066069881  0.99975964  0.00088527580  0.0014993897  -0.0037412548  0.00052192330  -0.00034264125  0.0037176471  0.011896929  -0.0017237438  -0.0042023012  0.0066069881  0.99975964  
0.99934993  -0.032339736  0.00010894810  0.0063948085  -0.0017252558  0.0035038578  -0.0040793504  -0.0033111478  0.0021958629  -2.5012416e-05  -0.00079196243  0.99934993  -0.032339736  0.00010894810  0.0063948085  -0.0017252558  0.0035038578  -0.0040793504  -0.0033111478  0.0021958629  -2.5012416e-05  -0.00079196243  
0.032254871  0.99907991  0.013779604  0.013053771  0.0026293078  -0.0010603645  -0.0046431877  0.00043336843  0.0039176661  -0.0026587911  -0.0014806170  0.032254871  0.99907991  0.013779604  0.013053771  0.0026293078  -0.0010603645  -0.0046431877  0.00043336843  0.0039176661  -0.0026587911  -0.0014806170  
-0.00063875764  -0.013789843  0.99956715  0.011399876  -0.00059653282  -0.0063961695  0.0010516698  -0.0011932010  0.0024480928  0.00070924454  0.0037982582  -0.00063875764  -0.013789843  0.99956715  0.011399876  -0.00059653282  -0.0063961695  0.0010516698  -0.0011932010  0.0024480928  0.00070924454  0.0037982582  
-0.0067800661  -0.012621809  -0.011674060  0.99955023  0.0058507557  -0.0019858555  0.0056149195  -0.0032023279  0.0067090613  3.5684147e-05  -0.00052858381  -0.0067800661  -0.012621809  -0.011674060  0.99955023  0.0058507557  -0.0019858555  0.0056149195  -0.0032023279  0.0067090613  3.5684147e-05  -0.00052858381  
0.0016697916  -0.0025999386  0.00068657346  -0.0060202132  0.99982289  0.00055467766  -0.00022334438  -0.0013496506  0.0043897345  -0.00062235847  0.00041719635  0.0016697916  -0.0025999386  0.00068657346  -0.0060202132  0.99982289  0.00055467766  -0.00022334438  -0.0013496506  0.0043897345  -0.00062235847  0.00041719635  
0.0034988025  -0.0010024690  -0.0063621007  -0.0020836143  0.00053881573  -0.99976874  0.0040090009  -0.011778983  -0.0058662579  0.010850777  0.0035429918  0.0034988025  -0.0010024690  -0.0063621007  -0.0020836143  0.00053881573  -0.99976874  0.0040090009  -0.011778983  -0.0058662579  0.010850777  0.0035429918  
-0.0042482712  -0.0046067716  0.00080614529  0.0055027189  -0.00019068169  -0.0040829804  -0.99979733  0.0064677433  0.0028002308  0.0023763866  0.011875623  -0.0042482712  -0.0046067716  0.00080614529  0.0055027189  -0.00019068169  -0.0040829804  -0.99979733  0.0064677433  0.0028002308  0.0023763866  0.011875623  
-0.0032919441  0.00070329348  -0.0010553458  -0.0029879341  -0.0012613202  0.011955928  -0.0066307322  -0.99940966  -0.029088220  0.0010299402  -0.0017568932  -0.0032919441  0.00070329348  -0.0010553458  -0.0029879341  -0.0012613202  0.011955928  -0.0066307322  -0.99940966  -0.029088220  0.0010299402  -0.0017568932  
0.0023446080  0.0036838602  0.0023262188  0.0066191934  0.0043788634  0.0053913866  -0.0025489895  0.029176706  -0.99912248  -0.00028964369  -0.0040136597  0.0023446080  0.0036838602  0.0023262188  0.0066191934  0.0043788634  0.0053913866  -0.0025489895  0.029176706  -0.99912248  -0.00028964369  -0.0040136597  
-0.00010249418  -0.0026659192  0.00065511274  2.1656797e-05  -0.00064616594  -0.010831121  -0.0022465797  -0.0011774706  0.00012870699  -0.99982743  0.0066677659  -0.00010249418  -0.0026659192  0.00065511274  2.1656797e-05  -0.00064616594  -0.010831121  -0.0022465797  -0.0011774706  0.00012870699  -0.99982743  0.0066677659  
0.00088527580  0.0014993897  -0.0037412548  0.00052192330  -0.00034264125  0.0037176471  0.011896929  -0.0017237438  -0.0042023012  0.0066069881  0.99975964  0.00088527580  0.0014993897  -0.0037412548  0.00052192330  -0.00034264125  0.0037176471  0.011896929  -0.0017237438  -0.0042023012  0.0066069881  0.99975964  
