0.99954611  -0.0058146066  0.0044814162  0.00099628913  -0.0010574196  0.0076541503  0.00064376409  0.0013370904  0.0012789564  0.0017218669  -0.00078078349  0.99954611  -0.0058146066  0.0044814162  0.00099628913  -0.0010574196  0.0076541503  0.00064376409  0.0013370904  0.0012789564  0.0017218669  -0.00078078349  
0.0058518756  0.99913274  0.023594939  -0.0055564833  0.0046257670  -0.00032285410  -0.0052546947  -0.00045558032  -0.018343602  0.0021685642  -0.0054756238  0.0058518756  0.99913274  0.023594939  -0.0055564833  0.0046257670  -0.00032285410  -0.0052546947  -0.00045558032  -0.018343602  0.0021685642  -0.0054756238  
0.0047504718  0.022997339  -0.99666872  -0.051355161  0.053789171  0.00045306298  0.0032574717  -0.0028602363  0.0042990940  0.0095763954  -0.0076086583  0.0047504718  0.022997339  -0.99666872  -0.051355161  0.053789171  0.00045306298  0.0032574717  -0.0028602363  0.0042990940  0.0095763954  -0.0076086583  
0.00068762114  -0.0070901232  0.053202094  -0.99755507  0.028818582  0.016277918  0.0036508927  -0.0077127293  0.0073838272  0.0068017543  -0.0086461648  0.00068762114  -0.0070901232  0.053202094  -0.99755507  0.028818582  0.016277918  0.0036508927  -0.0077127293  0.0073838272  0.0068017543  -0.0086461648  
0.00080989131  -0.0058061586  0.052128221  0.031981329  0.99742194  0.0031632392  -0.0070099556  -0.021892129  -0.0025446446  -0.0085795373  0.0015943423  0.00080989131  -0.0058061586  0.052128221  0.031981329  0.99742194  0.0031632392  -0.0070099556  -0.021892129  -0.0025446446  -0.0085795373  0.0015943423  
-0.0076430241  0.00064121212  -0.00042691846  0.016561187  -0.0039034152  0.99824101  0.047286495  -0.021083053  -0.0027248588  -0.0069248234  -0.010906368  -0.0076430241  0.00064121212  -0.00042691846  0.016561187  -0.0039034152  0.99824101  0.047286495  -0.021083053  -0.0027248588  -0.0069248234  -0.010906368  
0.00020054779  -0.0052112137  -0.0035276765  -0.0032366078  -0.0068945177  0.047556569  -0.99871396  0.0018070082  -0.0011334212  0.0079545721  0.0058143455  0.00020054779  -0.0052112137  -0.0035276765  -0.0032366078  -0.0068945177  0.047556569  -0.99871396  0.0018070082  -0.0011334212  0.0079545721  0.0058143455  
0.0016008316  -0.0023506606  0.00075003875  0.0058421149  -0.022247844  -0.021352765  -0.0025110764  -0.99326769  -0.10982839  -0.00032571723  0.0029243599  0.0016008316  -0.0023506606  0.00075003875  0.0058421149  -0.022247844  -0.021352765  -0.0025110764  -0.99326769  -0.10982839  -0.00032571723  0.0029243599  
0.00089933390  -0.018341470  -0.0039281199  -0.0077543767  0.00080242115  9.5264895e-05  0.0019376938  0.10953252  -0.99142269  0.065151944  -0.00023883458  0.00089933390  -0.018341470  -0.0039281199  -0.0077543767  0.00080242115  9.5264895e-05  0.0019376938  0.10953252  -0.99142269  0.065151944  -0.00023883458  
-0.0019980582  -0.0013098106  0.0099727287  0.0083773807  0.0078146028  0.0062333827  0.0079367204  -0.0079301836  0.064745614  0.99738440  -0.017122441  -0.0019980582  -0.0013098106  0.0099727287  0.0083773807  0.0078146028  0.0062333827  0.0079367204  -0.0079301836  0.064745614  0.99738440  -0.017122441  
0.00070286487  0.0057232661  -0.0070158365  -0.0089035556  -0.00089476443  0.011094223  0.0066190854  0.0028900871  0.00092133698  0.017418629  0.99882220  0.00070286487  0.0057232661  -0.0070158365  -0.0089035556  -0.00089476443  0.011094223  0.0066190854  0.0028900871  0.00092133698  0.017418629  0.99882220  
0.99954611  -0.0058146066  0.0044814162  0.00099628913  -0.0010574196  0.0076541503  0.00064376409  0.0013370904  0.0012789564  0.0017218669  -0.00078078349  0.99954611  -0.0058146066  0.0044814162  0.00099628913  -0.0010574196  0.0076541503  0.00064376409  0.0013370904  0.0012789564  0.0017218669  -0.00078078349  
0.0058518756  0.99913274  0.023594939  -0.0055564833  0.0046257670  -0.00032285410  -0.0052546947  -0.00045558032  -0.018343602  0.0021685642  -0.0054756238  0.0058518756  0.99913274  0.023594939  -0.0055564833  0.0046257670  -0.00032285410  -0.0052546947  -0.00045558032  -0.018343602  0.0021685642  -0.0054756238  
0.0047504718  0.022997339  -0.99666872  -0.051355161  0.053789171  0.00045306298  0.0032574717  -0.0028602363  0.0042990940  0.0095763954  -0.0076086583  0.0047504718  0.022997339  -0.99666872  -0.051355161  0.053789171  0.00045306298  0.0032574717  -0.0028602363  0.0042990940  0.0095763954  -0.0076086583  
0.00068762114  -0.0070901232  0.053202094  -0.99755507  0.028818582  0.016277918  0.0036508927  -0.0077127293  0.0073838272  0.0068017543  -0.0086461648  0.00068762114  -0.0070901232  0.053202094  -0.99755507  0.028818582  0.016277918  0.0036508927  -0.0077127293  0.0073838272  0.0068017543  -0.0086461648  
0.00080989131  -0.0058061586  0.052128221  0.031981329  0.99742194  0.0031632392  -0.0070099556  -0.021892129  -0.0025446446  -0.0085795373  0.0015943423  0.00080989131  -0.0058061586  0.052128221  0.031981329  0.99742194  0.0031632392  -0.0070099556  -0.021892129  -0.0025446446  -0.0085795373  0.0015943423  
-0.0076430241  0.00064121212  -0.00042691846  0.016561187  -0.0039034152  0.99824101  0.047286495  -0.021083053  -0.0027248588  -0.0069248234  -0.010906368  -0.0076430241  0.00064121212  -0.00042691846  0.016561187  -0.0039034152  0.99824101  0.047286495  -0.021083053  -0.0027248588  -0.0069248234  -0.010906368  
0.00020054779  -0.0052112137  -0.0035276765  -0.0032366078  -0.0068945177  0.047556569  -0.99871396  0.0018070082  -0.0011334212  0.0079545721  0.0058143455  0.00020054779  -0.0052112137  -0.0035276765  -0.0032366078  -0.0068945177  0.047556569  -0.99871396  0.0018070082  -0.0011334212  0.0079545721  0.0058143455  
0.0016008316  -0.0023506606  0.00075003875  0.0058421149  -0.022247844  -0.021352765  -0.0025110764  -0.99326769  -0.10982839  -0.00032571723  0.0029243599  0.0016008316  -0.0023506606  0.00075003875  0.0058421149  -0.022247844  -0.021352765  -0.0025110764  -0.99326769  -0.10982839  -0.00032571723  0.0029243599  
0.00089933390  -0.018341470  -0.0039281199  -0.0077543767  0.00080242115  9.5264895e-05  0.0019376938  0.10953252  -0.99142269  0.065151944  -0.00023883458  0.00089933390  -0.018341470  -0.0039281199  -0.0077543767  0.00080242115  9.5264895e-05  0.0019376938  0.10953252  -0.99142269  0.065151944  -0.00023883458  
-0.0019980582  -0.0013098106  0.0099727287  0.0083773807  0.0078146028  0.0062333827  0.0079367204  -0.0079301836  0.064745614  0.99738440  -0.017122441  -0.0019980582  -0.0013098106  0.0099727287  0.0083773807  0.0078146028  0.0062333827  0.0079367204  -0.0079301836  0.064745614  0.99738440  -0.017122441  
0.00070286487  0.0057232661  -0.0070158365  -0.0089035556  -0.00089476443  0.011094223  0.0066190854  0.0028900871  0.00092133698  0.017418629  0.99882220  0.00070286487  0.0057232661  -0.0070158365  -0.0089035556  -0.00089476443  0.011094223  0.0066190854  0.0028900871  0.00092133698  0.017418629  0.99882220  
