2.5072175e-19  1.9385196e-17  -7.5443107e-18  5.8191163e-19  -2.7613274e-19  1.4928956e-17  1.9583402e-16  5.7616875e-17  1.7315048e-17  -3.6342584e-17  4.6627576e-17  2.5072175e-19  1.9385196e-17  -7.5443107e-18  5.8191163e-19  -2.7613274e-19  1.4928956e-17  1.9583402e-16  5.7616875e-17  1.7315048e-17  -3.6342584e-17  4.6627576e-17  
2.7123689e-17  -8.5110135e-18  -1.1773546e-17  6.0744968e-18  -3.6841169e-18  -2.6196082e-17  2.4522827e-16  1.2335828e-16  -2.3420037e-17  -3.5097869e-18  1.1867990e-18  2.7123689e-17  -8.5110135e-18  -1.1773546e-17  6.0744968e-18  -3.6841169e-18  -2.6196082e-17  2.4522827e-16  1.2335828e-16  -2.3420037e-17  -3.5097869e-18  1.1867990e-18  
7.1743691e-19  -7.4277378e-18  2.7956058e-18  1.1447227e-17  9.2678110e-18  -3.6050993e-17  -2.2971534e-18  1.4184837e-17  2.0790212e-17  1.3362183e-17  -2.9589931e-17  7.1743691e-19  -7.4277378e-18  2.7956058e-18  1.1447227e-17  9.2678110e-18  -3.6050993e-17  -2.2971534e-18  1.4184837e-17  2.0790212e-17  1.3362183e-17  -2.9589931e-17  
-4.3609491e-18  1.2826196e-18  5.5222631e-17  8.3678253e-19  3.4362009e-18  2.0031059e-17  7.7096939e-18  3.7288931e-17  2.1840745e-17  1.8319385e-16  2.2655384e-16  -4.3609491e-18  1.2826196e-18  5.5222631e-17  8.3678253e-19  3.4362009e-18  2.0031059e-17  7.7096939e-18  3.7288931e-17  2.1840745e-17  1.8319385e-16  2.2655384e-16  
1.3755815e-18  -5.4041761e-18  2.7066091e-17  -4.7620192e-18  -2.1922748e-17  -6.0760638e-17  -9.1872370e-18  -3.1158107e-18  -1.0172654e-17  -4.1541143e-17  2.2223085e-16  1.3755815e-18  -5.4041761e-18  2.7066091e-17  -4.7620192e-18  -2.1922748e-17  -6.0760638e-17  -9.1872370e-18  -3.1158107e-18  -1.0172654e-17  -4.1541143e-17  2.2223085e-16  
1.6645891e-17  2.3104412e-17  -6.1538638e-17  -1.6291408e-17  -1.9420771e-17  9.2615906e-18  -3.6590976e-17  -2.4775714e-19  -3.9603025e-18  -1.0905549e-18  -6.6946308e-18  1.6645891e-17  2.3104412e-17  -6.1538638e-17  -1.6291408e-17  -1.9420771e-17  9.2615906e-18  -3.6590976e-17  -2.4775714e-19  -3.9603025e-18  -1.0905549e-18  -6.6946308e-18  
-4.6183624e-17  -2.7116945e-16  -1.5606582e-18  -9.6265294e-18  -1.1752582e-20  -4.5278570e-17  1.0817670e-18  -1.0244016e-17  1.4755314e-18  -4.7960276e-17  -5.7282721e-17  -4.6183624e-17  -2.7116945e-16  -1.5606582e-18  -9.6265294e-18  -1.1752582e-20  -4.5278570e-17  1.0817670e-18  -1.0244016e-17  1.4755314e-18  -4.7960276e-17  -5.7282721e-17  
3.5614347e-17  3.5908479e-16  5.6539449e-18  2.7697977e-19  -4.2317766e-18  -2.2658131e-19  -1.9840900e-17  -1.7885101e-18  -3.7430386e-18  -1.2380869e-17  1.0964630e-17  3.5614347e-17  3.5908479e-16  5.6539449e-18  2.7697977e-19  -4.2317766e-18  -2.2658131e-19  -1.9840900e-17  -1.7885101e-18  -3.7430386e-18  -1.2380869e-17  1.0964630e-17  
3.1679032e-17  1.1804463e-17  -6.7535419e-17  1.2205321e-17  3.3541022e-17  -8.0616361e-18  -1.5246593e-20  6.9626108e-19  -4.7909772e-18  3.6591823e-19  6.9538229e-18  3.1679032e-17  1.1804463e-17  -6.7535419e-17  1.2205321e-17  3.3541022e-17  -8.0616361e-18  -1.5246593e-20  6.9626108e-19  -4.7909772e-18  3.6591823e-19  6.9538229e-18  
-5.6835064e-17  -2.1950329e-18  1.6929065e-17  -9.0123882e-17  -3.0616482e-17  -1.8925045e-17  3.1355254e-17  7.1341350e-19  -1.3169986e-17  7.0428804e-19  2.8986394e-18  -5.6835064e-17  -2.1950329e-18  1.6929065e-17  -9.0123882e-17  -3.0616482e-17  -1.8925045e-17  3.1355254e-17  7.1341350e-19  -1.3169986e-17  7.0428804e-19  2.8986394e-18  
1.1015896e-16  2.3914387e-18  -1.4477672e-17  3.1089821e-16  1.6078967e-16  2.8885094e-17  1.9769114e-17  1.0081810e-18  2.1128443e-17  2.5066881e-18  1.0890991e-18  1.1015896e-16  2.3914387e-18  -1.4477672e-17  3.1089821e-16  1.6078967e-16  2.8885094e-17  1.9769114e-17  1.0081810e-18  2.1128443e-17  2.5066881e-18  1.0890991e-18  
2.5072175e-19  1.9385196e-17  -7.5443107e-18  5.8191163e-19  -2.7613274e-19  1.4928956e-17  1.9583402e-16  5.7616875e-17  1.7315048e-17  -3.6342584e-17  4.6627576e-17  2.5072175e-19  1.9385196e-17  -7.5443107e-18  5.8191163e-19  -2.7613274e-19  1.4928956e-17  1.9583402e-16  5.7616875e-17  1.7315048e-17  -3.6342584e-17  4.6627576e-17  
2.7123689e-17  -8.5110135e-18  -1.1773546e-17  6.0744968e-18  -3.6841169e-18  -2.6196082e-17  2.4522827e-16  1.2335828e-16  -2.3420037e-17  -3.5097869e-18  1.1867990e-18  2.7123689e-17  -8.5110135e-18  -1.1773546e-17  6.0744968e-18  -3.6841169e-18  -2.6196082e-17  2.4522827e-16  1.2335828e-16  -2.3420037e-17  -3.5097869e-18  1.1867990e-18  
7.1743691e-19  -7.4277378e-18  2.7956058e-18  1.1447227e-17  9.2678110e-18  -3.6050993e-17  -2.2971534e-18  1.4184837e-17  2.0790212e-17  1.3362183e-17  -2.9589931e-17  7.1743691e-19  -7.4277378e-18  2.7956058e-18  1.1447227e-17  9.2678110e-18  -3.6050993e-17  -2.2971534e-18  1.4184837e-17  2.0790212e-17  1.3362183e-17  -2.9589931e-17  
-4.3609491e-18  1.2826196e-18  5.5222631e-17  8.3678253e-19  3.4362009e-18  2.0031059e-17  7.7096939e-18  3.7288931e-17  2.1840745e-17  1.8319385e-16  2.2655384e-16  -4.3609491e-18  1.2826196e-18  5.5222631e-17  8.3678253e-19  3.4362009e-18  2.0031059e-17  7.7096939e-18  3.7288931e-17  2.1840745e-17  1.8319385e-16  2.2655384e-16  
1.3755815e-18  -5.4041761e-18  2.7066091e-17  -4.7620192e-18  -2.1922748e-17  -6.0760638e-17  -9.1872370e-18  -3.1158107e-18  -1.0172654e-17  -4.1541143e-17  2.2223085e-16  1.3755815e-18  -5.4041761e-18  2.7066091e-17  -4.7620192e-18  -2.1922748e-17  -6.0760638e-17  -9.1872370e-18  -3.1158107e-18  -1.0172654e-17  -4.1541143e-17  2.2223085e-16  
1.6645891e-17  2.3104412e-17  -6.1538638e-17  -1.6291408e-17  -1.9420771e-17  9.2615906e-18  -3.6590976e-17  -2.4775714e-19  -3.9603025e-18  -1.0905549e-18  -6.6946308e-18  1.6645891e-17  2.3104412e-17  -6.1538638e-17  -1.6291408e-17  -1.9420771e-17  9.2615906e-18  -3.6590976e-17  -2.4775714e-19  -3.9603025e-18  -1.0905549e-18  -6.6946308e-18  
-4.6183624e-17  -2.7116945e-16  -1.5606582e-18  -9.6265294e-18  -1.1752582e-20  -4.5278570e-17  1.0817670e-18  -1.0244016e-17  1.4755314e-18  -4.7960276e-17  -5.7282721e-17  -4.6183624e-17  -2.7116945e-16  -1.5606582e-18  -9.6265294e-18  -1.1752582e-20  -4.5278570e-17  1.0817670e-18  -1.0244016e-17  1.4755314e-18  -4.7960276e-17  -5.7282721e-17  
3.5614347e-17  3.5908479e-16  5.6539449e-18  2.7697977e-19  -4.2317766e-18  -2.2658131e-19  -1.9840900e-17  -1.7885101e-18  -3.7430386e-18  -1.2380869e-17  1.0964630e-17  3.5614347e-17  3.5908479e-16  5.6539449e-18  2.7697977e-19  -4.2317766e-18  -2.2658131e-19  -1.9840900e-17  -1.7885101e-18  -3.7430386e-18  -1.2380869e-17  1.0964630e-17  
3.1679032e-17  1.1804463e-17  -6.7535419e-17  1.2205321e-17  3.3541022e-17  -8.0616361e-18  -1.5246593e-20  6.9626108e-19  -4.7909772e-18  3.6591823e-19  6.9538229e-18  3.1679032e-17  1.1804463e-17  -6.7535419e-17  1.2205321e-17  3.3541022e-17  -8.0616361e-18  -1.5246593e-20  6.9626108e-19  -4.7909772e-18  3.6591823e-19  6.9538229e-18  
-5.6835064e-17  -2.1950329e-18  1.6929065e-17  -9.0123882e-17  -3.0616482e-17  -1.8925045e-17  3.1355254e-17  7.1341350e-19  -1.3169986e-17  7.0428804e-19  2.8986394e-18  -5.6835064e-17  -2.1950329e-18  1.6929065e-17  -9.0123882e-17  -3.0616482e-17  -1.8925045e-17  3.1355254e-17  7.1341350e-19  -1.3169986e-17  7.0428804e-19  2.8986394e-18  
1.1015896e-16  2.3914387e-18  -1.4477672e-17  3.1089821e-16  1.6078967e-16  2.8885094e-17  1.9769114e-17  1.0081810e-18  2.1128443e-17  2.5066881e-18  1.0890991e-18  1.1015896e-16  2.3914387e-18  -1.4477672e-17  3.1089821e-16  1.6078967e-16  2.8885094e-17  1.9769114e-17  1.0081810e-18  2.1128443e-17  2.5066881e-18  1.0890991e-18  
