0.99957705  -0.023367245  0.0022310215  -0.0055391863  0.0014614597  0.0025080878  0.0079001985  0.0021322152  0.0019065065  -2.4196950e-05  0.0016981407  0.99957705  -0.023367245  0.0022310215  -0.0055391863  0.0014614597  0.0025080878  0.0079001985  0.0021322152  0.0019065065  -2.4196950e-05  0.0016981407  
0.023091390  0.99793335  0.054569654  -0.016650751  -0.0018062272  -0.0011325184  0.0060500450  -0.00061339594  0.0034996430  0.0018143947  0.00052673684  0.023091390  0.99793335  0.054569654  -0.016650751  -0.0018062272  -0.0011325184  0.0060500450  -0.00061339594  0.0034996430  0.0018143947  0.00052673684  
-0.0035359792  -0.054538851  0.99827848  -0.0073400632  -0.0033692129  -0.0064409168  -0.0031803015  -9.6829064e-05  0.00039525826  -0.00042221617  -0.0023122073  -0.0035359792  -0.054538851  0.99827848  -0.0073400632  -0.0033692129  -0.0064409168  -0.0031803015  -9.6829064e-05  0.00039525826  -0.00042221617  -0.0023122073  
-0.0058466199  -0.016007209  -0.0082455361  -0.99956189  0.0086370967  0.0015332062  -0.0048323727  0.0013764197  0.0035484820  -0.0011070161  0.00099149456  -0.0058466199  -0.016007209  -0.0082455361  -0.99956189  0.0086370967  0.0015332062  -0.0048323727  0.0013764197  0.0035484820  -0.0011070161  0.00099149456  
0.0013794993  -0.0018027537  -0.0034608401  -0.0085717634  -0.99979289  4.0306280e-05  0.00029606507  -0.0010838351  0.0024281760  0.00029372521  -0.00039063501  0.0013794993  -0.0018027537  -0.0034608401  -0.0085717634  -0.99979289  4.0306280e-05  0.00029606507  -0.0010838351  0.0024281760  0.00029372521  -0.00039063501  
-0.0025203065  0.00083464688  0.0064525960  0.0014105821  -2.6998716e-06  0.99981302  0.0025842615  -0.013617755  0.0011052598  0.0066867668  0.0023250612  -0.0025203065  0.00083464688  0.0064525960  0.0014105821  -2.6998716e-06  0.99981302  0.0025842615  -0.013617755  0.0011052598  0.0066867668  0.0023250612  
-0.0080707079  -0.0061402749  0.0027607283  -0.0046891998  0.00034407057  -0.0027295289  0.99984256  -0.0085265577  0.0024072845  0.00040664438  -0.0038300283  -0.0080707079  -0.0061402749  0.0027607283  -0.0046891998  0.00034407057  -0.0027295289  0.99984256  -0.0085265577  0.0024072845  0.00040664438  -0.0038300283  
-0.0021989727  0.00069129778  0.00019865331  0.0012949745  -0.0010933499  0.013613804  0.0085970257  0.99973289  -0.013159192  -0.0011446339  0.0018569150  -0.0021989727  0.00069129778  0.00019865331  0.0012949745  -0.0010933499  0.013613804  0.0085970257  0.99973289  -0.013159192  -0.0011446339  0.0018569150  
-0.0019576715  -0.0033571606  -0.00055804982  0.0035455668  0.0023744094  -0.0010953515  -0.0023329852  0.013262071  0.99924064  0.029506486  -0.013290455  -0.0019576715  -0.0033571606  -0.00055804982  0.0035455668  0.0023744094  -0.0010953515  -0.0023329852  0.013262071  0.99924064  0.029506486  -0.013290455  
-3.8277985e-05  0.0017554865  -0.00031648025  0.0012251167  -0.00021816850  0.0066371189  0.00037068833  -0.00084765542  0.029462522  -0.99946127  -0.0014600876  -3.8277985e-05  0.0017554865  -0.00031648025  0.0012251167  -0.00021816850  0.0066371189  0.00037068833  -0.00084765542  0.029462522  -0.99946127  -0.0014600876  
0.0018064601  0.00055988369  -0.0022315892  -0.0010493261  0.00035802525  0.0023909397  -0.0037699470  0.0017198055  -0.013359545  0.0010549692  -0.99982192  0.0018064601  0.00055988369  -0.0022315892  -0.0010493261  0.00035802525  0.0023909397  -0.0037699470  0.0017198055  -0.013359545  0.0010549692  -0.99982192  
0.99957705  -0.023367245  0.0022310215  -0.0055391863  0.0014614597  0.0025080878  0.0079001985  0.0021322152  0.0019065065  -2.4196950e-05  0.0016981407  0.99957705  -0.023367245  0.0022310215  -0.0055391863  0.0014614597  0.0025080878  0.0079001985  0.0021322152  0.0019065065  -2.4196950e-05  0.0016981407  
0.023091390  0.99793335  0.054569654  -0.016650751  -0.0018062272  -0.0011325184  0.0060500450  -0.00061339594  0.0034996430  0.0018143947  0.00052673684  0.023091390  0.99793335  0.054569654  -0.016650751  -0.0018062272  -0.0011325184  0.0060500450  -0.00061339594  0.0034996430  0.0018143947  0.00052673684  
-0.0035359792  -0.054538851  0.99827848  -0.0073400632  -0.0033692129  -0.0064409168  -0.0031803015  -9.6829064e-05  0.00039525826  -0.00042221617  -0.0023122073  -0.0035359792  -0.054538851  0.99827848  -0.0073400632  -0.0033692129  -0.0064409168  -0.0031803015  -9.6829064e-05  0.00039525826  -0.00042221617  -0.0023122073  
-0.0058466199  -0.016007209  -0.0082455361  -0.99956189  0.0086370967  0.0015332062  -0.0048323727  0.0013764197  0.0035484820  -0.0011070161  0.00099149456  -0.0058466199  -0.016007209  -0.0082455361  -0.99956189  0.0086370967  0.0015332062  -0.0048323727  0.0013764197  0.0035484820  -0.0011070161  0.00099149456  
0.0013794993  -0.0018027537  -0.0034608401  -0.0085717634  -0.99979289  4.0306280e-05  0.00029606507  -0.0010838351  0.0024281760  0.00029372521  -0.00039063501  0.0013794993  -0.0018027537  -0.0034608401  -0.0085717634  -0.99979289  4.0306280e-05  0.00029606507  -0.0010838351  0.0024281760  0.00029372521  -0.00039063501  
-0.0025203065  0.00083464688  0.0064525960  0.0014105821  -2.6998716e-06  0.99981302  0.0025842615  -0.013617755  0.0011052598  0.0066867668  0.0023250612  -0.0025203065  0.00083464688  0.0064525960  0.0014105821  -2.6998716e-06  0.99981302  0.0025842615  -0.013617755  0.0011052598  0.0066867668  0.0023250612  
-0.0080707079  -0.0061402749  0.0027607283  -0.0046891998  0.00034407057  -0.0027295289  0.99984256  -0.0085265577  0.0024072845  0.00040664438  -0.0038300283  -0.0080707079  -0.0061402749  0.0027607283  -0.0046891998  0.00034407057  -0.0027295289  0.99984256  -0.0085265577  0.0024072845  0.00040664438  -0.0038300283  
-0.0021989727  0.00069129778  0.00019865331  0.0012949745  -0.0010933499  0.013613804  0.0085970257  0.99973289  -0.013159192  -0.0011446339  0.0018569150  -0.0021989727  0.00069129778  0.00019865331  0.0012949745  -0.0010933499  0.013613804  0.0085970257  0.99973289  -0.013159192  -0.0011446339  0.0018569150  
-0.0019576715  -0.0033571606  -0.00055804982  0.0035455668  0.0023744094  -0.0010953515  -0.0023329852  0.013262071  0.99924064  0.029506486  -0.013290455  -0.0019576715  -0.0033571606  -0.00055804982  0.0035455668  0.0023744094  -0.0010953515  -0.0023329852  0.013262071  0.99924064  0.029506486  -0.013290455  
-3.8277985e-05  0.0017554865  -0.00031648025  0.0012251167  -0.00021816850  0.0066371189  0.00037068833  -0.00084765542  0.029462522  -0.99946127  -0.0014600876  -3.8277985e-05  0.0017554865  -0.00031648025  0.0012251167  -0.00021816850  0.0066371189  0.00037068833  -0.00084765542  0.029462522  -0.99946127  -0.0014600876  
0.0018064601  0.00055988369  -0.0022315892  -0.0010493261  0.00035802525  0.0023909397  -0.0037699470  0.0017198055  -0.013359545  0.0010549692  -0.99982192  0.0018064601  0.00055988369  -0.0022315892  -0.0010493261  0.00035802525  0.0023909397  -0.0037699470  0.0017198055  -0.013359545  0.0010549692  -0.99982192  
