-5.3570863e-18  1.7514312e-17  4.2422375e-17  3.6419240e-17  -9.0124306e-18  2.2991015e-17  1.1681220e-17  -3.8754722e-17  -3.9577244e-17  -1.4517467e-16  1.6407875e-17  -5.3570863e-18  1.7514312e-17  4.2422375e-17  3.6419240e-17  -9.0124306e-18  2.2991015e-17  1.1681220e-17  -3.8754722e-17  -3.9577244e-17  -1.4517467e-16  1.6407875e-17  
3.1502638e-17  1.3695887e-17  1.1995681e-17  -4.0684687e-17  1.1692443e-17  -1.2773426e-16  1.1858461e-20  4.8496871e-17  1.1937066e-16  4.7730307e-18  -4.6585965e-17  3.1502638e-17  1.3695887e-17  1.1995681e-17  -4.0684687e-17  1.1692443e-17  -1.2773426e-16  1.1858461e-20  4.8496871e-17  1.1937066e-16  4.7730307e-18  -4.6585965e-17  
-2.7351964e-17  9.5121800e-18  3.0739884e-18  -1.2156829e-16  -1.0653133e-17  -1.9850725e-16  2.5628464e-17  5.6573331e-18  1.5784459e-17  -2.9290399e-17  9.6477053e-18  -2.7351964e-17  9.5121800e-18  3.0739884e-18  -1.2156829e-16  -1.0653133e-17  -1.9850725e-16  2.5628464e-17  5.6573331e-18  1.5784459e-17  -2.9290399e-17  9.6477053e-18  
8.2284592e-17  -4.1674021e-17  -6.3783910e-17  -1.5303980e-17  -1.4564732e-17  -9.4782987e-18  1.3436642e-16  5.9139840e-18  2.4374855e-17  -1.2425973e-17  -3.6186095e-17  8.2284592e-17  -4.1674021e-17  -6.3783910e-17  -1.5303980e-17  -1.4564732e-17  -9.4782987e-18  1.3436642e-16  5.9139840e-18  2.4374855e-17  -1.2425973e-17  -3.6186095e-17  
-1.1708748e-17  -1.7409915e-17  -5.6971436e-18  6.0159033e-17  -1.6986902e-17  2.3382345e-18  2.7458691e-17  -2.4957826e-17  6.9951581e-17  -2.1280856e-17  7.4288178e-17  -1.1708748e-17  -1.7409915e-17  -5.6971436e-18  6.0159033e-17  -1.6986902e-17  2.3382345e-18  2.7458691e-17  -2.4957826e-17  6.9951581e-17  -2.1280856e-17  7.4288178e-17  
-3.5718109e-17  -2.8800814e-17  -1.0793317e-16  3.7349918e-17  -2.5133585e-17  5.6829558e-18  9.5041332e-18  6.0257924e-18  -1.9732585e-17  1.3934200e-16  -1.9385196e-17  -3.5718109e-17  -2.8800814e-17  -1.0793317e-16  3.7349918e-17  -2.5133585e-17  5.6829558e-18  9.5041332e-18  6.0257924e-18  -1.9732585e-17  1.3934200e-16  -1.9385196e-17  
-5.4373374e-17  -3.9930827e-17  -2.5669757e-17  4.4716669e-17  -6.1879568e-17  -7.4335611e-18  -5.8686148e-18  -2.3411991e-18  7.7092704e-18  -1.5423623e-17  -6.2002812e-19  -5.4373374e-17  -3.9930827e-17  -2.5669757e-17  4.4716669e-17  -6.1879568e-17  -7.4335611e-18  -5.8686148e-18  -2.3411991e-18  7.7092704e-18  -1.5423623e-17  -6.2002812e-19  
-2.6442251e-18  2.5005260e-17  2.2741141e-17  -1.4458852e-17  -1.1739030e-17  -4.3944069e-18  1.7093125e-18  9.0415473e-19  -4.7843955e-17  4.2224592e-19  2.3337875e-17  -2.6442251e-18  2.5005260e-17  2.2741141e-17  -1.4458852e-17  -1.1739030e-17  -4.3944069e-18  1.7093125e-18  9.0415473e-19  -4.7843955e-17  4.2224592e-19  2.3337875e-17  
-1.0744295e-16  4.7950112e-17  -2.6880114e-17  -1.0320549e-16  7.0354027e-17  3.4855406e-18  -1.0563004e-17  -6.3131483e-17  -2.4970928e-20  1.6773635e-18  -8.9125270e-17  -1.0744295e-16  4.7950112e-17  -2.6880114e-17  -1.0320549e-16  7.0354027e-17  3.4855406e-18  -1.0563004e-17  -6.3131483e-17  -2.4970928e-20  1.6773635e-18  -8.9125270e-17  
1.8332578e-16  8.0798473e-18  -1.3291641e-17  2.0989476e-17  -8.0298723e-19  2.3013885e-18  2.2415033e-17  6.4700612e-18  -7.2016859e-18  -7.5491811e-18  2.2115183e-17  1.8332578e-16  8.0798473e-18  -1.3291641e-17  2.0989476e-17  -8.0298723e-19  2.3013885e-18  2.2415033e-17  6.4700612e-18  -7.2016859e-18  -7.5491811e-18  2.2115183e-17  
4.0834611e-17  -6.0473070e-17  5.1579224e-17  2.8611164e-16  -8.9455150e-18  -1.3193385e-17  -1.9099746e-17  4.6574107e-17  -3.6056234e-17  1.7071526e-17  2.2124289e-17  4.0834611e-17  -6.0473070e-17  5.1579224e-17  2.8611164e-16  -8.9455150e-18  -1.3193385e-17  -1.9099746e-17  4.6574107e-17  -3.6056234e-17  1.7071526e-17  2.2124289e-17  
-5.3570863e-18  1.7514312e-17  4.2422375e-17  3.6419240e-17  -9.0124306e-18  2.2991015e-17  1.1681220e-17  -3.8754722e-17  -3.9577244e-17  -1.4517467e-16  1.6407875e-17  -5.3570863e-18  1.7514312e-17  4.2422375e-17  3.6419240e-17  -9.0124306e-18  2.2991015e-17  1.1681220e-17  -3.8754722e-17  -3.9577244e-17  -1.4517467e-16  1.6407875e-17  
3.1502638e-17  1.3695887e-17  1.1995681e-17  -4.0684687e-17  1.1692443e-17  -1.2773426e-16  1.1858461e-20  4.8496871e-17  1.1937066e-16  4.7730307e-18  -4.6585965e-17  3.1502638e-17  1.3695887e-17  1.1995681e-17  -4.0684687e-17  1.1692443e-17  -1.2773426e-16  1.1858461e-20  4.8496871e-17  1.1937066e-16  4.7730307e-18  -4.6585965e-17  
-2.7351964e-17  9.5121800e-18  3.0739884e-18  -1.2156829e-16  -1.0653133e-17  -1.9850725e-16  2.5628464e-17  5.6573331e-18  1.5784459e-17  -2.9290399e-17  9.6477053e-18  -2.7351964e-17  9.5121800e-18  3.0739884e-18  -1.2156829e-16  -1.0653133e-17  -1.9850725e-16  2.5628464e-17  5.6573331e-18  1.5784459e-17  -2.9290399e-17  9.6477053e-18  
8.2284592e-17  -4.1674021e-17  -6.3783910e-17  -1.5303980e-17  -1.4564732e-17  -9.4782987e-18  1.3436642e-16  5.9139840e-18  2.4374855e-17  -1.2425973e-17  -3.6186095e-17  8.2284592e-17  -4.1674021e-17  -6.3783910e-17  -1.5303980e-17  -1.4564732e-17  -9.4782987e-18  1.3436642e-16  5.9139840e-18  2.4374855e-17  -1.2425973e-17  -3.6186095e-17  
-1.1708748e-17  -1.7409915e-17  -5.6971436e-18  6.0159033e-17  -1.6986902e-17  2.3382345e-18  2.7458691e-17  -2.4957826e-17  6.9951581e-17  -2.1280856e-17  7.4288178e-17  -1.1708748e-17  -1.7409915e-17  -5.6971436e-18  6.0159033e-17  -1.6986902e-17  2.3382345e-18  2.7458691e-17  -2.4957826e-17  6.9951581e-17  -2.1280856e-17  7.4288178e-17  
-3.5718109e-17  -2.8800814e-17  -1.0793317e-16  3.7349918e-17  -2.5133585e-17  5.6829558e-18  9.5041332e-18  6.0257924e-18  -1.9732585e-17  1.3934200e-16  -1.9385196e-17  -3.5718109e-17  -2.8800814e-17  -1.0793317e-16  3.7349918e-17  -2.5133585e-17  5.6829558e-18  9.5041332e-18  6.0257924e-18  -1.9732585e-17  1.3934200e-16  -1.9385196e-17  
-5.4373374e-17  -3.9930827e-17  -2.5669757e-17  4.4716669e-17  -6.1879568e-17  -7.4335611e-18  -5.8686148e-18  -2.3411991e-18  7.7092704e-18  -1.5423623e-17  -6.2002812e-19  -5.4373374e-17  -3.9930827e-17  -2.5669757e-17  4.4716669e-17  -6.1879568e-17  -7.4335611e-18  -5.8686148e-18  -2.3411991e-18  7.7092704e-18  -1.5423623e-17  -6.2002812e-19  
-2.6442251e-18  2.5005260e-17  2.2741141e-17  -1.4458852e-17  -1.1739030e-17  -4.3944069e-18  1.7093125e-18  9.0415473e-19  -4.7843955e-17  4.2224592e-19  2.3337875e-17  -2.6442251e-18  2.5005260e-17  2.2741141e-17  -1.4458852e-17  -1.1739030e-17  -4.3944069e-18  1.7093125e-18  9.0415473e-19  -4.7843955e-17  4.2224592e-19  2.3337875e-17  
-1.0744295e-16  4.7950112e-17  -2.6880114e-17  -1.0320549e-16  7.0354027e-17  3.4855406e-18  -1.0563004e-17  -6.3131483e-17  -2.4970928e-20  1.6773635e-18  -8.9125270e-17  -1.0744295e-16  4.7950112e-17  -2.6880114e-17  -1.0320549e-16  7.0354027e-17  3.4855406e-18  -1.0563004e-17  -6.3131483e-17  -2.4970928e-20  1.6773635e-18  -8.9125270e-17  
1.8332578e-16  8.0798473e-18  -1.3291641e-17  2.0989476e-17  -8.0298723e-19  2.3013885e-18  2.2415033e-17  6.4700612e-18  -7.2016859e-18  -7.5491811e-18  2.2115183e-17  1.8332578e-16  8.0798473e-18  -1.3291641e-17  2.0989476e-17  -8.0298723e-19  2.3013885e-18  2.2415033e-17  6.4700612e-18  -7.2016859e-18  -7.5491811e-18  2.2115183e-17  
4.0834611e-17  -6.0473070e-17  5.1579224e-17  2.8611164e-16  -8.9455150e-18  -1.3193385e-17  -1.9099746e-17  4.6574107e-17  -3.6056234e-17  1.7071526e-17  2.2124289e-17  4.0834611e-17  -6.0473070e-17  5.1579224e-17  2.8611164e-16  -8.9455150e-18  -1.3193385e-17  -1.9099746e-17  4.6574107e-17  -3.6056234e-17  1.7071526e-17  2.2124289e-17  
