1.1445533e-18  -7.1633576e-18  2.0078916e-18  8.9192569e-19  1.6873743e-17  -8.8711455e-17  -1.0195990e-16  -2.2554793e-17  1.5429044e-16  -8.3581823e-17  5.6527167e-17  1.1445533e-18  -7.1633576e-18  2.0078916e-18  8.9192569e-19  1.6873743e-17  -8.8711455e-17  -1.0195990e-16  -2.2554793e-17  1.5429044e-16  -8.3581823e-17  5.6527167e-17  
1.7492501e-17  4.5416318e-18  2.9173615e-17  -8.4263896e-18  4.4532757e-18  5.3525706e-17  -1.0903061e-16  1.2149841e-17  3.0930679e-17  -4.7815857e-17  -2.8087189e-17  1.7492501e-17  4.5416318e-18  2.9173615e-17  -8.4263896e-18  4.4532757e-18  5.3525706e-17  -1.0903061e-16  1.2149841e-17  3.0930679e-17  -4.7815857e-17  -2.8087189e-17  
-1.2849278e-17  1.2572404e-17  1.3900869e-17  -2.3299092e-16  1.4538897e-17  -1.6981740e-17  8.4286131e-18  1.2060817e-16  5.3041203e-18  5.7385212e-17  -1.1272124e-16  -1.2849278e-17  1.2572404e-17  1.3900869e-17  -2.3299092e-16  1.4538897e-17  -1.6981740e-17  8.4286131e-18  1.2060817e-16  5.3041203e-18  5.7385212e-17  -1.1272124e-16  
7.2179913e-18  -3.2097255e-19  -7.4463619e-17  9.6856762e-18  9.7101739e-18  5.0375167e-17  -2.7642947e-17  -6.3628056e-17  1.5543055e-19  -5.0944797e-18  8.3691937e-17  7.2179913e-18  -3.2097255e-19  -7.4463619e-17  9.6856762e-18  9.7101739e-18  5.0375167e-17  -2.7642947e-17  -6.3628056e-17  1.5543055e-19  -5.0944797e-18  8.3691937e-17  
5.0051177e-18  4.0409613e-17  -3.0713203e-17  -1.1334360e-17  2.0407671e-18  6.8177682e-18  -1.2131206e-17  -2.3439307e-17  -4.9982144e-17  4.8107660e-17  -1.1267846e-16  5.0051177e-18  4.0409613e-17  -3.0713203e-17  -1.1334360e-17  2.0407671e-18  6.8177682e-18  -1.2131206e-17  -2.3439307e-17  -4.9982144e-17  4.8107660e-17  -1.1267846e-16  
-8.4398363e-17  -1.1048274e-16  -9.5063566e-18  5.8597739e-18  -6.3993339e-19  2.0848657e-18  -6.1816464e-18  -2.8955821e-18  -1.1037686e-17  6.0191008e-17  6.5602702e-19  -8.4398363e-17  -1.1048274e-16  -9.5063566e-18  5.8597739e-18  -6.3993339e-19  2.0848657e-18  -6.1816464e-18  -2.8955821e-18  -1.1037686e-17  6.0191008e-17  6.5602702e-19  
1.2173007e-16  -9.2809347e-17  -1.3998278e-17  -2.4532192e-19  -7.0132210e-18  1.6217293e-17  1.7596315e-18  -2.9328516e-18  3.3949081e-18  1.7567463e-18  2.0944160e-17  1.2173007e-16  -9.2809347e-17  -1.3998278e-17  -2.4532192e-19  -7.0132210e-18  1.6217293e-17  1.7596315e-18  -2.9328516e-18  3.3949081e-18  1.7567463e-18  2.0944160e-17  
-1.3542363e-17  -9.8848745e-18  -2.3652972e-17  1.8100035e-16  -6.5907634e-18  8.3305690e-18  1.0053011e-17  1.2904547e-18  2.3147716e-17  4.9027114e-17  1.2668225e-17  -1.3542363e-17  -9.8848745e-18  -2.3652972e-17  1.8100035e-16  -6.5907634e-18  8.3305690e-18  1.0053011e-17  1.2904547e-18  2.3147716e-17  4.9027114e-17  1.2668225e-17  
-1.0357519e-17  1.0257273e-16  -3.3954798e-17  -1.7194345e-17  -1.1553953e-17  5.9197015e-17  -1.5996641e-17  -1.5650204e-17  -2.0177384e-18  1.0924607e-17  -1.2303365e-17  -1.0357519e-17  1.0257273e-16  -3.3954798e-17  -1.7194345e-17  -1.1553953e-17  5.9197015e-17  -1.5996641e-17  -1.5650204e-17  -2.0177384e-18  1.0924607e-17  -1.2303365e-17  
-4.5714368e-17  1.8611431e-17  -1.0342802e-17  2.0727320e-17  1.8987938e-17  1.3613514e-16  7.9663449e-18  3.5545738e-17  2.5222524e-18  2.2540606e-18  -9.0700288e-18  -4.5714368e-17  1.8611431e-17  -1.0342802e-17  2.0727320e-17  1.8987938e-17  1.3613514e-16  7.9663449e-18  3.5545738e-17  2.5222524e-18  2.2540606e-18  -9.0700288e-18  
1.0320122e-16  -2.2957981e-17  -3.5679214e-16  6.1760772e-17  5.7951877e-17  -9.7408789e-21  -3.0194183e-17  -3.8332900e-17  9.2212242e-18  1.4692210e-17  5.4675977e-19  1.0320122e-16  -2.2957981e-17  -3.5679214e-16  6.1760772e-17  5.7951877e-17  -9.7408789e-21  -3.0194183e-17  -3.8332900e-17  9.2212242e-18  1.4692210e-17  5.4675977e-19  
1.1445533e-18  -7.1633576e-18  2.0078916e-18  8.9192569e-19  1.6873743e-17  -8.8711455e-17  -1.0195990e-16  -2.2554793e-17  1.5429044e-16  -8.3581823e-17  5.6527167e-17  1.1445533e-18  -7.1633576e-18  2.0078916e-18  8.9192569e-19  1.6873743e-17  -8.8711455e-17  -1.0195990e-16  -2.2554793e-17  1.5429044e-16  -8.3581823e-17  5.6527167e-17  
1.7492501e-17  4.5416318e-18  2.9173615e-17  -8.4263896e-18  4.4532757e-18  5.3525706e-17  -1.0903061e-16  1.2149841e-17  3.0930679e-17  -4.7815857e-17  -2.8087189e-17  1.7492501e-17  4.5416318e-18  2.9173615e-17  -8.4263896e-18  4.4532757e-18  5.3525706e-17  -1.0903061e-16  1.2149841e-17  3.0930679e-17  -4.7815857e-17  -2.8087189e-17  
-1.2849278e-17  1.2572404e-17  1.3900869e-17  -2.3299092e-16  1.4538897e-17  -1.6981740e-17  8.4286131e-18  1.2060817e-16  5.3041203e-18  5.7385212e-17  -1.1272124e-16  -1.2849278e-17  1.2572404e-17  1.3900869e-17  -2.3299092e-16  1.4538897e-17  -1.6981740e-17  8.4286131e-18  1.2060817e-16  5.3041203e-18  5.7385212e-17  -1.1272124e-16  
7.2179913e-18  -3.2097255e-19  -7.4463619e-17  9.6856762e-18  9.7101739e-18  5.0375167e-17  -2.7642947e-17  -6.3628056e-17  1.5543055e-19  -5.0944797e-18  8.3691937e-17  7.2179913e-18  -3.2097255e-19  -7.4463619e-17  9.6856762e-18  9.7101739e-18  5.0375167e-17  -2.7642947e-17  -6.3628056e-17  1.5543055e-19  -5.0944797e-18  8.3691937e-17  
5.0051177e-18  4.0409613e-17  -3.0713203e-17  -1.1334360e-17  2.0407671e-18  6.8177682e-18  -1.2131206e-17  -2.3439307e-17  -4.9982144e-17  4.8107660e-17  -1.1267846e-16  5.0051177e-18  4.0409613e-17  -3.0713203e-17  -1.1334360e-17  2.0407671e-18  6.8177682e-18  -1.2131206e-17  -2.3439307e-17  -4.9982144e-17  4.8107660e-17  -1.1267846e-16  
-8.4398363e-17  -1.1048274e-16  -9.5063566e-18  5.8597739e-18  -6.3993339e-19  2.0848657e-18  -6.1816464e-18  -2.8955821e-18  -1.1037686e-17  6.0191008e-17  6.5602702e-19  -8.4398363e-17  -1.1048274e-16  -9.5063566e-18  5.8597739e-18  -6.3993339e-19  2.0848657e-18  -6.1816464e-18  -2.8955821e-18  -1.1037686e-17  6.0191008e-17  6.5602702e-19  
1.2173007e-16  -9.2809347e-17  -1.3998278e-17  -2.4532192e-19  -7.0132210e-18  1.6217293e-17  1.7596315e-18  -2.9328516e-18  3.3949081e-18  1.7567463e-18  2.0944160e-17  1.2173007e-16  -9.2809347e-17  -1.3998278e-17  -2.4532192e-19  -7.0132210e-18  1.6217293e-17  1.7596315e-18  -2.9328516e-18  3.3949081e-18  1.7567463e-18  2.0944160e-17  
-1.3542363e-17  -9.8848745e-18  -2.3652972e-17  1.8100035e-16  -6.5907634e-18  8.3305690e-18  1.0053011e-17  1.2904547e-18  2.3147716e-17  4.9027114e-17  1.2668225e-17  -1.3542363e-17  -9.8848745e-18  -2.3652972e-17  1.8100035e-16  -6.5907634e-18  8.3305690e-18  1.0053011e-17  1.2904547e-18  2.3147716e-17  4.9027114e-17  1.2668225e-17  
-1.0357519e-17  1.0257273e-16  -3.3954798e-17  -1.7194345e-17  -1.1553953e-17  5.9197015e-17  -1.5996641e-17  -1.5650204e-17  -2.0177384e-18  1.0924607e-17  -1.2303365e-17  -1.0357519e-17  1.0257273e-16  -3.3954798e-17  -1.7194345e-17  -1.1553953e-17  5.9197015e-17  -1.5996641e-17  -1.5650204e-17  -2.0177384e-18  1.0924607e-17  -1.2303365e-17  
-4.5714368e-17  1.8611431e-17  -1.0342802e-17  2.0727320e-17  1.8987938e-17  1.3613514e-16  7.9663449e-18  3.5545738e-17  2.5222524e-18  2.2540606e-18  -9.0700288e-18  -4.5714368e-17  1.8611431e-17  -1.0342802e-17  2.0727320e-17  1.8987938e-17  1.3613514e-16  7.9663449e-18  3.5545738e-17  2.5222524e-18  2.2540606e-18  -9.0700288e-18  
1.0320122e-16  -2.2957981e-17  -3.5679214e-16  6.1760772e-17  5.7951877e-17  -9.7408789e-21  -3.0194183e-17  -3.8332900e-17  9.2212242e-18  1.4692210e-17  5.4675977e-19  1.0320122e-16  -2.2957981e-17  -3.5679214e-16  6.1760772e-17  5.7951877e-17  -9.7408789e-21  -3.0194183e-17  -3.8332900e-17  9.2212242e-18  1.4692210e-17  5.4675977e-19  
