-1.1801287e-17  -9.7302910e-18  1.0058940e-17  5.4392221e-18  4.3969480e-18  -7.2001189e-17  5.7750283e-17  7.1918179e-17  1.2467478e-17  -1.1148902e-16  1.0633948e-16  -1.1801287e-17  -9.7302910e-18  1.0058940e-17  5.4392221e-18  4.3969480e-18  -7.2001189e-17  5.7750283e-17  7.1918179e-17  1.2467478e-17  -1.1148902e-16  1.0633948e-16  
1.0322791e-17  3.9195391e-18  -4.4476641e-18  1.8942833e-18  2.2139324e-17  -1.0595535e-17  -2.0826528e-17  -4.4880041e-18  3.6230352e-17  -3.5181937e-17  1.9249883e-18  1.0322791e-17  3.9195391e-18  -4.4476641e-18  1.8942833e-18  2.2139324e-17  -1.0595535e-17  -2.0826528e-17  -4.4880041e-18  3.6230352e-17  -3.5181937e-17  1.9249883e-18  
-1.1517954e-17  4.7562118e-17  3.6938260e-17  -4.8524426e-17  2.8295136e-18  5.8653643e-17  1.0881954e-16  5.2249227e-17  6.7788047e-17  1.3342167e-16  1.6905592e-16  -1.1517954e-17  4.7562118e-17  3.6938260e-17  -4.8524426e-17  2.8295136e-18  5.8653643e-17  1.0881954e-16  5.2249227e-17  6.7788047e-17  1.3342167e-16  1.6905592e-16  
-3.5124339e-18  1.1920242e-17  -3.6730816e-17  -5.3122995e-18  -1.9474240e-17  -3.1775382e-17  -1.0001707e-16  2.0864433e-16  6.3655267e-17  -4.4588873e-18  1.6552935e-16  -3.5124339e-18  1.1920242e-17  -3.6730816e-17  -5.3122995e-18  -1.9474240e-17  -3.1775382e-17  -1.0001707e-16  2.0864433e-16  6.3655267e-17  -4.4588873e-18  1.6552935e-16  
-1.7711035e-17  -7.0153386e-18  -7.1008890e-18  1.1244892e-18  -1.7837204e-17  9.0590174e-19  2.5553925e-18  -4.0616818e-18  -6.3901436e-17  -1.4450573e-16  9.7607842e-18  -1.7711035e-17  -7.0153386e-18  -7.1008890e-18  1.1244892e-18  -1.7837204e-17  9.0590174e-19  2.5553925e-18  -4.0616818e-18  -6.3901436e-17  -1.4450573e-16  9.7607842e-18  
2.0113644e-17  2.2816442e-16  4.1200106e-17  6.8290549e-17  -2.6673491e-17  2.2267437e-18  8.1603154e-18  -4.9991885e-18  5.2211111e-18  -1.1872014e-16  4.7391493e-19  2.0113644e-17  2.2816442e-16  4.1200106e-17  6.8290549e-17  -2.6673491e-17  2.2267437e-18  8.1603154e-18  -4.9991885e-18  5.2211111e-18  -1.1872014e-16  4.7391493e-19  
9.3071133e-17  -4.7342154e-17  -1.3922681e-17  8.0197285e-17  1.5056964e-17  -1.9366561e-17  1.9836453e-19  2.5881092e-18  7.0604431e-18  1.3536434e-17  -3.2707965e-17  9.3071133e-17  -4.7342154e-17  -1.3922681e-17  8.0197285e-17  1.5056964e-17  -1.9366561e-17  1.9836453e-19  2.5881092e-18  7.0604431e-18  1.3536434e-17  -3.2707965e-17  
2.1831427e-17  -1.3487729e-17  -7.0557845e-18  5.2697414e-17  2.2225086e-18  -8.1984319e-18  1.2133323e-17  7.8478661e-18  -1.3782073e-17  1.3112917e-17  -6.7076963e-17  2.1831427e-17  -1.3487729e-17  -7.0557845e-18  5.2697414e-17  2.2225086e-18  -8.1984319e-18  1.2133323e-17  7.8478661e-18  -1.3782073e-17  1.3112917e-17  -6.7076963e-17  
-1.0878529e-16  -1.5616789e-16  4.0368108e-17  2.8072789e-18  -3.7944535e-17  -1.6457850e-17  7.8807945e-18  -1.2664837e-17  -5.7386482e-20  -8.2433246e-18  3.3620855e-18  -1.0878529e-16  -1.5616789e-16  4.0368108e-17  2.8072789e-18  -3.7944535e-17  -1.6457850e-17  7.8807945e-18  -1.2664837e-17  -5.7386482e-20  -8.2433246e-18  3.3620855e-18  
-3.0189948e-17  -1.6149636e-17  1.6148725e-16  1.9733115e-17  -2.7834773e-17  6.6068570e-18  -1.1439180e-17  1.4319092e-17  1.1371206e-17  7.9188051e-18  2.2001681e-18  -3.0189948e-17  -1.6149636e-17  1.6148725e-16  1.9733115e-17  -2.7834773e-17  6.6068570e-18  -1.1439180e-17  1.4319092e-17  1.1371206e-17  7.9188051e-18  2.2001681e-18  
2.2847443e-17  3.1545625e-18  3.6033999e-16  -3.6381336e-17  -6.7285121e-17  1.5788694e-18  -1.5856457e-18  1.2421526e-16  -7.0454083e-18  -3.3036403e-18  -1.3645436e-18  2.2847443e-17  3.1545625e-18  3.6033999e-16  -3.6381336e-17  -6.7285121e-17  1.5788694e-18  -1.5856457e-18  1.2421526e-16  -7.0454083e-18  -3.3036403e-18  -1.3645436e-18  
-1.1801287e-17  -9.7302910e-18  1.0058940e-17  5.4392221e-18  4.3969480e-18  -7.2001189e-17  5.7750283e-17  7.1918179e-17  1.2467478e-17  -1.1148902e-16  1.0633948e-16  -1.1801287e-17  -9.7302910e-18  1.0058940e-17  5.4392221e-18  4.3969480e-18  -7.2001189e-17  5.7750283e-17  7.1918179e-17  1.2467478e-17  -1.1148902e-16  1.0633948e-16  
1.0322791e-17  3.9195391e-18  -4.4476641e-18  1.8942833e-18  2.2139324e-17  -1.0595535e-17  -2.0826528e-17  -4.4880041e-18  3.6230352e-17  -3.5181937e-17  1.9249883e-18  1.0322791e-17  3.9195391e-18  -4.4476641e-18  1.8942833e-18  2.2139324e-17  -1.0595535e-17  -2.0826528e-17  -4.4880041e-18  3.6230352e-17  -3.5181937e-17  1.9249883e-18  
-1.1517954e-17  4.7562118e-17  3.6938260e-17  -4.8524426e-17  2.8295136e-18  5.8653643e-17  1.0881954e-16  5.2249227e-17  6.7788047e-17  1.3342167e-16  1.6905592e-16  -1.1517954e-17  4.7562118e-17  3.6938260e-17  -4.8524426e-17  2.8295136e-18  5.8653643e-17  1.0881954e-16  5.2249227e-17  6.7788047e-17  1.3342167e-16  1.6905592e-16  
-3.5124339e-18  1.1920242e-17  -3.6730816e-17  -5.3122995e-18  -1.9474240e-17  -3.1775382e-17  -1.0001707e-16  2.0864433e-16  6.3655267e-17  -4.4588873e-18  1.6552935e-16  -3.5124339e-18  1.1920242e-17  -3.6730816e-17  -5.3122995e-18  -1.9474240e-17  -3.1775382e-17  -1.0001707e-16  2.0864433e-16  6.3655267e-17  -4.4588873e-18  1.6552935e-16  
-1.7711035e-17  -7.0153386e-18  -7.1008890e-18  1.1244892e-18  -1.7837204e-17  9.0590174e-19  2.5553925e-18  -4.0616818e-18  -6.3901436e-17  -1.4450573e-16  9.7607842e-18  -1.7711035e-17  -7.0153386e-18  -7.1008890e-18  1.1244892e-18  -1.7837204e-17  9.0590174e-19  2.5553925e-18  -4.0616818e-18  -6.3901436e-17  -1.4450573e-16  9.7607842e-18  
2.0113644e-17  2.2816442e-16  4.1200106e-17  6.8290549e-17  -2.6673491e-17  2.2267437e-18  8.1603154e-18  -4.9991885e-18  5.2211111e-18  -1.1872014e-16  4.7391493e-19  2.0113644e-17  2.2816442e-16  4.1200106e-17  6.8290549e-17  -2.6673491e-17  2.2267437e-18  8.1603154e-18  -4.9991885e-18  5.2211111e-18  -1.1872014e-16  4.7391493e-19  
9.3071133e-17  -4.7342154e-17  -1.3922681e-17  8.0197285e-17  1.5056964e-17  -1.9366561e-17  1.9836453e-19  2.5881092e-18  7.0604431e-18  1.3536434e-17  -3.2707965e-17  9.3071133e-17  -4.7342154e-17  -1.3922681e-17  8.0197285e-17  1.5056964e-17  -1.9366561e-17  1.9836453e-19  2.5881092e-18  7.0604431e-18  1.3536434e-17  -3.2707965e-17  
2.1831427e-17  -1.3487729e-17  -7.0557845e-18  5.2697414e-17  2.2225086e-18  -8.1984319e-18  1.2133323e-17  7.8478661e-18  -1.3782073e-17  1.3112917e-17  -6.7076963e-17  2.1831427e-17  -1.3487729e-17  -7.0557845e-18  5.2697414e-17  2.2225086e-18  -8.1984319e-18  1.2133323e-17  7.8478661e-18  -1.3782073e-17  1.3112917e-17  -6.7076963e-17  
-1.0878529e-16  -1.5616789e-16  4.0368108e-17  2.8072789e-18  -3.7944535e-17  -1.6457850e-17  7.8807945e-18  -1.2664837e-17  -5.7386482e-20  -8.2433246e-18  3.3620855e-18  -1.0878529e-16  -1.5616789e-16  4.0368108e-17  2.8072789e-18  -3.7944535e-17  -1.6457850e-17  7.8807945e-18  -1.2664837e-17  -5.7386482e-20  -8.2433246e-18  3.3620855e-18  
-3.0189948e-17  -1.6149636e-17  1.6148725e-16  1.9733115e-17  -2.7834773e-17  6.6068570e-18  -1.1439180e-17  1.4319092e-17  1.1371206e-17  7.9188051e-18  2.2001681e-18  -3.0189948e-17  -1.6149636e-17  1.6148725e-16  1.9733115e-17  -2.7834773e-17  6.6068570e-18  -1.1439180e-17  1.4319092e-17  1.1371206e-17  7.9188051e-18  2.2001681e-18  
2.2847443e-17  3.1545625e-18  3.6033999e-16  -3.6381336e-17  -6.7285121e-17  1.5788694e-18  -1.5856457e-18  1.2421526e-16  -7.0454083e-18  -3.3036403e-18  -1.3645436e-18  2.2847443e-17  3.1545625e-18  3.6033999e-16  -3.6381336e-17  -6.7285121e-17  1.5788694e-18  -1.5856457e-18  1.2421526e-16  -7.0454083e-18  -3.3036403e-18  -1.3645436e-18  
