6.6195625e-19  -5.1109968e-18  -7.7355284e-19  5.3227550e-18  -5.3845884e-18  1.4230154e-19  1.3507126e-16  -2.1734865e-18  -2.6939883e-17  -8.9592581e-17  -2.8561104e-17  6.6195625e-19  -5.1109968e-18  -7.7355284e-19  5.3227550e-18  -5.3845884e-18  1.4230154e-19  1.3507126e-16  -2.1734865e-18  -2.6939883e-17  -8.9592581e-17  -2.8561104e-17  
1.8123964e-17  -7.5378785e-18  1.7717812e-17  6.5920339e-18  2.0369554e-18  5.6744855e-18  -1.7150300e-16  -1.0835711e-16  -1.4448476e-17  6.9520229e-19  -6.7651992e-18  1.8123964e-17  -7.5378785e-18  1.7717812e-17  6.5920339e-18  2.0369554e-18  5.6744855e-18  -1.7150300e-16  -1.0835711e-16  -1.4448476e-17  6.9520229e-19  -6.7651992e-18  
4.3522670e-18  2.1743336e-18  -1.2206274e-18  6.3791103e-17  -3.8596115e-17  -6.2756671e-18  -9.8221941e-18  2.3010074e-17  -6.2537395e-17  2.6656392e-18  8.8038305e-18  4.3522670e-18  2.1743336e-18  -1.2206274e-18  6.3791103e-17  -3.8596115e-17  -6.2756671e-18  -9.8221941e-18  2.3010074e-17  -6.2537395e-17  2.6656392e-18  8.8038305e-18  
3.5736320e-18  2.9343339e-18  -1.4574155e-17  1.4809551e-17  1.1118790e-17  -4.3681066e-17  -3.4076135e-18  -3.5839658e-17  -4.4029196e-17  -5.1025323e-16  4.7225742e-16  3.5736320e-18  2.9343339e-18  -1.4574155e-17  1.4809551e-17  1.1118790e-17  -4.3681066e-17  -3.4076135e-18  -3.5839658e-17  -4.4029196e-17  -5.1025323e-16  4.7225742e-16  
5.2710860e-18  -1.8980685e-17  -1.6604810e-17  1.3366603e-17  2.9831071e-17  4.4589085e-17  -1.2163711e-17  1.0672615e-17  2.1482661e-17  3.4052101e-17  -5.2427740e-17  5.2710860e-18  -1.8980685e-17  -1.6604810e-17  1.3366603e-17  2.9831071e-17  4.4589085e-17  -1.2163711e-17  1.0672615e-17  2.1482661e-17  3.4052101e-17  -5.2427740e-17  
1.2422585e-17  -4.1466921e-17  -1.6425028e-17  1.5908126e-17  -4.8177540e-17  1.6349721e-18  -1.5159349e-17  3.0002966e-18  -2.2226145e-18  -1.6830545e-18  3.8099436e-17  1.2422585e-17  -4.1466921e-17  -1.6425028e-17  1.5908126e-17  -4.8177540e-17  1.6349721e-18  -1.5159349e-17  3.0002966e-18  -2.2226145e-18  -1.6830545e-18  3.8099436e-17  
1.4999259e-17  9.9202593e-17  6.7279827e-18  5.0982913e-18  -9.4563817e-18  -1.5301227e-17  -3.8554822e-18  -4.1347066e-17  -3.0213665e-18  8.6192590e-17  2.6851580e-17  1.4999259e-17  9.9202593e-17  6.7279827e-18  5.0982913e-18  -9.4563817e-18  -1.5301227e-17  -3.8554822e-18  -4.1347066e-17  -3.0213665e-18  8.6192590e-17  2.6851580e-17  
2.7952087e-18  -4.7073009e-17  -1.4676963e-17  -3.3042755e-17  -3.3805085e-18  -5.2026881e-18  -1.3032449e-17  1.9185296e-19  3.2678531e-18  1.9913745e-18  -2.2262143e-18  2.7952087e-18  -4.7073009e-17  -1.4676963e-17  -3.3042755e-17  -3.3805085e-18  -5.2026881e-18  -1.3032449e-17  1.9185296e-19  3.2678531e-18  1.9913745e-18  -2.2262143e-18  
-1.9199696e-17  1.4365255e-17  1.1756182e-17  1.5907702e-16  4.7723954e-17  4.3969480e-18  -6.9456702e-20  1.6203740e-18  1.3831519e-18  -5.3624491e-17  4.5232618e-17  -1.9199696e-17  1.4365255e-17  1.1756182e-17  1.5907702e-16  4.7723954e-17  4.3969480e-18  -6.9456702e-20  1.6203740e-18  1.3831519e-18  -5.3624491e-17  4.5232618e-17  
1.2821379e-16  -4.5741367e-18  -3.0357396e-18  -1.6149914e-16  -4.4195003e-17  -2.2631662e-18  8.9340800e-18  -6.3927694e-18  -1.6871626e-17  1.9181458e-18  9.5337529e-19  1.2821379e-16  -4.5741367e-18  -3.0357396e-18  -1.6149914e-16  -4.4195003e-17  -2.2631662e-18  8.9340800e-18  -6.3927694e-18  -1.6871626e-17  1.9181458e-18  9.5337529e-19  
-7.8868932e-17  -2.1811098e-20  1.7615691e-17  -2.6074207e-16  -4.7098579e-17  3.2007999e-17  1.1471579e-17  -5.9389715e-18  1.0057775e-17  -5.6568301e-18  2.9908733e-18  -7.8868932e-17  -2.1811098e-20  1.7615691e-17  -2.6074207e-16  -4.7098579e-17  3.2007999e-17  1.1471579e-17  -5.9389715e-18  1.0057775e-17  -5.6568301e-18  2.9908733e-18  
6.6195625e-19  -5.1109968e-18  -7.7355284e-19  5.3227550e-18  -5.3845884e-18  1.4230154e-19  1.3507126e-16  -2.1734865e-18  -2.6939883e-17  -8.9592581e-17  -2.8561104e-17  6.6195625e-19  -5.1109968e-18  -7.7355284e-19  5.3227550e-18  -5.3845884e-18  1.4230154e-19  1.3507126e-16  -2.1734865e-18  -2.6939883e-17  -8.9592581e-17  -2.8561104e-17  
1.8123964e-17  -7.5378785e-18  1.7717812e-17  6.5920339e-18  2.0369554e-18  5.6744855e-18  -1.7150300e-16  -1.0835711e-16  -1.4448476e-17  6.9520229e-19  -6.7651992e-18  1.8123964e-17  -7.5378785e-18  1.7717812e-17  6.5920339e-18  2.0369554e-18  5.6744855e-18  -1.7150300e-16  -1.0835711e-16  -1.4448476e-17  6.9520229e-19  -6.7651992e-18  
4.3522670e-18  2.1743336e-18  -1.2206274e-18  6.3791103e-17  -3.8596115e-17  -6.2756671e-18  -9.8221941e-18  2.3010074e-17  -6.2537395e-17  2.6656392e-18  8.8038305e-18  4.3522670e-18  2.1743336e-18  -1.2206274e-18  6.3791103e-17  -3.8596115e-17  -6.2756671e-18  -9.8221941e-18  2.3010074e-17  -6.2537395e-17  2.6656392e-18  8.8038305e-18  
3.5736320e-18  2.9343339e-18  -1.4574155e-17  1.4809551e-17  1.1118790e-17  -4.3681066e-17  -3.4076135e-18  -3.5839658e-17  -4.4029196e-17  -5.1025323e-16  4.7225742e-16  3.5736320e-18  2.9343339e-18  -1.4574155e-17  1.4809551e-17  1.1118790e-17  -4.3681066e-17  -3.4076135e-18  -3.5839658e-17  -4.4029196e-17  -5.1025323e-16  4.7225742e-16  
5.2710860e-18  -1.8980685e-17  -1.6604810e-17  1.3366603e-17  2.9831071e-17  4.4589085e-17  -1.2163711e-17  1.0672615e-17  2.1482661e-17  3.4052101e-17  -5.2427740e-17  5.2710860e-18  -1.8980685e-17  -1.6604810e-17  1.3366603e-17  2.9831071e-17  4.4589085e-17  -1.2163711e-17  1.0672615e-17  2.1482661e-17  3.4052101e-17  -5.2427740e-17  
1.2422585e-17  -4.1466921e-17  -1.6425028e-17  1.5908126e-17  -4.8177540e-17  1.6349721e-18  -1.5159349e-17  3.0002966e-18  -2.2226145e-18  -1.6830545e-18  3.8099436e-17  1.2422585e-17  -4.1466921e-17  -1.6425028e-17  1.5908126e-17  -4.8177540e-17  1.6349721e-18  -1.5159349e-17  3.0002966e-18  -2.2226145e-18  -1.6830545e-18  3.8099436e-17  
1.4999259e-17  9.9202593e-17  6.7279827e-18  5.0982913e-18  -9.4563817e-18  -1.5301227e-17  -3.8554822e-18  -4.1347066e-17  -3.0213665e-18  8.6192590e-17  2.6851580e-17  1.4999259e-17  9.9202593e-17  6.7279827e-18  5.0982913e-18  -9.4563817e-18  -1.5301227e-17  -3.8554822e-18  -4.1347066e-17  -3.0213665e-18  8.6192590e-17  2.6851580e-17  
2.7952087e-18  -4.7073009e-17  -1.4676963e-17  -3.3042755e-17  -3.3805085e-18  -5.2026881e-18  -1.3032449e-17  1.9185296e-19  3.2678531e-18  1.9913745e-18  -2.2262143e-18  2.7952087e-18  -4.7073009e-17  -1.4676963e-17  -3.3042755e-17  -3.3805085e-18  -5.2026881e-18  -1.3032449e-17  1.9185296e-19  3.2678531e-18  1.9913745e-18  -2.2262143e-18  
-1.9199696e-17  1.4365255e-17  1.1756182e-17  1.5907702e-16  4.7723954e-17  4.3969480e-18  -6.9456702e-20  1.6203740e-18  1.3831519e-18  -5.3624491e-17  4.5232618e-17  -1.9199696e-17  1.4365255e-17  1.1756182e-17  1.5907702e-16  4.7723954e-17  4.3969480e-18  -6.9456702e-20  1.6203740e-18  1.3831519e-18  -5.3624491e-17  4.5232618e-17  
1.2821379e-16  -4.5741367e-18  -3.0357396e-18  -1.6149914e-16  -4.4195003e-17  -2.2631662e-18  8.9340800e-18  -6.3927694e-18  -1.6871626e-17  1.9181458e-18  9.5337529e-19  1.2821379e-16  -4.5741367e-18  -3.0357396e-18  -1.6149914e-16  -4.4195003e-17  -2.2631662e-18  8.9340800e-18  -6.3927694e-18  -1.6871626e-17  1.9181458e-18  9.5337529e-19  
-7.8868932e-17  -2.1811098e-20  1.7615691e-17  -2.6074207e-16  -4.7098579e-17  3.2007999e-17  1.1471579e-17  -5.9389715e-18  1.0057775e-17  -5.6568301e-18  2.9908733e-18  -7.8868932e-17  -2.1811098e-20  1.7615691e-17  -2.6074207e-16  -4.7098579e-17  3.2007999e-17  1.1471579e-17  -5.9389715e-18  1.0057775e-17  -5.6568301e-18  2.9908733e-18  
