2.1679808e-18  7.7825387e-18  -5.3308019e-18  -2.3242584e-17  -6.0541680e-19  -1.2847796e-17  -1.9625753e-18  -8.4870160e-17  -1.8836319e-17  2.2487031e-17  -3.3678030e-18  2.1679808e-18  7.7825387e-18  -5.3308019e-18  -2.3242584e-17  -6.0541680e-19  -1.2847796e-17  -1.9625753e-18  -8.4870160e-17  -1.8836319e-17  2.2487031e-17  -3.3678030e-18  
9.2973724e-17  6.2392447e-18  -3.2737823e-18  -1.2852878e-17  7.7223994e-18  2.8502659e-18  -1.7946934e-17  5.3273396e-17  3.6831534e-17  -1.9020972e-17  2.6358818e-17  9.2973724e-17  6.2392447e-18  -3.2737823e-18  -1.2852878e-17  7.7223994e-18  2.8502659e-18  -1.7946934e-17  5.3273396e-17  3.6831534e-17  -1.9020972e-17  2.6358818e-17  
-3.3610267e-18  -1.6449380e-18  -5.6099257e-18  -9.8860603e-17  2.7036498e-17  -4.2870984e-18  3.1983964e-18  3.9639236e-17  7.2970830e-18  -2.5744296e-17  9.6883629e-18  -3.3610267e-18  -1.6449380e-18  -5.6099257e-18  -9.8860603e-17  2.7036498e-17  -4.2870984e-18  3.1983964e-18  3.9639236e-17  7.2970830e-18  -2.5744296e-17  9.6883629e-18  
1.6313855e-17  7.0151269e-18  -2.1675573e-18  -6.1541179e-18  4.6303056e-18  9.0353004e-17  -4.3046214e-18  4.6940025e-17  -2.6079297e-17  7.2844833e-18  3.3576386e-18  1.6313855e-17  7.0151269e-18  -2.1675573e-18  -6.1541179e-18  4.6303056e-18  9.0353004e-17  -4.3046214e-18  4.6940025e-17  -2.6079297e-17  7.2844833e-18  3.3576386e-18  
-8.8034252e-18  -7.7774565e-18  -2.2971798e-17  -3.9272683e-18  -3.9655965e-18  -1.4590143e-19  -3.0323780e-18  -2.3234114e-17  -4.5760214e-17  9.9510278e-17  5.5080435e-18  -8.8034252e-18  -7.7774565e-18  -2.2971798e-17  -3.9272683e-18  -3.9655965e-18  -1.4590143e-19  -3.0323780e-18  -2.3234114e-17  -4.5760214e-17  9.9510278e-17  5.5080435e-18  
-4.6762148e-17  7.8960411e-18  4.5583846e-17  5.0069812e-17  1.5862810e-18  -5.5770105e-18  4.2055186e-19  2.6177553e-18  4.2678179e-17  5.8318218e-18  -1.1948247e-17  -4.6762148e-17  7.8960411e-18  4.5583846e-17  5.0069812e-17  1.5862810e-18  -5.5770105e-18  4.2055186e-19  2.6177553e-18  4.2678179e-17  5.8318218e-18  -1.1948247e-17  
2.6236422e-17  2.0980498e-16  -1.7740046e-17  1.0537090e-18  4.6217823e-18  1.3117893e-18  8.4378775e-18  -2.9538156e-18  -1.0720261e-18  2.8375604e-19  2.5539060e-16  2.6236422e-17  2.0980498e-16  -1.7740046e-17  1.0537090e-18  4.6217823e-18  1.3117893e-18  8.4378775e-18  -2.9538156e-18  -1.0720261e-18  2.8375604e-19  2.5539060e-16  
1.1426898e-17  3.1588267e-17  2.5236076e-17  -3.3100354e-17  -9.5951892e-18  2.0707838e-17  -2.3743392e-17  -7.4935946e-20  6.3984234e-17  -4.5125680e-18  5.6348867e-18  1.1426898e-17  3.1588267e-17  2.5236076e-17  -3.3100354e-17  -9.5951892e-18  2.0707838e-17  -2.3743392e-17  -7.4935946e-20  6.3984234e-17  -4.5125680e-18  5.6348867e-18  
-3.6070898e-18  3.5516091e-18  2.7345612e-17  -5.5268053e-17  -2.0341814e-17  -1.1295290e-17  2.6081203e-18  -9.9030645e-17  5.8457714e-18  5.9902170e-18  8.2437482e-18  -3.6070898e-18  3.5516091e-18  2.7345612e-17  -5.5268053e-17  -2.0341814e-17  -1.1295290e-17  2.6081203e-18  -9.9030645e-17  5.8457714e-18  5.9902170e-18  8.2437482e-18  
-8.9260332e-18  -9.1072982e-18  2.8167234e-17  5.1499603e-19  1.4051430e-17  -1.0386318e-17  5.6158284e-18  -6.9810338e-18  -7.1997801e-18  2.8849148e-18  2.5770977e-18  -8.9260332e-18  -9.1072982e-18  2.8167234e-17  5.1499603e-19  1.4051430e-17  -1.0386318e-17  5.6158284e-18  -6.9810338e-18  -7.1997801e-18  2.8849148e-18  2.5770977e-18  
-4.4282882e-18  1.0230464e-17  -1.4266152e-18  2.6427428e-18  -4.3584080e-18  -8.9823609e-18  8.8887426e-17  -4.3135153e-19  8.3208282e-18  -7.0388438e-19  -3.7647968e-18  -4.4282882e-18  1.0230464e-17  -1.4266152e-18  2.6427428e-18  -4.3584080e-18  -8.9823609e-18  8.8887426e-17  -4.3135153e-19  8.3208282e-18  -7.0388438e-19  -3.7647968e-18  
2.1679808e-18  7.7825387e-18  -5.3308019e-18  -2.3242584e-17  -6.0541680e-19  -1.2847796e-17  -1.9625753e-18  -8.4870160e-17  -1.8836319e-17  2.2487031e-17  -3.3678030e-18  2.1679808e-18  7.7825387e-18  -5.3308019e-18  -2.3242584e-17  -6.0541680e-19  -1.2847796e-17  -1.9625753e-18  -8.4870160e-17  -1.8836319e-17  2.2487031e-17  -3.3678030e-18  
9.2973724e-17  6.2392447e-18  -3.2737823e-18  -1.2852878e-17  7.7223994e-18  2.8502659e-18  -1.7946934e-17  5.3273396e-17  3.6831534e-17  -1.9020972e-17  2.6358818e-17  9.2973724e-17  6.2392447e-18  -3.2737823e-18  -1.2852878e-17  7.7223994e-18  2.8502659e-18  -1.7946934e-17  5.3273396e-17  3.6831534e-17  -1.9020972e-17  2.6358818e-17  
-3.3610267e-18  -1.6449380e-18  -5.6099257e-18  -9.8860603e-17  2.7036498e-17  -4.2870984e-18  3.1983964e-18  3.9639236e-17  7.2970830e-18  -2.5744296e-17  9.6883629e-18  -3.3610267e-18  -1.6449380e-18  -5.6099257e-18  -9.8860603e-17  2.7036498e-17  -4.2870984e-18  3.1983964e-18  3.9639236e-17  7.2970830e-18  -2.5744296e-17  9.6883629e-18  
1.6313855e-17  7.0151269e-18  -2.1675573e-18  -6.1541179e-18  4.6303056e-18  9.0353004e-17  -4.3046214e-18  4.6940025e-17  -2.6079297e-17  7.2844833e-18  3.3576386e-18  1.6313855e-17  7.0151269e-18  -2.1675573e-18  -6.1541179e-18  4.6303056e-18  9.0353004e-17  -4.3046214e-18  4.6940025e-17  -2.6079297e-17  7.2844833e-18  3.3576386e-18  
-8.8034252e-18  -7.7774565e-18  -2.2971798e-17  -3.9272683e-18  -3.9655965e-18  -1.4590143e-19  -3.0323780e-18  -2.3234114e-17  -4.5760214e-17  9.9510278e-17  5.5080435e-18  -8.8034252e-18  -7.7774565e-18  -2.2971798e-17  -3.9272683e-18  -3.9655965e-18  -1.4590143e-19  -3.0323780e-18  -2.3234114e-17  -4.5760214e-17  9.9510278e-17  5.5080435e-18  
-4.6762148e-17  7.8960411e-18  4.5583846e-17  5.0069812e-17  1.5862810e-18  -5.5770105e-18  4.2055186e-19  2.6177553e-18  4.2678179e-17  5.8318218e-18  -1.1948247e-17  -4.6762148e-17  7.8960411e-18  4.5583846e-17  5.0069812e-17  1.5862810e-18  -5.5770105e-18  4.2055186e-19  2.6177553e-18  4.2678179e-17  5.8318218e-18  -1.1948247e-17  
2.6236422e-17  2.0980498e-16  -1.7740046e-17  1.0537090e-18  4.6217823e-18  1.3117893e-18  8.4378775e-18  -2.9538156e-18  -1.0720261e-18  2.8375604e-19  2.5539060e-16  2.6236422e-17  2.0980498e-16  -1.7740046e-17  1.0537090e-18  4.6217823e-18  1.3117893e-18  8.4378775e-18  -2.9538156e-18  -1.0720261e-18  2.8375604e-19  2.5539060e-16  
1.1426898e-17  3.1588267e-17  2.5236076e-17  -3.3100354e-17  -9.5951892e-18  2.0707838e-17  -2.3743392e-17  -7.4935946e-20  6.3984234e-17  -4.5125680e-18  5.6348867e-18  1.1426898e-17  3.1588267e-17  2.5236076e-17  -3.3100354e-17  -9.5951892e-18  2.0707838e-17  -2.3743392e-17  -7.4935946e-20  6.3984234e-17  -4.5125680e-18  5.6348867e-18  
-3.6070898e-18  3.5516091e-18  2.7345612e-17  -5.5268053e-17  -2.0341814e-17  -1.1295290e-17  2.6081203e-18  -9.9030645e-17  5.8457714e-18  5.9902170e-18  8.2437482e-18  -3.6070898e-18  3.5516091e-18  2.7345612e-17  -5.5268053e-17  -2.0341814e-17  -1.1295290e-17  2.6081203e-18  -9.9030645e-17  5.8457714e-18  5.9902170e-18  8.2437482e-18  
-8.9260332e-18  -9.1072982e-18  2.8167234e-17  5.1499603e-19  1.4051430e-17  -1.0386318e-17  5.6158284e-18  -6.9810338e-18  -7.1997801e-18  2.8849148e-18  2.5770977e-18  -8.9260332e-18  -9.1072982e-18  2.8167234e-17  5.1499603e-19  1.4051430e-17  -1.0386318e-17  5.6158284e-18  -6.9810338e-18  -7.1997801e-18  2.8849148e-18  2.5770977e-18  
-4.4282882e-18  1.0230464e-17  -1.4266152e-18  2.6427428e-18  -4.3584080e-18  -8.9823609e-18  8.8887426e-17  -4.3135153e-19  8.3208282e-18  -7.0388438e-19  -3.7647968e-18  -4.4282882e-18  1.0230464e-17  -1.4266152e-18  2.6427428e-18  -4.3584080e-18  -8.9823609e-18  8.8887426e-17  -4.3135153e-19  8.3208282e-18  -7.0388438e-19  -3.7647968e-18  
