-6.1886345e-19  -7.5923798e-18  -2.6078027e-18  9.2855987e-18  5.6581801e-19  3.7766499e-17  5.9397338e-17  4.9466724e-19  -1.3368721e-17  1.1698541e-16  2.1794158e-17  -6.1886345e-19  -7.5923798e-18  -2.6078027e-18  9.2855987e-18  5.6581801e-19  3.7766499e-17  5.9397338e-17  4.9466724e-19  -1.3368721e-17  1.1698541e-16  2.1794158e-17  
1.6116072e-17  4.8028489e-18  -1.3049813e-17  2.7731806e-17  5.0096970e-18  2.7496648e-17  -1.3728583e-16  -3.0198842e-17  -1.5378942e-17  -1.9194190e-17  -1.1629762e-18  1.6116072e-17  4.8028489e-18  -1.3049813e-17  2.7731806e-17  5.0096970e-18  2.7496648e-17  -1.3728583e-16  -3.0198842e-17  -1.5378942e-17  -1.9194190e-17  -1.1629762e-18  
4.6661457e-18  -5.9560710e-18  2.2771925e-17  1.3341775e-17  1.6579399e-17  2.3832093e-17  -5.2342401e-18  -2.9809207e-18  -1.1934160e-16  -8.0953903e-17  -8.3309926e-17  4.6661457e-18  -5.9560710e-18  2.2771925e-17  1.3341775e-17  1.6579399e-17  2.3832093e-17  -5.2342401e-18  -2.9809207e-18  -1.1934160e-16  -8.0953903e-17  -8.3309926e-17  
-1.0604852e-18  -1.8400097e-17  2.8714205e-17  -6.4615379e-19  -8.8239657e-19  4.1488508e-17  -2.2566440e-17  -1.4395325e-18  -5.4516364e-17  4.1779530e-17  1.4236316e-16  -1.0604852e-18  -1.8400097e-17  2.8714205e-17  -6.4615379e-19  -8.8239657e-19  4.1488508e-17  -2.2566440e-17  -1.4395325e-18  -5.4516364e-17  4.1779530e-17  1.4236316e-16  
3.9310799e-18  -1.0236023e-17  3.7117831e-17  2.0374319e-17  -1.2414452e-17  -2.6077378e-17  2.2251556e-18  2.0613394e-17  -2.3333005e-17  -1.1760311e-16  1.1047808e-16  3.9310799e-18  -1.0236023e-17  3.7117831e-17  2.0374319e-17  -1.2414452e-17  -2.6077378e-17  2.2251556e-18  2.0613394e-17  -2.3333005e-17  -1.1760311e-16  1.1047808e-16  
-2.1700584e-17  -1.1709155e-17  3.1674107e-17  1.0689698e-17  -2.3711404e-17  -3.0843456e-19  -2.2085418e-17  -2.0420509e-18  -3.8838165e-18  3.6216098e-17  -3.8753941e-18  -2.1700584e-17  -1.1709155e-17  3.1674107e-17  1.0689698e-17  -2.3711404e-17  -3.0843456e-19  -2.2085418e-17  -2.0420509e-18  -3.8838165e-18  3.6216098e-17  -3.8753941e-18  
-2.2029633e-17  -8.7675110e-17  -7.9320400e-18  -1.8655477e-17  -9.2114833e-18  -3.2891626e-17  5.0012002e-19  -2.4250553e-18  4.2775164e-19  -1.1674655e-17  5.3360958e-18  -2.2029633e-17  -8.7675110e-17  -7.9320400e-18  -1.8655477e-17  -9.2114833e-18  -3.2891626e-17  5.0012002e-19  -2.4250553e-18  4.2775164e-19  -1.1674655e-17  5.3360958e-18  
6.4001809e-18  -7.1077076e-17  3.1047993e-18  -7.8774064e-20  2.1387582e-17  -1.1356859e-18  2.3877859e-18  9.1426619e-19  -6.4234744e-18  -2.5839587e-17  -1.6229151e-17  6.4001809e-18  -7.1077076e-17  3.1047993e-18  -7.8774064e-20  2.1387582e-17  -1.1356859e-18  2.3877859e-18  9.1426619e-19  -6.4234744e-18  -2.5839587e-17  -1.6229151e-17  
9.8852980e-18  -1.2363928e-17  -2.1119231e-17  -6.0606796e-18  3.2543376e-17  2.2510761e-18  -2.4051501e-18  -3.0980230e-18  1.0580500e-18  1.8647960e-18  -5.9525240e-19  9.8852980e-18  -1.2363928e-17  -2.1119231e-17  -6.0606796e-18  3.2543376e-17  2.2510761e-18  -2.4051501e-18  -3.0980230e-18  1.0580500e-18  1.8647960e-18  -5.9525240e-19  
-2.7889534e-16  6.2504255e-17  -6.1077111e-17  -3.4057765e-17  8.9722388e-17  2.8455996e-17  2.5924926e-17  -3.9708905e-18  -2.1953506e-18  3.3900806e-18  8.2845116e-18  -2.7889534e-16  6.2504255e-17  -6.1077111e-17  -3.4057765e-17  8.9722388e-17  2.8455996e-17  2.5924926e-17  -3.9708905e-18  -2.1953506e-18  3.3900806e-18  8.2845116e-18  
6.5643359e-17  1.5534584e-18  1.6938647e-16  3.8971562e-17  -6.7769412e-17  -1.9182914e-18  -6.5984925e-18  2.0659134e-18  -4.2182241e-18  -9.1083570e-18  -3.6366830e-19  6.5643359e-17  1.5534584e-18  1.6938647e-16  3.8971562e-17  -6.7769412e-17  -1.9182914e-18  -6.5984925e-18  2.0659134e-18  -4.2182241e-18  -9.1083570e-18  -3.6366830e-19  
-6.1886345e-19  -7.5923798e-18  -2.6078027e-18  9.2855987e-18  5.6581801e-19  3.7766499e-17  5.9397338e-17  4.9466724e-19  -1.3368721e-17  1.1698541e-16  2.1794158e-17  -6.1886345e-19  -7.5923798e-18  -2.6078027e-18  9.2855987e-18  5.6581801e-19  3.7766499e-17  5.9397338e-17  4.9466724e-19  -1.3368721e-17  1.1698541e-16  2.1794158e-17  
1.6116072e-17  4.8028489e-18  -1.3049813e-17  2.7731806e-17  5.0096970e-18  2.7496648e-17  -1.3728583e-16  -3.0198842e-17  -1.5378942e-17  -1.9194190e-17  -1.1629762e-18  1.6116072e-17  4.8028489e-18  -1.3049813e-17  2.7731806e-17  5.0096970e-18  2.7496648e-17  -1.3728583e-16  -3.0198842e-17  -1.5378942e-17  -1.9194190e-17  -1.1629762e-18  
4.6661457e-18  -5.9560710e-18  2.2771925e-17  1.3341775e-17  1.6579399e-17  2.3832093e-17  -5.2342401e-18  -2.9809207e-18  -1.1934160e-16  -8.0953903e-17  -8.3309926e-17  4.6661457e-18  -5.9560710e-18  2.2771925e-17  1.3341775e-17  1.6579399e-17  2.3832093e-17  -5.2342401e-18  -2.9809207e-18  -1.1934160e-16  -8.0953903e-17  -8.3309926e-17  
-1.0604852e-18  -1.8400097e-17  2.8714205e-17  -6.4615379e-19  -8.8239657e-19  4.1488508e-17  -2.2566440e-17  -1.4395325e-18  -5.4516364e-17  4.1779530e-17  1.4236316e-16  -1.0604852e-18  -1.8400097e-17  2.8714205e-17  -6.4615379e-19  -8.8239657e-19  4.1488508e-17  -2.2566440e-17  -1.4395325e-18  -5.4516364e-17  4.1779530e-17  1.4236316e-16  
3.9310799e-18  -1.0236023e-17  3.7117831e-17  2.0374319e-17  -1.2414452e-17  -2.6077378e-17  2.2251556e-18  2.0613394e-17  -2.3333005e-17  -1.1760311e-16  1.1047808e-16  3.9310799e-18  -1.0236023e-17  3.7117831e-17  2.0374319e-17  -1.2414452e-17  -2.6077378e-17  2.2251556e-18  2.0613394e-17  -2.3333005e-17  -1.1760311e-16  1.1047808e-16  
-2.1700584e-17  -1.1709155e-17  3.1674107e-17  1.0689698e-17  -2.3711404e-17  -3.0843456e-19  -2.2085418e-17  -2.0420509e-18  -3.8838165e-18  3.6216098e-17  -3.8753941e-18  -2.1700584e-17  -1.1709155e-17  3.1674107e-17  1.0689698e-17  -2.3711404e-17  -3.0843456e-19  -2.2085418e-17  -2.0420509e-18  -3.8838165e-18  3.6216098e-17  -3.8753941e-18  
-2.2029633e-17  -8.7675110e-17  -7.9320400e-18  -1.8655477e-17  -9.2114833e-18  -3.2891626e-17  5.0012002e-19  -2.4250553e-18  4.2775164e-19  -1.1674655e-17  5.3360958e-18  -2.2029633e-17  -8.7675110e-17  -7.9320400e-18  -1.8655477e-17  -9.2114833e-18  -3.2891626e-17  5.0012002e-19  -2.4250553e-18  4.2775164e-19  -1.1674655e-17  5.3360958e-18  
6.4001809e-18  -7.1077076e-17  3.1047993e-18  -7.8774064e-20  2.1387582e-17  -1.1356859e-18  2.3877859e-18  9.1426619e-19  -6.4234744e-18  -2.5839587e-17  -1.6229151e-17  6.4001809e-18  -7.1077076e-17  3.1047993e-18  -7.8774064e-20  2.1387582e-17  -1.1356859e-18  2.3877859e-18  9.1426619e-19  -6.4234744e-18  -2.5839587e-17  -1.6229151e-17  
9.8852980e-18  -1.2363928e-17  -2.1119231e-17  -6.0606796e-18  3.2543376e-17  2.2510761e-18  -2.4051501e-18  -3.0980230e-18  1.0580500e-18  1.8647960e-18  -5.9525240e-19  9.8852980e-18  -1.2363928e-17  -2.1119231e-17  -6.0606796e-18  3.2543376e-17  2.2510761e-18  -2.4051501e-18  -3.0980230e-18  1.0580500e-18  1.8647960e-18  -5.9525240e-19  
-2.7889534e-16  6.2504255e-17  -6.1077111e-17  -3.4057765e-17  8.9722388e-17  2.8455996e-17  2.5924926e-17  -3.9708905e-18  -2.1953506e-18  3.3900806e-18  8.2845116e-18  -2.7889534e-16  6.2504255e-17  -6.1077111e-17  -3.4057765e-17  8.9722388e-17  2.8455996e-17  2.5924926e-17  -3.9708905e-18  -2.1953506e-18  3.3900806e-18  8.2845116e-18  
6.5643359e-17  1.5534584e-18  1.6938647e-16  3.8971562e-17  -6.7769412e-17  -1.9182914e-18  -6.5984925e-18  2.0659134e-18  -4.2182241e-18  -9.1083570e-18  -3.6366830e-19  6.5643359e-17  1.5534584e-18  1.6938647e-16  3.8971562e-17  -6.7769412e-17  -1.9182914e-18  -6.5984925e-18  2.0659134e-18  -4.2182241e-18  -9.1083570e-18  -3.6366830e-19  
