-0.99888268  -0.040536243  0.011492585  0.0087655589  0.0017779109  0.0011917412  -0.00064860943  0.0026785897  -0.00094049094  0.0025297474  0.0015092385  -0.99888268  -0.040536243  0.011492585  0.0087655589  0.0017779109  0.0011917412  -0.00064860943  0.0026785897  -0.00094049094  0.0025297474  0.0015092385  
-0.040656514  0.99877175  -0.019845517  -0.0018976332  0.00057217702  -3.9239206e-05  -0.0042393468  -0.0026459169  0.0020619394  -0.0013667694  0.0025388696  -0.040656514  0.99877175  -0.019845517  -0.0018976332  0.00057217702  -3.9239206e-05  -0.0042393468  -0.0026459169  0.0020619394  -0.0013667694  0.0025388696  
0.011034068  0.020333092  0.99896081  0.035656101  0.0039487082  -0.00075517818  0.0050617827  0.0019430299  0.0015231767  -0.00078884417  0.00038659273  0.011034068  0.020333092  0.99896081  0.035656101  0.0039487082  -0.00075517818  0.0050617827  0.0019430299  0.0015231767  -0.00078884417  0.00038659273  
0.0083495413  0.0014567705  -0.035776917  0.99911739  0.0067771187  0.0027208868  0.0032468746  -0.0065819610  -0.0014287890  0.0038361812  -0.00070878195  0.0083495413  0.0014567705  -0.035776917  0.99911739  0.0067771187  0.0027208868  0.0032468746  -0.0065819610  -0.0014287890  0.0038361812  -0.00070878195  
0.0017242882  -0.00057341544  -0.0036914314  -0.0068173382  0.99983456  0.0055736448  -0.0031294276  0.00041054602  0.0023516162  -0.00074793465  0.00042160903  0.0017242882  -0.00057341544  -0.0036914314  -0.0068173382  0.99983456  0.0055736448  -0.0031294276  0.00041054602  0.0023516162  -0.00074793465  0.00042160903  
0.0011468987  0.00011850313  0.00089773106  -0.0026471101  -0.0055925961  0.99984413  -0.0038440954  0.0015630530  -0.010058197  -0.0059400176  0.00047404971  0.0011468987  0.00011850313  0.00089773106  -0.0026471101  -0.0055925961  0.99984413  -0.0038440954  0.0015630530  -0.010058197  -0.0059400176  0.00047404971  
0.00094823979  -0.0041048899  0.0050232620  0.0034674176  -0.0030354755  -0.0039763923  -0.99972615  0.0022468254  -0.014064109  -0.00059104948  0.012776938  0.00094823979  -0.0041048899  0.0050232620  0.0034674176  -0.0030354755  -0.0039763923  -0.99972615  0.0022468254  -0.014064109  -0.00059104948  0.012776938  
-0.0026490847  -0.0026283928  0.0023023195  -0.0065473174  0.00040411383  0.0013400318  -0.0021504806  -0.99970563  -0.017167397  0.0049439036  -0.0080836017  -0.0026490847  -0.0026283928  0.0023023195  -0.0065473174  0.00040411383  0.0013400318  -0.0021504806  -0.99970563  -0.017167397  0.0049439036  -0.0080836017  
0.00093993284  0.0022829885  0.0014834338  -0.0015007749  0.0024965694  -0.0098312715  0.014130764  0.017334024  -0.99895103  0.035454450  0.00030793554  0.00093993284  0.0022829885  0.0014834338  -0.0015007749  0.0024965694  -0.0098312715  0.014130764  0.017334024  -0.99895103  0.035454450  0.00030793554  
0.0024661356  0.0012999441  0.00083091152  -0.0038094210  0.00065566684  0.0061900692  -0.00061154812  0.0040716999  0.035489831  0.99841014  0.041118024  0.0024661356  0.0012999441  0.00083091152  -0.0038094210  0.00065566684  0.0061900692  -0.00061154812  0.0040716999  0.035489831  0.99841014  0.041118024  
-0.0016012926  0.0025176602  0.00045219538  -0.00075060701  0.00044718419  0.00068998465  -0.012718520  0.0082570467  0.0011589038  0.041054262  -0.99891954  -0.0016012926  0.0025176602  0.00045219538  -0.00075060701  0.00044718419  0.00068998465  -0.012718520  0.0082570467  0.0011589038  0.041054262  -0.99891954  
-0.99888268  -0.040536243  0.011492585  0.0087655589  0.0017779109  0.0011917412  -0.00064860943  0.0026785897  -0.00094049094  0.0025297474  0.0015092385  -0.99888268  -0.040536243  0.011492585  0.0087655589  0.0017779109  0.0011917412  -0.00064860943  0.0026785897  -0.00094049094  0.0025297474  0.0015092385  
-0.040656514  0.99877175  -0.019845517  -0.0018976332  0.00057217702  -3.9239206e-05  -0.0042393468  -0.0026459169  0.0020619394  -0.0013667694  0.0025388696  -0.040656514  0.99877175  -0.019845517  -0.0018976332  0.00057217702  -3.9239206e-05  -0.0042393468  -0.0026459169  0.0020619394  -0.0013667694  0.0025388696  
0.011034068  0.020333092  0.99896081  0.035656101  0.0039487082  -0.00075517818  0.0050617827  0.0019430299  0.0015231767  -0.00078884417  0.00038659273  0.011034068  0.020333092  0.99896081  0.035656101  0.0039487082  -0.00075517818  0.0050617827  0.0019430299  0.0015231767  -0.00078884417  0.00038659273  
0.0083495413  0.0014567705  -0.035776917  0.99911739  0.0067771187  0.0027208868  0.0032468746  -0.0065819610  -0.0014287890  0.0038361812  -0.00070878195  0.0083495413  0.0014567705  -0.035776917  0.99911739  0.0067771187  0.0027208868  0.0032468746  -0.0065819610  -0.0014287890  0.0038361812  -0.00070878195  
0.0017242882  -0.00057341544  -0.0036914314  -0.0068173382  0.99983456  0.0055736448  -0.0031294276  0.00041054602  0.0023516162  -0.00074793465  0.00042160903  0.0017242882  -0.00057341544  -0.0036914314  -0.0068173382  0.99983456  0.0055736448  -0.0031294276  0.00041054602  0.0023516162  -0.00074793465  0.00042160903  
0.0011468987  0.00011850313  0.00089773106  -0.0026471101  -0.0055925961  0.99984413  -0.0038440954  0.0015630530  -0.010058197  -0.0059400176  0.00047404971  0.0011468987  0.00011850313  0.00089773106  -0.0026471101  -0.0055925961  0.99984413  -0.0038440954  0.0015630530  -0.010058197  -0.0059400176  0.00047404971  
0.00094823979  -0.0041048899  0.0050232620  0.0034674176  -0.0030354755  -0.0039763923  -0.99972615  0.0022468254  -0.014064109  -0.00059104948  0.012776938  0.00094823979  -0.0041048899  0.0050232620  0.0034674176  -0.0030354755  -0.0039763923  -0.99972615  0.0022468254  -0.014064109  -0.00059104948  0.012776938  
-0.0026490847  -0.0026283928  0.0023023195  -0.0065473174  0.00040411383  0.0013400318  -0.0021504806  -0.99970563  -0.017167397  0.0049439036  -0.0080836017  -0.0026490847  -0.0026283928  0.0023023195  -0.0065473174  0.00040411383  0.0013400318  -0.0021504806  -0.99970563  -0.017167397  0.0049439036  -0.0080836017  
0.00093993284  0.0022829885  0.0014834338  -0.0015007749  0.0024965694  -0.0098312715  0.014130764  0.017334024  -0.99895103  0.035454450  0.00030793554  0.00093993284  0.0022829885  0.0014834338  -0.0015007749  0.0024965694  -0.0098312715  0.014130764  0.017334024  -0.99895103  0.035454450  0.00030793554  
0.0024661356  0.0012999441  0.00083091152  -0.0038094210  0.00065566684  0.0061900692  -0.00061154812  0.0040716999  0.035489831  0.99841014  0.041118024  0.0024661356  0.0012999441  0.00083091152  -0.0038094210  0.00065566684  0.0061900692  -0.00061154812  0.0040716999  0.035489831  0.99841014  0.041118024  
-0.0016012926  0.0025176602  0.00045219538  -0.00075060701  0.00044718419  0.00068998465  -0.012718520  0.0082570467  0.0011589038  0.041054262  -0.99891954  -0.0016012926  0.0025176602  0.00045219538  -0.00075060701  0.00044718419  0.00068998465  -0.012718520  0.0082570467  0.0011589038  0.041054262  -0.99891954  
