-0.99712523  0.066096213  0.016543386  0.0039737486  0.0015376348  0.013910011  -0.0019479247  5.6511151e-05  -0.0026831286  -0.00035629466  0.00029242645  -0.99712523  0.066096213  0.016543386  0.0039737486  0.0015376348  0.013910011  -0.0019479247  5.6511151e-05  -0.0026831286  -0.00035629466  0.00029242645  
0.066081849  0.99736002  -0.012568341  -0.00083258225  -0.0037591234  0.0034056501  0.0036990720  -0.0032546313  0.0020497866  -0.0026961808  -0.00022910755  0.066081849  0.99736002  -0.012568341  -0.00083258225  -0.0037591234  0.0034056501  0.0036990720  -0.0032546313  0.0020497866  -0.0026961808  -0.00022910755  
-0.018087094  -0.010947713  -0.99789398  -0.046547773  0.0037761736  0.0037927623  -0.0099777933  -0.00069758017  0.0026784050  0.0010513146  -6.1443020e-06  -0.018087094  -0.010947713  -0.99789398  -0.046547773  0.0037761736  0.0037927623  -0.0099777933  -0.00069758017  0.0026784050  0.0010513146  -6.1443020e-06  
-0.0033484328  0.00020216735  0.046948853  -0.99846297  0.0036461889  -0.0070780270  -0.0051656063  0.0029776283  -0.0018301517  -0.0012906258  0.0024390579  -0.0033484328  0.00020216735  0.046948853  -0.99846297  0.0036461889  -0.0070780270  -0.0051656063  0.0029776283  -0.0018301517  -0.0012906258  0.0024390579  
-0.0019436803  -0.0036369228  -0.0033891930  -0.0036373362  -0.99957902  0.0041560985  0.0069098066  0.0039175451  -0.00086914572  0.0018321800  0.00082692279  -0.0019436803  -0.0036369228  -0.0033891930  -0.0036373362  -0.99957902  0.0041560985  0.0069098066  0.0039175451  -0.00086914572  0.0018321800  0.00082692279  
-0.013725972  0.0038746280  -0.0049640063  0.0064347362  -0.0035733702  -0.99478740  0.090317399  -0.0062582288  -0.0055057835  -0.036258567  0.0042963655  -0.013725972  0.0038746280  -0.0049640063  0.0064347362  -0.0035733702  -0.99478740  0.090317399  -0.0062582288  -0.0055057835  -0.036258567  0.0042963655  
-0.0012182046  -0.0039143629  -0.0091085882  -0.0061566011  0.0073347373  0.090696694  0.99499243  0.012680580  -0.017497939  -0.0092399441  0.017524862  -0.0012182046  -0.0039143629  -0.0091085882  -0.0061566011  0.0073347373  0.090696694  0.99499243  0.012680580  -0.017497939  -0.0092399441  0.017524862  
0.00024312482  -0.0030730832  0.00030089740  -0.0027712968  -0.0035015505  0.0077034620  0.0097066144  -0.99141682  -0.12748460  0.0056729491  0.010078929  0.00024312482  -0.0030730832  0.00030089740  -0.0027712968  -0.0035015505  0.0077034620  0.0097066144  -0.99141682  -0.12748460  0.0056729491  0.010078929  
-0.0028386682  -0.0023118593  0.0028175140  -0.0023091093  -0.0014141256  -0.0023522935  0.019546993  -0.12810015  0.99018107  -0.022038985  -0.032855611  -0.0028386682  -0.0023118593  0.0028175140  -0.0023091093  -0.0014141256  -0.0023522935  0.019546993  -0.12810015  0.99018107  -0.022038985  -0.032855611  
-0.00066992526  0.0027406731  0.00086724097  -0.0011302284  0.0016960126  -0.035448700  0.013156708  0.0026762005  0.022170618  0.99860638  -0.0076882610  -0.00066992526  0.0027406731  0.00086724097  -0.0011302284  0.0016960126  -0.035448700  0.013156708  0.0026762005  0.022170618  0.99860638  -0.0076882610  
0.00051962500  0.00018447873  -0.00023960751  0.0025547965  0.00081619278  0.0027548319  -0.016454664  0.0062578662  0.036154510  0.0066525506  0.99692888  0.00051962500  0.00018447873  -0.00023960751  0.0025547965  0.00081619278  0.0027548319  -0.016454664  0.0062578662  0.036154510  0.0066525506  0.99692888  
-0.99712523  0.066096213  0.016543386  0.0039737486  0.0015376348  0.013910011  -0.0019479247  5.6511151e-05  -0.0026831286  -0.00035629466  0.00029242645  -0.99712523  0.066096213  0.016543386  0.0039737486  0.0015376348  0.013910011  -0.0019479247  5.6511151e-05  -0.0026831286  -0.00035629466  0.00029242645  
0.066081849  0.99736002  -0.012568341  -0.00083258225  -0.0037591234  0.0034056501  0.0036990720  -0.0032546313  0.0020497866  -0.0026961808  -0.00022910755  0.066081849  0.99736002  -0.012568341  -0.00083258225  -0.0037591234  0.0034056501  0.0036990720  -0.0032546313  0.0020497866  -0.0026961808  -0.00022910755  
-0.018087094  -0.010947713  -0.99789398  -0.046547773  0.0037761736  0.0037927623  -0.0099777933  -0.00069758017  0.0026784050  0.0010513146  -6.1443020e-06  -0.018087094  -0.010947713  -0.99789398  -0.046547773  0.0037761736  0.0037927623  -0.0099777933  -0.00069758017  0.0026784050  0.0010513146  -6.1443020e-06  
-0.0033484328  0.00020216735  0.046948853  -0.99846297  0.0036461889  -0.0070780270  -0.0051656063  0.0029776283  -0.0018301517  -0.0012906258  0.0024390579  -0.0033484328  0.00020216735  0.046948853  -0.99846297  0.0036461889  -0.0070780270  -0.0051656063  0.0029776283  -0.0018301517  -0.0012906258  0.0024390579  
-0.0019436803  -0.0036369228  -0.0033891930  -0.0036373362  -0.99957902  0.0041560985  0.0069098066  0.0039175451  -0.00086914572  0.0018321800  0.00082692279  -0.0019436803  -0.0036369228  -0.0033891930  -0.0036373362  -0.99957902  0.0041560985  0.0069098066  0.0039175451  -0.00086914572  0.0018321800  0.00082692279  
-0.013725972  0.0038746280  -0.0049640063  0.0064347362  -0.0035733702  -0.99478740  0.090317399  -0.0062582288  -0.0055057835  -0.036258567  0.0042963655  -0.013725972  0.0038746280  -0.0049640063  0.0064347362  -0.0035733702  -0.99478740  0.090317399  -0.0062582288  -0.0055057835  -0.036258567  0.0042963655  
-0.0012182046  -0.0039143629  -0.0091085882  -0.0061566011  0.0073347373  0.090696694  0.99499243  0.012680580  -0.017497939  -0.0092399441  0.017524862  -0.0012182046  -0.0039143629  -0.0091085882  -0.0061566011  0.0073347373  0.090696694  0.99499243  0.012680580  -0.017497939  -0.0092399441  0.017524862  
0.00024312482  -0.0030730832  0.00030089740  -0.0027712968  -0.0035015505  0.0077034620  0.0097066144  -0.99141682  -0.12748460  0.0056729491  0.010078929  0.00024312482  -0.0030730832  0.00030089740  -0.0027712968  -0.0035015505  0.0077034620  0.0097066144  -0.99141682  -0.12748460  0.0056729491  0.010078929  
-0.0028386682  -0.0023118593  0.0028175140  -0.0023091093  -0.0014141256  -0.0023522935  0.019546993  -0.12810015  0.99018107  -0.022038985  -0.032855611  -0.0028386682  -0.0023118593  0.0028175140  -0.0023091093  -0.0014141256  -0.0023522935  0.019546993  -0.12810015  0.99018107  -0.022038985  -0.032855611  
-0.00066992526  0.0027406731  0.00086724097  -0.0011302284  0.0016960126  -0.035448700  0.013156708  0.0026762005  0.022170618  0.99860638  -0.0076882610  -0.00066992526  0.0027406731  0.00086724097  -0.0011302284  0.0016960126  -0.035448700  0.013156708  0.0026762005  0.022170618  0.99860638  -0.0076882610  
0.00051962500  0.00018447873  -0.00023960751  0.0025547965  0.00081619278  0.0027548319  -0.016454664  0.0062578662  0.036154510  0.0066525506  0.99692888  0.00051962500  0.00018447873  -0.00023960751  0.0025547965  0.00081619278  0.0027548319  -0.016454664  0.0062578662  0.036154510  0.0066525506  0.99692888  
