-0.99985311  0.0024239584  -0.0022771857  -0.0054514196  0.0013942995  0.0030159753  -0.0050526523  -0.0024373781  0.0018648587  -0.00032424178  0.0024877579  -0.99985311  0.0024239584  -0.0022771857  -0.0054514196  0.0013942995  0.0030159753  -0.0050526523  -0.0024373781  0.0018648587  -0.00032424178  0.0024877579  
-0.0022751995  -0.99938613  -0.026593874  -0.015419343  -0.0026252638  -0.0013774067  -0.0048858207  0.00041748993  0.0042032481  -0.0025666628  -0.00076420751  -0.0022751995  -0.99938613  -0.026593874  -0.015419343  -0.0026252638  -0.0013774067  -0.0048858207  0.00041748993  0.0042032481  -0.0025666628  -0.00076420751  
0.0024411255  0.026714180  -0.99928199  -0.015345618  0.0043514947  -0.0044691133  0.00078886364  -0.00076214587  0.0015022898  0.00089658968  -0.0034966744  0.0024411255  0.026714180  -0.99928199  -0.015345618  0.0043514947  -0.0044691133  0.00078886364  -0.00076214587  0.0015022898  0.00089658968  -0.0034966744  
-0.0054138674  -0.014921006  -0.015802764  0.99949569  -0.012320329  0.00024273482  -0.0057812505  0.00080586406  -0.0038031792  0.00039400682  -0.0011474825  -0.0054138674  -0.014921006  -0.015802764  0.99949569  -0.012320329  0.00024273482  -0.0057812505  0.00080586406  -0.0038031792  0.00039400682  -0.0011474825  
0.0013335266  -0.0029672299  0.0041306681  0.012307502  0.99972519  0.0053409739  -0.00012816109  0.0033709442  -0.0021558099  -0.00099147393  0.00022969706  0.0013335266  -0.0029672299  0.0041306681  0.012307502  0.99972519  0.0053409739  -0.00012816109  0.0033709442  -0.0021558099  -0.00099147393  0.00022969706  
0.0030051492  -0.0012502843  -0.0044421632  -0.00037624722  -0.0053877682  0.99980401  0.0037256706  0.011578012  0.0042477665  -0.0070173178  0.0039843445  0.0030051492  -0.0012502843  -0.0044421632  -0.00037624722  -0.0053877682  0.99980401  0.0037256706  0.011578012  0.0042477665  -0.0070173178  0.0039843445  
0.0051041635  0.0049971231  -0.00052542120  -0.0056737478  -8.3523013e-05  0.0036662068  -0.99983747  0.0069860794  0.0028017631  0.0015401324  -0.0074866543  0.0051041635  0.0049971231  -0.00052542120  -0.0056737478  -8.3523013e-05  0.0036662068  -0.99983747  0.0069860794  0.0028017631  0.0015401324  -0.0074866543  
-0.0024469228  0.00059134107  -0.00066928091  -0.00070543756  -0.0032409436  -0.011812357  0.0070178722  0.99934140  0.031358072  -0.0058496760  -0.00083879468  -0.0024469228  0.00059134107  -0.00066928091  -0.00070543756  -0.0032409436  -0.011812357  0.0070178722  0.99934140  0.031358072  -0.0058496760  -0.00083879468  
-0.0019098947  -0.0040964169  -0.0015620024  -0.0038511203  -0.0021782278  0.0039254531  -0.0025371766  0.031483578  -0.99908610  0.016720516  0.0080102093  -0.0019098947  -0.0040964169  -0.0015620024  -0.0038511203  -0.0021782278  0.0039254531  -0.0025371766  0.031483578  -0.99908610  0.016720516  0.0080102093  
-0.00034974610  -0.0025329317  0.00088710356  -0.00031464616  0.0010375732  0.0069393221  0.0017460895  0.0054425836  0.016819295  0.99958641  -0.012026641  -0.00034974610  -0.0025329317  0.00088710356  -0.00031464616  0.0010375732  0.0069393221  0.0017460895  0.0054425836  0.016819295  0.99958641  -0.012026641  
-0.0025702489  0.00071605560  0.0034896273  -0.0011190715  0.00018517293  0.0039595105  0.0074871886  -0.00066680177  -0.0082602265  -0.011926075  -0.99976913  -0.0025702489  0.00071605560  0.0034896273  -0.0011190715  0.00018517293  0.0039595105  0.0074871886  -0.00066680177  -0.0082602265  -0.011926075  -0.99976913  
-0.99985311  0.0024239584  -0.0022771857  -0.0054514196  0.0013942995  0.0030159753  -0.0050526523  -0.0024373781  0.0018648587  -0.00032424178  0.0024877579  -0.99985311  0.0024239584  -0.0022771857  -0.0054514196  0.0013942995  0.0030159753  -0.0050526523  -0.0024373781  0.0018648587  -0.00032424178  0.0024877579  
-0.0022751995  -0.99938613  -0.026593874  -0.015419343  -0.0026252638  -0.0013774067  -0.0048858207  0.00041748993  0.0042032481  -0.0025666628  -0.00076420751  -0.0022751995  -0.99938613  -0.026593874  -0.015419343  -0.0026252638  -0.0013774067  -0.0048858207  0.00041748993  0.0042032481  -0.0025666628  -0.00076420751  
0.0024411255  0.026714180  -0.99928199  -0.015345618  0.0043514947  -0.0044691133  0.00078886364  -0.00076214587  0.0015022898  0.00089658968  -0.0034966744  0.0024411255  0.026714180  -0.99928199  -0.015345618  0.0043514947  -0.0044691133  0.00078886364  -0.00076214587  0.0015022898  0.00089658968  -0.0034966744  
-0.0054138674  -0.014921006  -0.015802764  0.99949569  -0.012320329  0.00024273482  -0.0057812505  0.00080586406  -0.0038031792  0.00039400682  -0.0011474825  -0.0054138674  -0.014921006  -0.015802764  0.99949569  -0.012320329  0.00024273482  -0.0057812505  0.00080586406  -0.0038031792  0.00039400682  -0.0011474825  
0.0013335266  -0.0029672299  0.0041306681  0.012307502  0.99972519  0.0053409739  -0.00012816109  0.0033709442  -0.0021558099  -0.00099147393  0.00022969706  0.0013335266  -0.0029672299  0.0041306681  0.012307502  0.99972519  0.0053409739  -0.00012816109  0.0033709442  -0.0021558099  -0.00099147393  0.00022969706  
0.0030051492  -0.0012502843  -0.0044421632  -0.00037624722  -0.0053877682  0.99980401  0.0037256706  0.011578012  0.0042477665  -0.0070173178  0.0039843445  0.0030051492  -0.0012502843  -0.0044421632  -0.00037624722  -0.0053877682  0.99980401  0.0037256706  0.011578012  0.0042477665  -0.0070173178  0.0039843445  
0.0051041635  0.0049971231  -0.00052542120  -0.0056737478  -8.3523013e-05  0.0036662068  -0.99983747  0.0069860794  0.0028017631  0.0015401324  -0.0074866543  0.0051041635  0.0049971231  -0.00052542120  -0.0056737478  -8.3523013e-05  0.0036662068  -0.99983747  0.0069860794  0.0028017631  0.0015401324  -0.0074866543  
-0.0024469228  0.00059134107  -0.00066928091  -0.00070543756  -0.0032409436  -0.011812357  0.0070178722  0.99934140  0.031358072  -0.0058496760  -0.00083879468  -0.0024469228  0.00059134107  -0.00066928091  -0.00070543756  -0.0032409436  -0.011812357  0.0070178722  0.99934140  0.031358072  -0.0058496760  -0.00083879468  
-0.0019098947  -0.0040964169  -0.0015620024  -0.0038511203  -0.0021782278  0.0039254531  -0.0025371766  0.031483578  -0.99908610  0.016720516  0.0080102093  -0.0019098947  -0.0040964169  -0.0015620024  -0.0038511203  -0.0021782278  0.0039254531  -0.0025371766  0.031483578  -0.99908610  0.016720516  0.0080102093  
-0.00034974610  -0.0025329317  0.00088710356  -0.00031464616  0.0010375732  0.0069393221  0.0017460895  0.0054425836  0.016819295  0.99958641  -0.012026641  -0.00034974610  -0.0025329317  0.00088710356  -0.00031464616  0.0010375732  0.0069393221  0.0017460895  0.0054425836  0.016819295  0.99958641  -0.012026641  
-0.0025702489  0.00071605560  0.0034896273  -0.0011190715  0.00018517293  0.0039595105  0.0074871886  -0.00066680177  -0.0082602265  -0.011926075  -0.99976913  -0.0025702489  0.00071605560  0.0034896273  -0.0011190715  0.00018517293  0.0039595105  0.0074871886  -0.00066680177  -0.0082602265  -0.011926075  -0.99976913  
