0.99966194  -0.0031666691  0.00021687081  -0.0018694288  0.00051635339  -0.0041620805  0.00043667425  0.00038820811  -0.0012159011  0.0037856794  0.0012055225  0.99966194  -0.0031666691  0.00021687081  -0.0018694288  0.00051635339  -0.0041620805  0.00043667425  0.00038820811  -0.0012159011  0.0037856794  0.0012055225  
0.0035403763  0.99957804  -0.0048227012  0.0058038749  -0.0013653890  0.0078224860  0.0041637199  -0.0043807767  0.0057103501  -0.0038295576  -0.0023035916  0.0035403763  0.99957804  -0.0048227012  0.0058038749  -0.0013653890  0.0078224860  0.0041637199  -0.0043807767  0.0057103501  -0.0038295576  -0.0023035916  
0.00033110871  -0.0048854443  -0.99506760  0.043824204  0.083024809  -0.0044274529  0.0026493232  -0.0098023961  -0.0050342412  -0.0013561907  0.00087201100  0.00033110871  -0.0048854443  -0.99506760  0.043824204  0.083024809  -0.0044274529  0.0026493232  -0.0098023961  -0.0050342412  -0.0013561907  0.00087201100  
-0.0018077057  0.0055724995  -0.042982337  -0.99841819  0.010578397  0.0081755088  -0.0072683870  -0.0013447300  0.0010780926  -0.0079216827  0.0043160567  -0.0018077057  0.0055724995  -0.042982337  -0.99841819  0.010578397  0.0081755088  -0.0072683870  -0.0013447300  0.0010780926  -0.0079216827  0.0043160567  
-0.00046612456  0.0016092968  0.083189577  0.0070184690  0.99608544  0.0012419804  -0.0056718308  0.00078026632  0.018107882  0.0027344041  0.0039149114  -0.00046612456  0.0016092968  0.083189577  0.0070184690  0.99608544  0.0012419804  -0.0056718308  0.00078026632  0.018107882  0.0027344041  0.0039149114  
-0.0042007704  0.0080031719  0.0041386628  -0.0083744876  0.00099593162  -0.99968190  0.00093036158  0.0046861925  -0.0051641376  0.0087772467  0.0015387417  -0.0042007704  0.0080031719  0.0041386628  -0.0083744876  0.00099593162  -0.99968190  0.00093036158  0.0046861925  -0.0051641376  0.0087772467  0.0015387417  
-0.0011354620  -1.3788452e-05  0.0085185124  -0.0059703330  0.015667888  0.0032694743  0.71783576  -0.22179381  -0.65935634  0.014929239  -0.0043271754  -0.0011354620  -1.3788452e-05  0.0085185124  -0.0059703330  0.015667888  0.0032694743  0.71783576  -0.22179381  -0.65935634  0.014929239  -0.0043271754  
0.00017154085  0.0041694448  0.0061320361  0.0053235483  0.0072362571  -4.3135008e-05  -0.68144484  -0.39526864  -0.61054396  -0.079272982  -0.00027198546  0.00017154085  0.0041694448  0.0061320361  0.0053235483  0.0072362571  -4.3135008e-05  -0.68144484  -0.39526864  -0.61054396  -0.079272982  -0.00027198546  
-0.0014877725  0.0075803262  -0.0065866545  -0.0017522736  0.0064645165  0.0080412869  -0.13622753  0.86698343  -0.43526958  0.19977482  -0.0014856303  -0.0014877725  0.0075803262  -0.0065866545  -0.0017522736  0.0064645165  0.0080412869  -0.13622753  0.86698343  -0.43526958  0.19977482  -0.0014856303  
-0.0034717703  0.0026528182  -0.00036663694  -0.0070976059  -0.0036394661  0.0074857636  -0.038489593  -0.20623298  0.049615232  0.97628299  -0.00090164475  -0.0034717703  0.0026528182  -0.00036663694  -0.0070976059  -0.0036394661  0.0074857636  -0.038489593  -0.20623298  0.049615232  0.97628299  -0.00090164475  
0.0012034479  -0.0023106793  -0.00076265627  -0.0042379607  0.0039774193  -0.0015926531  -0.0027913748  -2.3447722e-05  0.0036785644  -0.0012583467  -0.99971713  0.0012034479  -0.0023106793  -0.00076265627  -0.0042379607  0.0039774193  -0.0015926531  -0.0027913748  -2.3447722e-05  0.0036785644  -0.0012583467  -0.99971713  
0.99966194  -0.0031666691  0.00021687081  -0.0018694288  0.00051635339  -0.0041620805  0.00043667425  0.00038820811  -0.0012159011  0.0037856794  0.0012055225  0.99966194  -0.0031666691  0.00021687081  -0.0018694288  0.00051635339  -0.0041620805  0.00043667425  0.00038820811  -0.0012159011  0.0037856794  0.0012055225  
0.0035403763  0.99957804  -0.0048227012  0.0058038749  -0.0013653890  0.0078224860  0.0041637199  -0.0043807767  0.0057103501  -0.0038295576  -0.0023035916  0.0035403763  0.99957804  -0.0048227012  0.0058038749  -0.0013653890  0.0078224860  0.0041637199  -0.0043807767  0.0057103501  -0.0038295576  -0.0023035916  
0.00033110871  -0.0048854443  -0.99506760  0.043824204  0.083024809  -0.0044274529  0.0026493232  -0.0098023961  -0.0050342412  -0.0013561907  0.00087201100  0.00033110871  -0.0048854443  -0.99506760  0.043824204  0.083024809  -0.0044274529  0.0026493232  -0.0098023961  -0.0050342412  -0.0013561907  0.00087201100  
-0.0018077057  0.0055724995  -0.042982337  -0.99841819  0.010578397  0.0081755088  -0.0072683870  -0.0013447300  0.0010780926  -0.0079216827  0.0043160567  -0.0018077057  0.0055724995  -0.042982337  -0.99841819  0.010578397  0.0081755088  -0.0072683870  -0.0013447300  0.0010780926  -0.0079216827  0.0043160567  
-0.00046612456  0.0016092968  0.083189577  0.0070184690  0.99608544  0.0012419804  -0.0056718308  0.00078026632  0.018107882  0.0027344041  0.0039149114  -0.00046612456  0.0016092968  0.083189577  0.0070184690  0.99608544  0.0012419804  -0.0056718308  0.00078026632  0.018107882  0.0027344041  0.0039149114  
-0.0042007704  0.0080031719  0.0041386628  -0.0083744876  0.00099593162  -0.99968190  0.00093036158  0.0046861925  -0.0051641376  0.0087772467  0.0015387417  -0.0042007704  0.0080031719  0.0041386628  -0.0083744876  0.00099593162  -0.99968190  0.00093036158  0.0046861925  -0.0051641376  0.0087772467  0.0015387417  
-0.0011354620  -1.3788452e-05  0.0085185124  -0.0059703330  0.015667888  0.0032694743  0.71783576  -0.22179381  -0.65935634  0.014929239  -0.0043271754  -0.0011354620  -1.3788452e-05  0.0085185124  -0.0059703330  0.015667888  0.0032694743  0.71783576  -0.22179381  -0.65935634  0.014929239  -0.0043271754  
0.00017154085  0.0041694448  0.0061320361  0.0053235483  0.0072362571  -4.3135008e-05  -0.68144484  -0.39526864  -0.61054396  -0.079272982  -0.00027198546  0.00017154085  0.0041694448  0.0061320361  0.0053235483  0.0072362571  -4.3135008e-05  -0.68144484  -0.39526864  -0.61054396  -0.079272982  -0.00027198546  
-0.0014877725  0.0075803262  -0.0065866545  -0.0017522736  0.0064645165  0.0080412869  -0.13622753  0.86698343  -0.43526958  0.19977482  -0.0014856303  -0.0014877725  0.0075803262  -0.0065866545  -0.0017522736  0.0064645165  0.0080412869  -0.13622753  0.86698343  -0.43526958  0.19977482  -0.0014856303  
-0.0034717703  0.0026528182  -0.00036663694  -0.0070976059  -0.0036394661  0.0074857636  -0.038489593  -0.20623298  0.049615232  0.97628299  -0.00090164475  -0.0034717703  0.0026528182  -0.00036663694  -0.0070976059  -0.0036394661  0.0074857636  -0.038489593  -0.20623298  0.049615232  0.97628299  -0.00090164475  
0.0012034479  -0.0023106793  -0.00076265627  -0.0042379607  0.0039774193  -0.0015926531  -0.0027913748  -2.3447722e-05  0.0036785644  -0.0012583467  -0.99971713  0.0012034479  -0.0023106793  -0.00076265627  -0.0042379607  0.0039774193  -0.0015926531  -0.0027913748  -2.3447722e-05  0.0036785644  -0.0012583467  -0.99971713  
