0.99955065  -0.0077888948  -0.0010449327  0.0040314594  -0.0029974385  -0.0060554749  -0.0077250428  -0.0081930547  -0.0030567968  0.00074268212  0.00051157530  0.99955065  -0.0077888948  -0.0010449327  0.0040314594  -0.0029974385  -0.0060554749  -0.0077250428  -0.0081930547  -0.0030567968  0.00074268212  0.00051157530  
-0.0077429815  -0.99945142  0.014961578  -0.0031950465  -0.0050377094  -0.00038658033  0.00068897399  0.0043305724  0.0027340250  -0.0037247480  -0.0062650428  -0.0077429815  -0.99945142  0.014961578  -0.0031950465  -0.0050377094  -0.00038658033  0.00068897399  0.0043305724  0.0027340250  -0.0037247480  -0.0062650428  
-0.00066975098  -0.015173260  -0.99565638  -0.055415269  0.065518822  -0.0048358163  0.0038176176  -0.0025380631  0.0064042218  -0.0058812147  0.0031918758  -0.00066975098  -0.015173260  -0.99565638  -0.055415269  0.065518822  -0.0048358163  0.0038176176  -0.0025380631  0.0064042218  -0.0058812147  0.0031918758  
0.0038530310  0.0043645231  0.050428213  -0.99539780  -0.072084102  -0.016371974  -0.0041376194  -0.0010045481  0.0021265576  0.0059879427  -0.0026838975  0.0038530310  0.0043645231  0.050428213  -0.99539780  -0.072084102  -0.016371974  -0.0041376194  -0.0010045481  0.0021265576  0.0059879427  -0.0026838975  
0.0032090825  -0.0039749648  0.069612675  -0.068462332  0.99457247  -0.0018477753  0.00070043225  -0.0053626210  -0.0064704830  -0.0083907278  0.0021354253  0.0032090825  -0.0039749648  0.069612675  -0.068462332  0.99457247  -0.0018477753  0.00070043225  -0.0053626210  -0.0064704830  -0.0083907278  0.0021354253  
0.0062957264  -0.00035847326  -0.0038366237  -0.016745908  0.0011712613  0.99936549  0.015421227  0.015687596  -0.00044023838  0.010043201  -0.0013303304  0.0062957264  -0.00035847326  -0.0038366237  -0.016745908  0.0011712613  0.99936549  0.015421227  0.015687596  -0.00044023838  0.010043201  -0.0013303304  
0.0077704835  0.00079798262  0.0039694936  -0.0035412881  -0.0011807959  -0.015700127  0.99962384  0.015213272  0.0085131444  -0.0033368994  0.0010872873  0.0077704835  0.00079798262  0.0039694936  -0.0035412881  -0.0011807959  -0.015700127  0.99962384  0.015213272  0.0085131444  -0.0033368994  0.0010872873  
0.0079563185  0.0042819486  -0.0022564707  -0.0011295388  0.0054281531  -0.015539751  -0.015486944  0.99962521  -0.0015172880  0.0017455305  -0.0015642291  0.0079563185  0.0042819486  -0.0022564707  -0.0011295388  0.0054281531  -0.015539751  -0.015486944  0.99962521  -0.0015172880  0.0017455305  -0.0015642291  
-0.0030484164  -0.0028215683  -0.0068978495  -0.0020290866  -0.0060991868  -0.00075556470  0.0086427532  -0.0013603609  -0.99968010  0.015974675  -0.0056457122  -0.0030484164  -0.0028215683  -0.0068978495  -0.0020290866  -0.0060991868  -0.00075556470  0.0086427532  -0.0013603609  -0.99968010  0.015974675  -0.0056457122  
-0.00080044322  -0.0038314828  -0.0054527243  0.0052640860  0.0093746638  -0.010018945  0.0031136601  -0.0018492158  0.015922756  0.99950652  0.012735583  -0.00080044322  -0.0038314828  -0.0054527243  0.0052640860  0.0093746638  -0.010018945  0.0031136601  -0.0018492158  0.015922756  0.99950652  0.012735583  
-0.00055064618  -0.0061176827  0.0032235968  -0.0024505605  -0.0025241904  0.0014365764  -0.0011306349  0.0016604224  -0.0058261904  -0.012535944  0.99955552  -0.00055064618  -0.0061176827  0.0032235968  -0.0024505605  -0.0025241904  0.0014365764  -0.0011306349  0.0016604224  -0.0058261904  -0.012535944  0.99955552  
0.99955065  -0.0077888948  -0.0010449327  0.0040314594  -0.0029974385  -0.0060554749  -0.0077250428  -0.0081930547  -0.0030567968  0.00074268212  0.00051157530  0.99955065  -0.0077888948  -0.0010449327  0.0040314594  -0.0029974385  -0.0060554749  -0.0077250428  -0.0081930547  -0.0030567968  0.00074268212  0.00051157530  
-0.0077429815  -0.99945142  0.014961578  -0.0031950465  -0.0050377094  -0.00038658033  0.00068897399  0.0043305724  0.0027340250  -0.0037247480  -0.0062650428  -0.0077429815  -0.99945142  0.014961578  -0.0031950465  -0.0050377094  -0.00038658033  0.00068897399  0.0043305724  0.0027340250  -0.0037247480  -0.0062650428  
-0.00066975098  -0.015173260  -0.99565638  -0.055415269  0.065518822  -0.0048358163  0.0038176176  -0.0025380631  0.0064042218  -0.0058812147  0.0031918758  -0.00066975098  -0.015173260  -0.99565638  -0.055415269  0.065518822  -0.0048358163  0.0038176176  -0.0025380631  0.0064042218  -0.0058812147  0.0031918758  
0.0038530310  0.0043645231  0.050428213  -0.99539780  -0.072084102  -0.016371974  -0.0041376194  -0.0010045481  0.0021265576  0.0059879427  -0.0026838975  0.0038530310  0.0043645231  0.050428213  -0.99539780  -0.072084102  -0.016371974  -0.0041376194  -0.0010045481  0.0021265576  0.0059879427  -0.0026838975  
0.0032090825  -0.0039749648  0.069612675  -0.068462332  0.99457247  -0.0018477753  0.00070043225  -0.0053626210  -0.0064704830  -0.0083907278  0.0021354253  0.0032090825  -0.0039749648  0.069612675  -0.068462332  0.99457247  -0.0018477753  0.00070043225  -0.0053626210  -0.0064704830  -0.0083907278  0.0021354253  
0.0062957264  -0.00035847326  -0.0038366237  -0.016745908  0.0011712613  0.99936549  0.015421227  0.015687596  -0.00044023838  0.010043201  -0.0013303304  0.0062957264  -0.00035847326  -0.0038366237  -0.016745908  0.0011712613  0.99936549  0.015421227  0.015687596  -0.00044023838  0.010043201  -0.0013303304  
0.0077704835  0.00079798262  0.0039694936  -0.0035412881  -0.0011807959  -0.015700127  0.99962384  0.015213272  0.0085131444  -0.0033368994  0.0010872873  0.0077704835  0.00079798262  0.0039694936  -0.0035412881  -0.0011807959  -0.015700127  0.99962384  0.015213272  0.0085131444  -0.0033368994  0.0010872873  
0.0079563185  0.0042819486  -0.0022564707  -0.0011295388  0.0054281531  -0.015539751  -0.015486944  0.99962521  -0.0015172880  0.0017455305  -0.0015642291  0.0079563185  0.0042819486  -0.0022564707  -0.0011295388  0.0054281531  -0.015539751  -0.015486944  0.99962521  -0.0015172880  0.0017455305  -0.0015642291  
-0.0030484164  -0.0028215683  -0.0068978495  -0.0020290866  -0.0060991868  -0.00075556470  0.0086427532  -0.0013603609  -0.99968010  0.015974675  -0.0056457122  -0.0030484164  -0.0028215683  -0.0068978495  -0.0020290866  -0.0060991868  -0.00075556470  0.0086427532  -0.0013603609  -0.99968010  0.015974675  -0.0056457122  
-0.00080044322  -0.0038314828  -0.0054527243  0.0052640860  0.0093746638  -0.010018945  0.0031136601  -0.0018492158  0.015922756  0.99950652  0.012735583  -0.00080044322  -0.0038314828  -0.0054527243  0.0052640860  0.0093746638  -0.010018945  0.0031136601  -0.0018492158  0.015922756  0.99950652  0.012735583  
-0.00055064618  -0.0061176827  0.0032235968  -0.0024505605  -0.0025241904  0.0014365764  -0.0011306349  0.0016604224  -0.0058261904  -0.012535944  0.99955552  -0.00055064618  -0.0061176827  0.0032235968  -0.0024505605  -0.0025241904  0.0014365764  -0.0011306349  0.0016604224  -0.0058261904  -0.012535944  0.99955552  
