0.99966090  -0.0098319392  -0.0066424430  -0.0081804387  -0.0031772328  -0.0040628287  0.0051692816  -2.9853502e-05  0.0018841790  0.0011363908  -0.00049113037  0.99966090  -0.0098319392  -0.0066424430  -0.0081804387  -0.0031772328  -0.0040628287  0.0051692816  -2.9853502e-05  0.0018841790  0.0011363908  -0.00049113037  
0.0094585847  0.99857264  -0.047282243  9.3952326e-05  -0.0015082933  0.0040680372  -0.0091823516  0.00029680214  -0.00091171429  0.0023902226  -0.00086327346  0.0094585847  0.99857264  -0.047282243  9.3952326e-05  -0.0015082933  0.0040680372  -0.0091823516  0.00029680214  -0.00091171429  0.0023902226  -0.00086327346  
-0.0064501654  -0.047091820  -0.99676642  0.058938255  0.014550462  -0.0010720532  0.0041217603  -0.0030326476  -0.0015453979  -0.00068886218  -0.00042506568  -0.0064501654  -0.047091820  -0.99676642  0.058938255  0.014550462  -0.0010720532  0.0041217603  -0.0030326476  -0.0015453979  -0.00068886218  -0.00042506568  
-0.0086491094  -0.0026343970  -0.058890313  -0.99795868  0.0060704776  0.00018453940  -0.0048096313  -0.0025360417  0.00083465533  -0.0012000787  0.00026196048  -0.0086491094  -0.0026343970  -0.058890313  -0.99795868  0.0060704776  0.00018453940  -0.0048096313  -0.0025360417  0.00083465533  -0.0012000787  0.00026196048  
-0.0033345000  -0.0021397234  -0.014721582  -0.0051826427  -0.99961250  0.0016062000  0.0031991591  0.0054868654  0.0035328980  -0.00071174860  -0.0013313759  -0.0033345000  -0.0021397234  -0.014721582  -0.0051826427  -0.99961250  0.0016062000  0.0031991591  0.0054868654  0.0035328980  -0.00071174860  -0.0013313759  
0.0041462983  -0.0043850958  -0.00090744274  0.00038243541  0.0015249595  0.99941042  -0.024751231  0.0020580421  -0.0070938719  -0.015501821  -0.0062288241  0.0041462983  -0.0043850958  -0.00090744274  0.00038243541  0.0015249595  0.99941042  -0.024751231  0.0020580421  -0.0070938719  -0.015501821  -0.0062288241  
0.0050346993  -0.0092802061  -0.0034437282  0.0049236841  -0.0031784835  -0.024883486  -0.99937076  0.0057630384  -0.0029838323  -0.013248854  0.011812417  0.0050346993  -0.0092802061  -0.0034437282  0.0049236841  -0.0031784835  -0.024883486  -0.99937076  0.0057630384  -0.0029838323  -0.013248854  0.011812417  
-0.00011360306  -0.00040868239  -0.0031539265  -0.0023448982  0.0056113891  -0.0016823452  0.0057683118  0.99968944  0.017180835  0.0047131996  0.0079610979  -0.00011360306  -0.00040868239  -0.0031539265  -0.0023448982  0.0056113891  -0.0016823452  0.0057683118  0.99968944  0.017180835  0.0047131996  0.0079610979  
-0.0017272025  0.00085066846  -0.0011823216  0.00099156615  0.0034707647  0.0068295225  -0.0032180307  -0.016902186  0.99942610  -0.011434974  -0.012271666  -0.0017272025  0.00085066846  -0.0011823216  0.00099156615  0.0034707647  0.0068295225  -0.0032180307  -0.016902186  0.99942610  -0.011434974  -0.012271666  
0.0011235165  0.0026921735  0.00069140197  0.0010820105  0.00058480121  -0.014748134  0.014510499  0.0042107121  -0.010373041  -0.99681339  0.074289502  0.0011235165  0.0026921735  0.00069140197  0.0010820105  0.00058480121  -0.014748134  0.014510499  0.0042107121  -0.010373041  -0.99681339  0.074289502  
-0.00029331282  -0.00071739658  0.00058853795  -0.00021374204  0.0013308549  -0.0076954187  -0.010493598  0.0086776098  -0.013299010  -0.074051617  -0.99669393  -0.00029331282  -0.00071739658  0.00058853795  -0.00021374204  0.0013308549  -0.0076954187  -0.010493598  0.0086776098  -0.013299010  -0.074051617  -0.99669393  
0.99966090  -0.0098319392  -0.0066424430  -0.0081804387  -0.0031772328  -0.0040628287  0.0051692816  -2.9853502e-05  0.0018841790  0.0011363908  -0.00049113037  0.99966090  -0.0098319392  -0.0066424430  -0.0081804387  -0.0031772328  -0.0040628287  0.0051692816  -2.9853502e-05  0.0018841790  0.0011363908  -0.00049113037  
0.0094585847  0.99857264  -0.047282243  9.3952326e-05  -0.0015082933  0.0040680372  -0.0091823516  0.00029680214  -0.00091171429  0.0023902226  -0.00086327346  0.0094585847  0.99857264  -0.047282243  9.3952326e-05  -0.0015082933  0.0040680372  -0.0091823516  0.00029680214  -0.00091171429  0.0023902226  -0.00086327346  
-0.0064501654  -0.047091820  -0.99676642  0.058938255  0.014550462  -0.0010720532  0.0041217603  -0.0030326476  -0.0015453979  -0.00068886218  -0.00042506568  -0.0064501654  -0.047091820  -0.99676642  0.058938255  0.014550462  -0.0010720532  0.0041217603  -0.0030326476  -0.0015453979  -0.00068886218  -0.00042506568  
-0.0086491094  -0.0026343970  -0.058890313  -0.99795868  0.0060704776  0.00018453940  -0.0048096313  -0.0025360417  0.00083465533  -0.0012000787  0.00026196048  -0.0086491094  -0.0026343970  -0.058890313  -0.99795868  0.0060704776  0.00018453940  -0.0048096313  -0.0025360417  0.00083465533  -0.0012000787  0.00026196048  
-0.0033345000  -0.0021397234  -0.014721582  -0.0051826427  -0.99961250  0.0016062000  0.0031991591  0.0054868654  0.0035328980  -0.00071174860  -0.0013313759  -0.0033345000  -0.0021397234  -0.014721582  -0.0051826427  -0.99961250  0.0016062000  0.0031991591  0.0054868654  0.0035328980  -0.00071174860  -0.0013313759  
0.0041462983  -0.0043850958  -0.00090744274  0.00038243541  0.0015249595  0.99941042  -0.024751231  0.0020580421  -0.0070938719  -0.015501821  -0.0062288241  0.0041462983  -0.0043850958  -0.00090744274  0.00038243541  0.0015249595  0.99941042  -0.024751231  0.0020580421  -0.0070938719  -0.015501821  -0.0062288241  
0.0050346993  -0.0092802061  -0.0034437282  0.0049236841  -0.0031784835  -0.024883486  -0.99937076  0.0057630384  -0.0029838323  -0.013248854  0.011812417  0.0050346993  -0.0092802061  -0.0034437282  0.0049236841  -0.0031784835  -0.024883486  -0.99937076  0.0057630384  -0.0029838323  -0.013248854  0.011812417  
-0.00011360306  -0.00040868239  -0.0031539265  -0.0023448982  0.0056113891  -0.0016823452  0.0057683118  0.99968944  0.017180835  0.0047131996  0.0079610979  -0.00011360306  -0.00040868239  -0.0031539265  -0.0023448982  0.0056113891  -0.0016823452  0.0057683118  0.99968944  0.017180835  0.0047131996  0.0079610979  
-0.0017272025  0.00085066846  -0.0011823216  0.00099156615  0.0034707647  0.0068295225  -0.0032180307  -0.016902186  0.99942610  -0.011434974  -0.012271666  -0.0017272025  0.00085066846  -0.0011823216  0.00099156615  0.0034707647  0.0068295225  -0.0032180307  -0.016902186  0.99942610  -0.011434974  -0.012271666  
0.0011235165  0.0026921735  0.00069140197  0.0010820105  0.00058480121  -0.014748134  0.014510499  0.0042107121  -0.010373041  -0.99681339  0.074289502  0.0011235165  0.0026921735  0.00069140197  0.0010820105  0.00058480121  -0.014748134  0.014510499  0.0042107121  -0.010373041  -0.99681339  0.074289502  
-0.00029331282  -0.00071739658  0.00058853795  -0.00021374204  0.0013308549  -0.0076954187  -0.010493598  0.0086776098  -0.013299010  -0.074051617  -0.99669393  -0.00029331282  -0.00071739658  0.00058853795  -0.00021374204  0.0013308549  -0.0076954187  -0.010493598  0.0086776098  -0.013299010  -0.074051617  -0.99669393  
