-9.0632525e-19  -2.0529326e-17  3.0842058e-18  -2.9201461e-19  -5.5184197e-19  -4.5085499e-17  -2.1594089e-16  -1.3012120e-17  -3.1944154e-17  -1.7897891e-16  7.2102833e-17  -9.0632525e-19  -2.0529326e-17  3.0842058e-18  -2.9201461e-19  -5.5184197e-19  -4.5085499e-17  -2.1594089e-16  -1.3012120e-17  -3.1944154e-17  -1.7897891e-16  7.2102833e-17  
4.9907181e-18  7.3701131e-18  2.2846861e-18  -1.8714478e-17  9.2444646e-18  -2.3869872e-17  -3.4677868e-16  2.5572391e-16  1.1401335e-17  -1.0731590e-17  -1.2664413e-17  4.9907181e-18  7.3701131e-18  2.2846861e-18  -1.8714478e-17  9.2444646e-18  -2.3869872e-17  -3.4677868e-16  2.5572391e-16  1.1401335e-17  -1.0731590e-17  -1.2664413e-17  
5.1375725e-18  6.9620814e-19  1.1568339e-17  -2.6945177e-18  7.1951478e-17  -1.3236587e-17  -9.0920517e-18  1.2953463e-17  -6.7306932e-17  -2.9381508e-17  -6.9648131e-17  5.1375725e-18  6.9620814e-19  1.1568339e-17  -2.6945177e-18  7.1951478e-17  -1.3236587e-17  -9.0920517e-18  1.2953463e-17  -6.7306932e-17  -2.9381508e-17  -6.9648131e-17  
-3.1075521e-18  1.7970757e-17  2.9412425e-18  -1.1541089e-18  -1.7355070e-17  -8.8474965e-18  3.0288839e-18  -1.0338037e-18  -2.5934561e-17  1.3944534e-16  -1.7350173e-17  -3.1075521e-18  1.7970757e-17  2.9412425e-18  -1.1541089e-18  -1.7355070e-17  -8.8474965e-18  3.0288839e-18  -1.0338037e-18  -2.5934561e-17  1.3944534e-16  -1.7350173e-17  
-1.4132745e-18  -6.2328696e-18  -6.4946622e-17  1.7745340e-19  -1.1032895e-17  1.7024528e-17  -9.8425228e-19  2.8553481e-18  8.9968690e-17  -3.6710726e-17  -1.0389579e-16  -1.4132745e-18  -6.2328696e-18  -6.4946622e-17  1.7745340e-19  -1.1032895e-17  1.7024528e-17  -9.8425228e-19  2.8553481e-18  8.9968690e-17  -3.6710726e-17  -1.0389579e-16  
-3.8141894e-18  1.3821884e-17  -2.5412649e-17  5.3953484e-18  -1.7173884e-17  -1.9507273e-18  1.4677857e-17  2.5167466e-19  6.4209068e-19  -2.4859027e-17  -8.8067604e-19  -3.8141894e-18  1.3821884e-17  -2.5412649e-17  5.3953484e-18  -1.7173884e-17  -1.9507273e-18  1.4677857e-17  2.5167466e-19  6.4209068e-19  -2.4859027e-17  -8.8067604e-19  
2.5795880e-16  4.9819810e-16  8.2543361e-19  -8.5920905e-18  2.1624751e-18  1.3475606e-17  -1.5615052e-18  3.1086109e-19  2.6745065e-18  -1.4899310e-18  1.8810484e-18  2.5795880e-16  4.9819810e-16  8.2543361e-19  -8.5920905e-18  2.1624751e-18  1.3475606e-17  -1.5615052e-18  3.1086109e-19  2.6745065e-18  -1.4899310e-18  1.8810484e-18  
-6.6204095e-18  -1.8342541e-16  -3.8422473e-17  2.3854989e-17  4.8992386e-18  -2.4997928e-18  -3.0069670e-19  -2.2814303e-18  3.0217900e-18  -5.0682216e-18  3.7341447e-18  -6.6204095e-18  -1.8342541e-16  -3.8422473e-17  2.3854989e-17  4.8992386e-18  -2.4997928e-18  -3.0069670e-19  -2.2814303e-18  3.0217900e-18  -5.0682216e-18  3.7341447e-18  
-6.6113039e-18  -5.1507266e-17  -2.2643266e-16  -2.1343695e-17  -5.5353127e-17  -3.4749924e-18  1.8520375e-18  1.9498698e-18  -1.1588734e-18  -2.4180673e-18  -1.6675961e-18  -6.6113039e-18  -5.1507266e-17  -2.2643266e-16  -2.1343695e-17  -5.5353127e-17  -3.4749924e-18  1.8520375e-18  1.9498698e-18  -1.1588734e-18  -2.4180673e-18  -1.6675961e-18  
-1.0878359e-16  -1.8669136e-17  -9.5413815e-17  1.0369181e-16  -8.6074112e-17  -3.9019870e-17  -9.0863342e-18  -4.6277645e-18  -3.2822527e-19  -7.4054304e-18  9.4655932e-20  -1.0878359e-16  -1.8669136e-17  -9.5413815e-17  1.0369181e-16  -8.6074112e-17  -3.9019870e-17  -9.0863342e-18  -4.6277645e-18  -3.2822527e-19  -7.4054304e-18  9.4655932e-20  
2.2980004e-17  -3.4760115e-18  -2.0146255e-17  3.4671176e-18  8.1822112e-17  -9.2795239e-18  1.3621349e-18  -1.2001610e-17  -3.9387032e-20  -8.9319624e-19  -1.1521766e-18  2.2980004e-17  -3.4760115e-18  -2.0146255e-17  3.4671176e-18  8.1822112e-17  -9.2795239e-18  1.3621349e-18  -1.2001610e-17  -3.9387032e-20  -8.9319624e-19  -1.1521766e-18  
-9.0632525e-19  -2.0529326e-17  3.0842058e-18  -2.9201461e-19  -5.5184197e-19  -4.5085499e-17  -2.1594089e-16  -1.3012120e-17  -3.1944154e-17  -1.7897891e-16  7.2102833e-17  -9.0632525e-19  -2.0529326e-17  3.0842058e-18  -2.9201461e-19  -5.5184197e-19  -4.5085499e-17  -2.1594089e-16  -1.3012120e-17  -3.1944154e-17  -1.7897891e-16  7.2102833e-17  
4.9907181e-18  7.3701131e-18  2.2846861e-18  -1.8714478e-17  9.2444646e-18  -2.3869872e-17  -3.4677868e-16  2.5572391e-16  1.1401335e-17  -1.0731590e-17  -1.2664413e-17  4.9907181e-18  7.3701131e-18  2.2846861e-18  -1.8714478e-17  9.2444646e-18  -2.3869872e-17  -3.4677868e-16  2.5572391e-16  1.1401335e-17  -1.0731590e-17  -1.2664413e-17  
5.1375725e-18  6.9620814e-19  1.1568339e-17  -2.6945177e-18  7.1951478e-17  -1.3236587e-17  -9.0920517e-18  1.2953463e-17  -6.7306932e-17  -2.9381508e-17  -6.9648131e-17  5.1375725e-18  6.9620814e-19  1.1568339e-17  -2.6945177e-18  7.1951478e-17  -1.3236587e-17  -9.0920517e-18  1.2953463e-17  -6.7306932e-17  -2.9381508e-17  -6.9648131e-17  
-3.1075521e-18  1.7970757e-17  2.9412425e-18  -1.1541089e-18  -1.7355070e-17  -8.8474965e-18  3.0288839e-18  -1.0338037e-18  -2.5934561e-17  1.3944534e-16  -1.7350173e-17  -3.1075521e-18  1.7970757e-17  2.9412425e-18  -1.1541089e-18  -1.7355070e-17  -8.8474965e-18  3.0288839e-18  -1.0338037e-18  -2.5934561e-17  1.3944534e-16  -1.7350173e-17  
-1.4132745e-18  -6.2328696e-18  -6.4946622e-17  1.7745340e-19  -1.1032895e-17  1.7024528e-17  -9.8425228e-19  2.8553481e-18  8.9968690e-17  -3.6710726e-17  -1.0389579e-16  -1.4132745e-18  -6.2328696e-18  -6.4946622e-17  1.7745340e-19  -1.1032895e-17  1.7024528e-17  -9.8425228e-19  2.8553481e-18  8.9968690e-17  -3.6710726e-17  -1.0389579e-16  
-3.8141894e-18  1.3821884e-17  -2.5412649e-17  5.3953484e-18  -1.7173884e-17  -1.9507273e-18  1.4677857e-17  2.5167466e-19  6.4209068e-19  -2.4859027e-17  -8.8067604e-19  -3.8141894e-18  1.3821884e-17  -2.5412649e-17  5.3953484e-18  -1.7173884e-17  -1.9507273e-18  1.4677857e-17  2.5167466e-19  6.4209068e-19  -2.4859027e-17  -8.8067604e-19  
2.5795880e-16  4.9819810e-16  8.2543361e-19  -8.5920905e-18  2.1624751e-18  1.3475606e-17  -1.5615052e-18  3.1086109e-19  2.6745065e-18  -1.4899310e-18  1.8810484e-18  2.5795880e-16  4.9819810e-16  8.2543361e-19  -8.5920905e-18  2.1624751e-18  1.3475606e-17  -1.5615052e-18  3.1086109e-19  2.6745065e-18  -1.4899310e-18  1.8810484e-18  
-6.6204095e-18  -1.8342541e-16  -3.8422473e-17  2.3854989e-17  4.8992386e-18  -2.4997928e-18  -3.0069670e-19  -2.2814303e-18  3.0217900e-18  -5.0682216e-18  3.7341447e-18  -6.6204095e-18  -1.8342541e-16  -3.8422473e-17  2.3854989e-17  4.8992386e-18  -2.4997928e-18  -3.0069670e-19  -2.2814303e-18  3.0217900e-18  -5.0682216e-18  3.7341447e-18  
-6.6113039e-18  -5.1507266e-17  -2.2643266e-16  -2.1343695e-17  -5.5353127e-17  -3.4749924e-18  1.8520375e-18  1.9498698e-18  -1.1588734e-18  -2.4180673e-18  -1.6675961e-18  -6.6113039e-18  -5.1507266e-17  -2.2643266e-16  -2.1343695e-17  -5.5353127e-17  -3.4749924e-18  1.8520375e-18  1.9498698e-18  -1.1588734e-18  -2.4180673e-18  -1.6675961e-18  
-1.0878359e-16  -1.8669136e-17  -9.5413815e-17  1.0369181e-16  -8.6074112e-17  -3.9019870e-17  -9.0863342e-18  -4.6277645e-18  -3.2822527e-19  -7.4054304e-18  9.4655932e-20  -1.0878359e-16  -1.8669136e-17  -9.5413815e-17  1.0369181e-16  -8.6074112e-17  -3.9019870e-17  -9.0863342e-18  -4.6277645e-18  -3.2822527e-19  -7.4054304e-18  9.4655932e-20  
2.2980004e-17  -3.4760115e-18  -2.0146255e-17  3.4671176e-18  8.1822112e-17  -9.2795239e-18  1.3621349e-18  -1.2001610e-17  -3.9387032e-20  -8.9319624e-19  -1.1521766e-18  2.2980004e-17  -3.4760115e-18  -2.0146255e-17  3.4671176e-18  8.1822112e-17  -9.2795239e-18  1.3621349e-18  -1.2001610e-17  -3.9387032e-20  -8.9319624e-19  -1.1521766e-18  
