-0.99966224  0.0080585016  0.010584411  -0.0092936554  0.0017235185  -0.0012734394  0.00091458112  0.0026941981  -0.00078976492  -0.0023275882  -0.0018338116  -0.99966224  0.0080585016  0.010584411  -0.0092936554  0.0017235185  -0.0012734394  0.00091458112  0.0026941981  -0.00078976492  -0.0023275882  -0.0018338116  
0.0082227751  0.99948644  0.024122435  -0.0028333076  -0.00059479101  -8.4063615e-05  -0.0040015789  0.0027870854  -0.0019003403  -0.0015854596  0.0022645078  0.0082227751  0.99948644  0.024122435  -0.0028333076  -0.00059479101  -8.4063615e-05  -0.0040015789  0.0027870854  -0.0019003403  -0.0015854596  0.0022645078  
-0.010759976  0.024265984  -0.99889958  0.034344094  -0.0068851847  -0.0014545442  0.0051441077  -0.0020911460  -0.0017215176  -0.0010125889  0.00043896428  -0.010759976  0.024265984  -0.99889958  0.034344094  -0.0068851847  -0.0014545442  0.0051441077  -0.0020911460  -0.0017215176  -0.0010125889  0.00043896428  
-0.0089553293  0.0019959254  0.034517974  0.99914352  -0.0059586664  0.0016261847  0.0035780918  0.0067543569  0.0014485791  0.0037468695  -0.00061601794  -0.0089553293  0.0019959254  0.034517974  0.99914352  -0.0059586664  0.0016261847  0.0035780918  0.0067543569  0.0014485791  0.0037468695  -0.00061601794  
-0.0016211032  -0.00075106188  0.0066529632  -0.0060870739  -0.99982852  0.0045330068  -0.0030827767  -0.00036754440  -0.0019183257  -0.00046681500  0.00037833980  -0.0016211032  -0.00075106188  0.0066529632  -0.0060870739  -0.99982852  0.0045330068  -0.0030827767  -0.00036754440  -0.0019183257  -0.00046681500  0.00037833980  
-0.0012839478  0.00015532513  -0.0015826718  -0.0014736202  0.0045518897  0.99973494  -0.0085709023  -0.0092975102  0.013491272  -0.0060434118  0.00041728820  -0.0012839478  0.00015532513  -0.0015826718  -0.0014736202  0.0045518897  0.99973494  -0.0085709023  -0.0092975102  0.013491272  -0.0060434118  0.00041728820  
0.0010748075  0.0038595715  0.0051097944  -0.0038074323  -0.0029608137  0.0087797304  0.99969760  0.0030825763  -0.013809953  0.0014970655  -0.012782404  0.0010748075  0.0038595715  0.0051097944  -0.0038074323  -0.0029608137  0.0087797304  0.99969760  0.0030825763  -0.013809953  0.0014970655  -0.012782404  
-0.0027604643  0.0026825702  0.0024895378  0.0067386420  0.00031550639  -0.0090044035  0.0030809308  -0.99963943  -0.017173021  -0.0060116196  0.0082058227  -0.0027604643  0.0026825702  0.0024895378  0.0067386420  0.00031550639  -0.0090044035  0.0030809308  -0.99963943  -0.017173021  -0.0060116196  0.0082058227  
0.00085679337  -0.0021118887  0.0016908563  0.0015139911  0.0020631910  0.013325280  -0.013945583  0.017252207  -0.99888587  -0.036044388  -0.0010352402  0.00085679337  -0.0021118887  0.0016908563  0.0015139911  0.0020631910  0.013325280  -0.013945583  0.017252207  -0.99888587  -0.036044388  -0.0010352402  
-0.0023091075  0.0014681053  -0.0010484258  -0.0037056825  -0.00040441738  0.0063777132  -0.0015804447  -0.0052092362  -0.036116000  0.99851792  0.037430529  -0.0023091075  0.0014681053  -0.0010484258  -0.0037056825  -0.00040441738  0.0063777132  -0.0015804447  -0.0052092362  -0.036116000  0.99851792  0.037430529  
-0.0018495297  -0.0023005476  0.00050223567  0.00063152560  0.00039474373  -0.00048297452  0.012737326  0.0084193196  0.00032768391  -0.037364044  0.99905114  -0.0018495297  -0.0023005476  0.00050223567  0.00063152560  0.00039474373  -0.00048297452  0.012737326  0.0084193196  0.00032768391  -0.037364044  0.99905114  
-0.99966224  0.0080585016  0.010584411  -0.0092936554  0.0017235185  -0.0012734394  0.00091458112  0.0026941981  -0.00078976492  -0.0023275882  -0.0018338116  -0.99966224  0.0080585016  0.010584411  -0.0092936554  0.0017235185  -0.0012734394  0.00091458112  0.0026941981  -0.00078976492  -0.0023275882  -0.0018338116  
0.0082227751  0.99948644  0.024122435  -0.0028333076  -0.00059479101  -8.4063615e-05  -0.0040015789  0.0027870854  -0.0019003403  -0.0015854596  0.0022645078  0.0082227751  0.99948644  0.024122435  -0.0028333076  -0.00059479101  -8.4063615e-05  -0.0040015789  0.0027870854  -0.0019003403  -0.0015854596  0.0022645078  
-0.010759976  0.024265984  -0.99889958  0.034344094  -0.0068851847  -0.0014545442  0.0051441077  -0.0020911460  -0.0017215176  -0.0010125889  0.00043896428  -0.010759976  0.024265984  -0.99889958  0.034344094  -0.0068851847  -0.0014545442  0.0051441077  -0.0020911460  -0.0017215176  -0.0010125889  0.00043896428  
-0.0089553293  0.0019959254  0.034517974  0.99914352  -0.0059586664  0.0016261847  0.0035780918  0.0067543569  0.0014485791  0.0037468695  -0.00061601794  -0.0089553293  0.0019959254  0.034517974  0.99914352  -0.0059586664  0.0016261847  0.0035780918  0.0067543569  0.0014485791  0.0037468695  -0.00061601794  
-0.0016211032  -0.00075106188  0.0066529632  -0.0060870739  -0.99982852  0.0045330068  -0.0030827767  -0.00036754440  -0.0019183257  -0.00046681500  0.00037833980  -0.0016211032  -0.00075106188  0.0066529632  -0.0060870739  -0.99982852  0.0045330068  -0.0030827767  -0.00036754440  -0.0019183257  -0.00046681500  0.00037833980  
-0.0012839478  0.00015532513  -0.0015826718  -0.0014736202  0.0045518897  0.99973494  -0.0085709023  -0.0092975102  0.013491272  -0.0060434118  0.00041728820  -0.0012839478  0.00015532513  -0.0015826718  -0.0014736202  0.0045518897  0.99973494  -0.0085709023  -0.0092975102  0.013491272  -0.0060434118  0.00041728820  
0.0010748075  0.0038595715  0.0051097944  -0.0038074323  -0.0029608137  0.0087797304  0.99969760  0.0030825763  -0.013809953  0.0014970655  -0.012782404  0.0010748075  0.0038595715  0.0051097944  -0.0038074323  -0.0029608137  0.0087797304  0.99969760  0.0030825763  -0.013809953  0.0014970655  -0.012782404  
-0.0027604643  0.0026825702  0.0024895378  0.0067386420  0.00031550639  -0.0090044035  0.0030809308  -0.99963943  -0.017173021  -0.0060116196  0.0082058227  -0.0027604643  0.0026825702  0.0024895378  0.0067386420  0.00031550639  -0.0090044035  0.0030809308  -0.99963943  -0.017173021  -0.0060116196  0.0082058227  
0.00085679337  -0.0021118887  0.0016908563  0.0015139911  0.0020631910  0.013325280  -0.013945583  0.017252207  -0.99888587  -0.036044388  -0.0010352402  0.00085679337  -0.0021118887  0.0016908563  0.0015139911  0.0020631910  0.013325280  -0.013945583  0.017252207  -0.99888587  -0.036044388  -0.0010352402  
-0.0023091075  0.0014681053  -0.0010484258  -0.0037056825  -0.00040441738  0.0063777132  -0.0015804447  -0.0052092362  -0.036116000  0.99851792  0.037430529  -0.0023091075  0.0014681053  -0.0010484258  -0.0037056825  -0.00040441738  0.0063777132  -0.0015804447  -0.0052092362  -0.036116000  0.99851792  0.037430529  
-0.0018495297  -0.0023005476  0.00050223567  0.00063152560  0.00039474373  -0.00048297452  0.012737326  0.0084193196  0.00032768391  -0.037364044  0.99905114  -0.0018495297  -0.0023005476  0.00050223567  0.00063152560  0.00039474373  -0.00048297452  0.012737326  0.0084193196  0.00032768391  -0.037364044  0.99905114  
