-1.0315803e-18  1.2061749e-17  -4.0801577e-18  1.5272004e-18  -8.3940965e-18  1.1722936e-17  1.2252501e-16  -6.9033185e-18  1.5846292e-17  -1.2909100e-16  -5.7025646e-17  -1.0315803e-18  1.2061749e-17  -4.0801577e-18  1.5272004e-18  -8.3940965e-18  1.1722936e-17  1.2252501e-16  -6.9033185e-18  1.5846292e-17  -1.2909100e-16  -5.7025646e-17  
6.0125787e-17  -2.1137310e-18  -1.4938908e-17  -7.8621598e-18  8.8171895e-18  -3.5559925e-17  1.0320038e-17  -3.7795457e-17  -6.9181416e-18  1.5648934e-19  3.2307954e-18  6.0125787e-17  -2.1137310e-18  -1.4938908e-17  -7.8621598e-18  8.8171895e-18  -3.5559925e-17  1.0320038e-17  -3.7795457e-17  -6.9181416e-18  1.5648934e-19  3.2307954e-18  
2.2488725e-18  5.0218466e-19  -8.4256485e-18  -5.1281492e-18  7.8885555e-17  9.7643841e-18  2.4945120e-19  -4.5104504e-18  -7.8098555e-18  3.6583618e-17  -2.9434395e-18  2.2488725e-18  5.0218466e-19  -8.4256485e-18  -5.1281492e-18  7.8885555e-17  9.7643841e-18  2.4945120e-19  -4.5104504e-18  -7.8098555e-18  3.6583618e-17  -2.9434395e-18  
2.2717424e-18  1.0556148e-17  -9.1003102e-18  9.3237152e-19  -4.3126683e-18  -1.3083694e-17  9.1911545e-18  -2.3494576e-18  -8.3758218e-17  -7.9962293e-17  1.0888757e-16  2.2717424e-18  1.0556148e-17  -9.1003102e-18  9.3237152e-19  -4.3126683e-18  -1.3083694e-17  9.1911545e-18  -2.3494576e-18  -8.3758218e-17  -7.9962293e-17  1.0888757e-16  
4.9195674e-18  -1.2601839e-17  -5.3971881e-19  1.4283940e-17  -4.5131504e-18  -4.4062230e-17  -5.5285840e-18  1.9879863e-18  -1.2122524e-16  -8.0640713e-17  -4.6157049e-17  4.9195674e-18  -1.2601839e-17  -5.3971881e-19  1.4283940e-17  -4.5131504e-18  -4.4062230e-17  -5.5285840e-18  1.9879863e-18  -1.2122524e-16  -8.0640713e-17  -4.6157049e-17  
-3.0933643e-18  -2.4576661e-18  5.1656304e-18  -1.2141582e-17  5.8294501e-17  -1.6120625e-18  1.1949941e-17  -3.9468559e-18  1.2811373e-18  8.3642386e-18  -3.3079178e-17  -3.0933643e-18  -2.4576661e-18  5.1656304e-18  -1.2141582e-17  5.8294501e-17  -1.6120625e-18  1.1949941e-17  -3.9468559e-18  1.2811373e-18  8.3642386e-18  -3.3079178e-17  
3.3034285e-17  -1.2466006e-16  -3.0806588e-18  -6.5407884e-18  -6.9710812e-18  7.1337115e-18  -4.2247886e-18  2.7418457e-17  9.1979308e-18  -4.8009827e-17  -1.4617459e-17  3.3034285e-17  -1.2466006e-16  -3.0806588e-18  -6.5407884e-18  -6.9710812e-18  7.1337115e-18  -4.2247886e-18  2.7418457e-17  9.1979308e-18  -4.8009827e-17  -1.4617459e-17  
-1.2447996e-17  1.3180299e-16  2.2701330e-17  -1.0786965e-17  1.8084153e-18  1.2750281e-17  2.0757389e-17  -2.6610069e-18  2.6232610e-18  -2.3001180e-18  -2.0745107e-17  -1.2447996e-17  1.3180299e-16  2.2701330e-17  -1.0786965e-17  1.8084153e-18  1.2750281e-17  2.0757389e-17  -2.6610069e-18  2.6232610e-18  -2.3001180e-18  -2.0745107e-17  
1.9675728e-17  -1.0401353e-17  -2.8287724e-17  -2.0987359e-18  -4.5599172e-17  -2.3441637e-18  6.3561352e-18  -4.0471234e-18  6.6942073e-20  -5.2937442e-18  4.1993776e-18  1.9675728e-17  -1.0401353e-17  -2.8287724e-17  -2.0987359e-18  -4.5599172e-17  -2.3441637e-18  6.3561352e-18  -4.0471234e-18  6.6942073e-20  -5.2937442e-18  4.1993776e-18  
-1.3863960e-16  3.0863763e-20  3.0426668e-17  -1.5396941e-18  4.7925918e-17  -7.2738954e-18  5.1465722e-17  -1.9850217e-18  1.2862222e-17  -5.8086608e-19  -6.4700876e-18  -1.3863960e-16  3.0863763e-20  3.0426668e-17  -1.5396941e-18  4.7925918e-17  -7.2738954e-18  5.1465722e-17  -1.9850217e-18  1.2862222e-17  -5.8086608e-19  -6.4700876e-18  
-8.1185990e-17  -1.6817574e-18  -1.1411704e-17  4.7239133e-17  4.7075232e-17  3.0578207e-17  -1.6319784e-17  1.3112070e-17  8.6050077e-18  -2.1307378e-18  -1.3726566e-18  -8.1185990e-17  -1.6817574e-18  -1.1411704e-17  4.7239133e-17  4.7075232e-17  3.0578207e-17  -1.6319784e-17  1.3112070e-17  8.6050077e-18  -2.1307378e-18  -1.3726566e-18  
-1.0315803e-18  1.2061749e-17  -4.0801577e-18  1.5272004e-18  -8.3940965e-18  1.1722936e-17  1.2252501e-16  -6.9033185e-18  1.5846292e-17  -1.2909100e-16  -5.7025646e-17  -1.0315803e-18  1.2061749e-17  -4.0801577e-18  1.5272004e-18  -8.3940965e-18  1.1722936e-17  1.2252501e-16  -6.9033185e-18  1.5846292e-17  -1.2909100e-16  -5.7025646e-17  
6.0125787e-17  -2.1137310e-18  -1.4938908e-17  -7.8621598e-18  8.8171895e-18  -3.5559925e-17  1.0320038e-17  -3.7795457e-17  -6.9181416e-18  1.5648934e-19  3.2307954e-18  6.0125787e-17  -2.1137310e-18  -1.4938908e-17  -7.8621598e-18  8.8171895e-18  -3.5559925e-17  1.0320038e-17  -3.7795457e-17  -6.9181416e-18  1.5648934e-19  3.2307954e-18  
2.2488725e-18  5.0218466e-19  -8.4256485e-18  -5.1281492e-18  7.8885555e-17  9.7643841e-18  2.4945120e-19  -4.5104504e-18  -7.8098555e-18  3.6583618e-17  -2.9434395e-18  2.2488725e-18  5.0218466e-19  -8.4256485e-18  -5.1281492e-18  7.8885555e-17  9.7643841e-18  2.4945120e-19  -4.5104504e-18  -7.8098555e-18  3.6583618e-17  -2.9434395e-18  
2.2717424e-18  1.0556148e-17  -9.1003102e-18  9.3237152e-19  -4.3126683e-18  -1.3083694e-17  9.1911545e-18  -2.3494576e-18  -8.3758218e-17  -7.9962293e-17  1.0888757e-16  2.2717424e-18  1.0556148e-17  -9.1003102e-18  9.3237152e-19  -4.3126683e-18  -1.3083694e-17  9.1911545e-18  -2.3494576e-18  -8.3758218e-17  -7.9962293e-17  1.0888757e-16  
4.9195674e-18  -1.2601839e-17  -5.3971881e-19  1.4283940e-17  -4.5131504e-18  -4.4062230e-17  -5.5285840e-18  1.9879863e-18  -1.2122524e-16  -8.0640713e-17  -4.6157049e-17  4.9195674e-18  -1.2601839e-17  -5.3971881e-19  1.4283940e-17  -4.5131504e-18  -4.4062230e-17  -5.5285840e-18  1.9879863e-18  -1.2122524e-16  -8.0640713e-17  -4.6157049e-17  
-3.0933643e-18  -2.4576661e-18  5.1656304e-18  -1.2141582e-17  5.8294501e-17  -1.6120625e-18  1.1949941e-17  -3.9468559e-18  1.2811373e-18  8.3642386e-18  -3.3079178e-17  -3.0933643e-18  -2.4576661e-18  5.1656304e-18  -1.2141582e-17  5.8294501e-17  -1.6120625e-18  1.1949941e-17  -3.9468559e-18  1.2811373e-18  8.3642386e-18  -3.3079178e-17  
3.3034285e-17  -1.2466006e-16  -3.0806588e-18  -6.5407884e-18  -6.9710812e-18  7.1337115e-18  -4.2247886e-18  2.7418457e-17  9.1979308e-18  -4.8009827e-17  -1.4617459e-17  3.3034285e-17  -1.2466006e-16  -3.0806588e-18  -6.5407884e-18  -6.9710812e-18  7.1337115e-18  -4.2247886e-18  2.7418457e-17  9.1979308e-18  -4.8009827e-17  -1.4617459e-17  
-1.2447996e-17  1.3180299e-16  2.2701330e-17  -1.0786965e-17  1.8084153e-18  1.2750281e-17  2.0757389e-17  -2.6610069e-18  2.6232610e-18  -2.3001180e-18  -2.0745107e-17  -1.2447996e-17  1.3180299e-16  2.2701330e-17  -1.0786965e-17  1.8084153e-18  1.2750281e-17  2.0757389e-17  -2.6610069e-18  2.6232610e-18  -2.3001180e-18  -2.0745107e-17  
1.9675728e-17  -1.0401353e-17  -2.8287724e-17  -2.0987359e-18  -4.5599172e-17  -2.3441637e-18  6.3561352e-18  -4.0471234e-18  6.6942073e-20  -5.2937442e-18  4.1993776e-18  1.9675728e-17  -1.0401353e-17  -2.8287724e-17  -2.0987359e-18  -4.5599172e-17  -2.3441637e-18  6.3561352e-18  -4.0471234e-18  6.6942073e-20  -5.2937442e-18  4.1993776e-18  
-1.3863960e-16  3.0863763e-20  3.0426668e-17  -1.5396941e-18  4.7925918e-17  -7.2738954e-18  5.1465722e-17  -1.9850217e-18  1.2862222e-17  -5.8086608e-19  -6.4700876e-18  -1.3863960e-16  3.0863763e-20  3.0426668e-17  -1.5396941e-18  4.7925918e-17  -7.2738954e-18  5.1465722e-17  -1.9850217e-18  1.2862222e-17  -5.8086608e-19  -6.4700876e-18  
-8.1185990e-17  -1.6817574e-18  -1.1411704e-17  4.7239133e-17  4.7075232e-17  3.0578207e-17  -1.6319784e-17  1.3112070e-17  8.6050077e-18  -2.1307378e-18  -1.3726566e-18  -8.1185990e-17  -1.6817574e-18  -1.1411704e-17  4.7239133e-17  4.7075232e-17  3.0578207e-17  -1.6319784e-17  1.3112070e-17  8.6050077e-18  -2.1307378e-18  -1.3726566e-18  
