-7.6387549e-18  -2.9681729e-17  -6.2938783e-18  -2.0138632e-17  2.2724623e-17  -1.5373648e-19  -1.8929026e-16  -8.2562207e-17  -1.6428225e-16  -1.0157619e-17  5.0271405e-18  -7.6387549e-18  -2.9681729e-17  -6.2938783e-18  -2.0138632e-17  2.2724623e-17  -1.5373648e-19  -1.8929026e-16  -8.2562207e-17  -1.6428225e-16  -1.0157619e-17  5.0271405e-18  
3.2854714e-17  -3.9503499e-18  1.0476951e-17  -4.8551929e-18  3.1084415e-17  -3.5837964e-18  1.1910130e-16  1.3700165e-16  -4.5645123e-17  1.3285712e-17  3.0523679e-17  3.2854714e-17  -3.9503499e-18  1.0476951e-17  -4.8551929e-18  3.1084415e-17  -3.5837964e-18  1.1910130e-16  1.3700165e-16  -4.5645123e-17  1.3285712e-17  3.0523679e-17  
2.3596220e-18  -2.2073679e-18  4.1263210e-18  -2.1990246e-17  3.4135851e-17  2.9299928e-17  2.4685716e-17  -4.9295094e-17  -4.9040561e-18  2.3741910e-17  6.4490971e-17  2.3596220e-18  -2.2073679e-18  4.1263210e-18  -2.1990246e-17  3.4135851e-17  2.9299928e-17  2.4685716e-17  -4.9295094e-17  -4.9040561e-18  2.3741910e-17  6.4490971e-17  
-2.5344073e-17  2.0126350e-17  8.4578146e-17  6.4677318e-18  6.5238478e-18  2.6923366e-17  1.6025228e-17  -1.3772756e-18  -1.3082424e-17  1.8499200e-18  3.9200685e-18  -2.5344073e-17  2.0126350e-17  8.4578146e-17  6.4677318e-18  6.5238478e-18  2.6923366e-17  1.6025228e-17  -1.3772756e-18  -1.3082424e-17  1.8499200e-18  3.9200685e-18  
4.5252735e-18  2.0526996e-17  -2.6572207e-16  8.8472591e-18  6.0540621e-18  1.5997488e-16  6.6288798e-18  -1.0037870e-17  8.8364912e-17  -1.0130429e-16  -2.0418576e-17  4.5252735e-18  2.0526996e-17  -2.6572207e-16  8.8472591e-18  6.0540621e-18  1.5997488e-16  6.6288798e-18  -1.0037870e-17  8.8364912e-17  -1.0130429e-16  -2.0418576e-17  
3.2297366e-18  -5.6183695e-18  -4.6518732e-17  1.0145930e-16  2.9610578e-17  7.2287645e-19  6.8677431e-18  -5.9914876e-18  -2.4184167e-17  2.8372216e-17  -3.0429659e-18  3.2297366e-18  -5.6183695e-18  -4.6518732e-17  1.0145930e-16  2.9610578e-17  7.2287645e-19  6.8677431e-18  -5.9914876e-18  -2.4184167e-17  2.8372216e-17  -3.0429659e-18  
-5.3197057e-17  7.5233466e-18  -8.8422828e-18  -5.0546691e-19  -1.2112571e-19  3.1465156e-18  5.7598240e-20  3.7884819e-17  -2.5312733e-17  1.5814105e-17  -1.4434331e-16  -5.3197057e-17  7.5233466e-18  -8.8422828e-18  -5.0546691e-19  -1.2112571e-19  3.1465156e-18  5.7598240e-20  3.7884819e-17  -2.5312733e-17  1.5814105e-17  -1.4434331e-16  
-6.4711835e-17  8.6096664e-18  -4.6507403e-18  4.5900715e-18  -8.8514943e-18  -1.1268503e-17  -2.7304213e-17  -3.8137658e-19  -3.8871771e-17  1.3763438e-17  1.4819265e-17  -6.4711835e-17  8.6096664e-18  -4.6507403e-18  4.5900715e-18  -8.8514943e-18  -1.1268503e-17  -2.7304213e-17  -3.8137658e-19  -3.8871771e-17  1.3763438e-17  1.4819265e-17  
-4.8762840e-17  1.3946821e-17  -1.0935725e-18  5.2660568e-18  1.5863709e-17  1.6266209e-18  -3.6532002e-17  -9.7409318e-18  3.2276588e-18  1.0760283e-17  5.7843880e-18  -4.8762840e-17  1.3946821e-17  -1.0935725e-18  5.2660568e-18  1.5863709e-17  1.6266209e-18  -3.6532002e-17  -9.7409318e-18  3.2276588e-18  1.0760283e-17  5.7843880e-18  
-1.1672114e-18  -3.7371094e-18  -3.4851171e-18  7.4513488e-18  1.3950040e-16  4.8246997e-18  7.4979356e-18  -1.6038569e-18  1.0256510e-17  7.9832855e-20  -2.8650889e-18  -1.1672114e-18  -3.7371094e-18  -3.4851171e-18  7.4513488e-18  1.3950040e-16  4.8246997e-18  7.4979356e-18  -1.6038569e-18  1.0256510e-17  7.9832855e-20  -2.8650889e-18  
1.0987711e-17  1.7801244e-17  7.4433020e-18  1.2271813e-17  -1.8467859e-17  7.7211288e-18  -7.7855880e-17  9.3173624e-19  -9.4037598e-18  2.9182403e-18  2.9501099e-18  1.0987711e-17  1.7801244e-17  7.4433020e-18  1.2271813e-17  -1.8467859e-17  7.7211288e-18  -7.7855880e-17  9.3173624e-19  -9.4037598e-18  2.9182403e-18  2.9501099e-18  
-7.6387549e-18  -2.9681729e-17  -6.2938783e-18  -2.0138632e-17  2.2724623e-17  -1.5373648e-19  -1.8929026e-16  -8.2562207e-17  -1.6428225e-16  -1.0157619e-17  5.0271405e-18  -7.6387549e-18  -2.9681729e-17  -6.2938783e-18  -2.0138632e-17  2.2724623e-17  -1.5373648e-19  -1.8929026e-16  -8.2562207e-17  -1.6428225e-16  -1.0157619e-17  5.0271405e-18  
3.2854714e-17  -3.9503499e-18  1.0476951e-17  -4.8551929e-18  3.1084415e-17  -3.5837964e-18  1.1910130e-16  1.3700165e-16  -4.5645123e-17  1.3285712e-17  3.0523679e-17  3.2854714e-17  -3.9503499e-18  1.0476951e-17  -4.8551929e-18  3.1084415e-17  -3.5837964e-18  1.1910130e-16  1.3700165e-16  -4.5645123e-17  1.3285712e-17  3.0523679e-17  
2.3596220e-18  -2.2073679e-18  4.1263210e-18  -2.1990246e-17  3.4135851e-17  2.9299928e-17  2.4685716e-17  -4.9295094e-17  -4.9040561e-18  2.3741910e-17  6.4490971e-17  2.3596220e-18  -2.2073679e-18  4.1263210e-18  -2.1990246e-17  3.4135851e-17  2.9299928e-17  2.4685716e-17  -4.9295094e-17  -4.9040561e-18  2.3741910e-17  6.4490971e-17  
-2.5344073e-17  2.0126350e-17  8.4578146e-17  6.4677318e-18  6.5238478e-18  2.6923366e-17  1.6025228e-17  -1.3772756e-18  -1.3082424e-17  1.8499200e-18  3.9200685e-18  -2.5344073e-17  2.0126350e-17  8.4578146e-17  6.4677318e-18  6.5238478e-18  2.6923366e-17  1.6025228e-17  -1.3772756e-18  -1.3082424e-17  1.8499200e-18  3.9200685e-18  
4.5252735e-18  2.0526996e-17  -2.6572207e-16  8.8472591e-18  6.0540621e-18  1.5997488e-16  6.6288798e-18  -1.0037870e-17  8.8364912e-17  -1.0130429e-16  -2.0418576e-17  4.5252735e-18  2.0526996e-17  -2.6572207e-16  8.8472591e-18  6.0540621e-18  1.5997488e-16  6.6288798e-18  -1.0037870e-17  8.8364912e-17  -1.0130429e-16  -2.0418576e-17  
3.2297366e-18  -5.6183695e-18  -4.6518732e-17  1.0145930e-16  2.9610578e-17  7.2287645e-19  6.8677431e-18  -5.9914876e-18  -2.4184167e-17  2.8372216e-17  -3.0429659e-18  3.2297366e-18  -5.6183695e-18  -4.6518732e-17  1.0145930e-16  2.9610578e-17  7.2287645e-19  6.8677431e-18  -5.9914876e-18  -2.4184167e-17  2.8372216e-17  -3.0429659e-18  
-5.3197057e-17  7.5233466e-18  -8.8422828e-18  -5.0546691e-19  -1.2112571e-19  3.1465156e-18  5.7598240e-20  3.7884819e-17  -2.5312733e-17  1.5814105e-17  -1.4434331e-16  -5.3197057e-17  7.5233466e-18  -8.8422828e-18  -5.0546691e-19  -1.2112571e-19  3.1465156e-18  5.7598240e-20  3.7884819e-17  -2.5312733e-17  1.5814105e-17  -1.4434331e-16  
-6.4711835e-17  8.6096664e-18  -4.6507403e-18  4.5900715e-18  -8.8514943e-18  -1.1268503e-17  -2.7304213e-17  -3.8137658e-19  -3.8871771e-17  1.3763438e-17  1.4819265e-17  -6.4711835e-17  8.6096664e-18  -4.6507403e-18  4.5900715e-18  -8.8514943e-18  -1.1268503e-17  -2.7304213e-17  -3.8137658e-19  -3.8871771e-17  1.3763438e-17  1.4819265e-17  
-4.8762840e-17  1.3946821e-17  -1.0935725e-18  5.2660568e-18  1.5863709e-17  1.6266209e-18  -3.6532002e-17  -9.7409318e-18  3.2276588e-18  1.0760283e-17  5.7843880e-18  -4.8762840e-17  1.3946821e-17  -1.0935725e-18  5.2660568e-18  1.5863709e-17  1.6266209e-18  -3.6532002e-17  -9.7409318e-18  3.2276588e-18  1.0760283e-17  5.7843880e-18  
-1.1672114e-18  -3.7371094e-18  -3.4851171e-18  7.4513488e-18  1.3950040e-16  4.8246997e-18  7.4979356e-18  -1.6038569e-18  1.0256510e-17  7.9832855e-20  -2.8650889e-18  -1.1672114e-18  -3.7371094e-18  -3.4851171e-18  7.4513488e-18  1.3950040e-16  4.8246997e-18  7.4979356e-18  -1.6038569e-18  1.0256510e-17  7.9832855e-20  -2.8650889e-18  
1.0987711e-17  1.7801244e-17  7.4433020e-18  1.2271813e-17  -1.8467859e-17  7.7211288e-18  -7.7855880e-17  9.3173624e-19  -9.4037598e-18  2.9182403e-18  2.9501099e-18  1.0987711e-17  1.7801244e-17  7.4433020e-18  1.2271813e-17  -1.8467859e-17  7.7211288e-18  -7.7855880e-17  9.3173624e-19  -9.4037598e-18  2.9182403e-18  2.9501099e-18  
