T
0.0000000000
0.0160393858
0.0415196456
0.0589115143
0.0595781464
0.0614921454
0.0504530853
0.0477695481
0.0368177045
0.0336616665
0.0193886442
0.0301561485
0.0372756182
0.0302572590
0.0120028275
0.0127992441
0.0122172316
0.0070966839
0.0012789844
-0.0002211165
-0.0089110708
-0.0180462526
-0.0262412620
-0.0260939952
-0.0464290766
-0.0463405933
-0.0490792319
-0.0419366058
-0.0552003355
-0.0686449237
-0.0638392300
-0.0746041051
-0.0823494906
-0.0834027132
-0.0906582769
-0.0961725210
-0.1063706030
-0.1160450293
-0.1103805088
-0.1082716496
-0.1049004259
-0.1062490548
-0.1088050361
-0.0965897010
-0.0805302803
-0.0672900979
-0.0584757192
-0.0430679629
-0.0286306642
-0.0140025775
-0.0149774138
-0.0164177036
0.0036237224
0.0076929906
0.0264670476
0.0192240879
0.0216302278
0.0334011420
0.0472509042
0.0627748649
0.0613740262
0.0605644069
0.0601880775
0.0722529040
0.0748836828
0.0822347355
0.0741013750
0.0764051332
0.0621239355
0.0757906399
0.0783751830
0.0627444743
0.0555003418
0.0599909470
0.0584605313
0.0483534603
0.0380087476
0.0412542735
0.0414671775
0.0389970792
0.0368538883
0.0203907953
-0.0026752230
0.0038562179
0.0063570999
-0.0008797712
-0.0081812777
-0.0066548330
-0.0083977707
-0.0029838912
0.0130809352
0.0082885151
0.0075469132
0.0247970184
0.0405635402
0.0450787221
0.0481242227
0.0627714603
0.0728513853
0.0680595253
0.0763804600
