U
0.0000000000
-0.0060046327
-0.0115319301
-0.0164263944
-0.0203876191
-0.0233260321
-0.0251873497
-0.0262538327
-0.0266060339
-0.0261823563
-0.0250832530
-0.0231499531
-0.0203861019
-0.0168622077
-0.0129035361
-0.0082995469
-0.0029946108
0.0029607692
0.0093810201
0.0161545514
0.0232512231
0.0305875693
0.0382777137
0.0461737912
0.0542907454
0.0620326382
0.0699246582
0.0776647622
0.0851064479
0.0921619162
0.0990237655
0.1051818891
0.1107729156
0.1161923369
0.1210820036
0.1250666866
0.1276882982
0.1285464747
0.1282080399
0.1271154520
0.1251997547
0.1221289694
0.1183601322
0.1137346268
0.1082186607
0.1021475689
0.0958510167
0.0886906763
0.0807702229
0.0721086945
0.0630120076
0.0540432429
0.0451332390
0.0362303397
0.0274364201
0.0190704930
0.0108244361
0.0026411943
-0.0048018796
-0.0118123776
-0.0181962566
-0.0235731231
-0.0277587464
-0.0311364006
-0.0335786992
-0.0352535236
-0.0357950063
-0.0354097284
-0.0342388226
-0.0320272322
-0.0288684695
-0.0250409435
-0.0204953102
-0.0152288890
-0.0093980154
-0.0031342551
0.0032127637
0.0095728201
0.0159728213
0.0222589744
0.0281680910
0.0331990837
0.0373436082
0.0408708251
0.0435575925
0.0452107336
0.0456943997
0.0449819921
0.0428570914
0.0396652263
0.0355991731
0.0305692554
0.0248799947
0.0181365123
0.0106220155
0.0028044317
-0.0054228303
-0.0144062968
-0.0233870461
-0.0321050426
-0.0402642966
