ngrids cutoff rel       energy 	    memory     time    grid1   	 grid2 	   grid3     grid4     grid5   	 grid6
    4  1000    60 -1538.4548813323  7490      111.0    308473    449050    436018    903669
    5  1000    60 -1538.4548813282  7494       63.9    358201    526990    495454    516941    439888
    6  1000    60 -1538.4548813295  7478       59.1    407929    604930    554890    553277    346651    110061
    7  1000    60 -1538.4548813295  7479       59.0    457657    682870    614326    589613    362155    111129       252
    8  1000    60 -1538.4548813295  7425       59.0    507385    760810    673762    625949    377659    112413       288         0
    9  1000    60 -1538.4548813295  7493       59.1    557113    838750    733198    662285    393163    113697       324         0         0
   10  1000    60 -1538.4548813295  7492       59.1    606841    916690    792634    698621    408667    114981       360         0         0         0
   11  1000    60 -1538.4548813295  7488       59.0    656569    994630    852070    734957    424171    116265       396         0         0         0         0
   12  1000    60 -1538.4548813295  7463       59.2    706297   1072570    911506    771293    439675    117549       432         0         0         0         0         0
   13  1000    60 -1538.4548813295  7494       59.0    756025   1150510    970942    807629    455179    118833       468         0         0         0         0         0         0
   14  1000    60 -1538.4548813295  7474       59.4    805753   1228450   1030378    843965    470683    120117       504         0         0         0         0         0         0         0
