0.0000000000
-0.0062059784
-0.0120078093
-0.0171300067
-0.0213898967
-0.0245121466
-0.0266932008
-0.0281235011
-0.0286433480
-0.0284509352
-0.0275363626
-0.0258467409
-0.0232960039
-0.0199231072
-0.0160577927
-0.0115477813
-0.0062220859
-0.0003011311
0.0061226415
0.0129465975
0.0201853845
0.0275455261
0.0353542251
0.0434833288
0.0518118135
0.0596718662
0.0678090749
0.0757362506
0.0833615844
0.0906855088
0.0977360582
0.1042046994
0.1100427162
0.1157440301
0.1209910525
0.1252267895
0.1282087193
0.1294223704
0.1293575887
0.1285674699
0.1269505338
0.1241459482
0.1206009095
0.1161468497
0.1108119865
0.1049043292
0.0987808922
0.0917967590
0.0839157637
0.0753085235
0.0661798688
0.0573296792
0.0483289709
0.0392832455
0.0303729541
0.0218574637
0.0133677115
0.0049538011
-0.0026684555
-0.0099547600
-0.0166523879
-0.0222920208
-0.0268041870
-0.0304444699
-0.0329212123
-0.0350145428
-0.0358850921
-0.0358103803
-0.0349295782
-0.0329297484
-0.0300148738
-0.0264219174
-0.0220218402
-0.0168998130
-0.0111702140
-0.0050075049
0.0014092271
0.0078339489
0.0142737130
0.0207546891
0.0269055552
0.0321531274
0.0366176483
0.0404965906
0.0435841463
0.0456577486
0.0465519060
0.0462542306
0.0445447392
0.0417893214
0.0380610403
0.0333608910
0.0279516996
0.0214796299
0.0142990248
0.0066163858
-0.0014703061
-0.0103698916
-0.0193216646
-0.0280809140
-0.0363644584
