0.0000000000
0.0100576998
0.0299688044
0.0425071143
0.0391308861
0.0381512384
0.0251786005
0.0212890377
0.0099835741
0.0071792073
-0.0061390015
0.0065438989
0.0162805887
0.0125722711
-0.0018841353
0.0036164910
0.0084743448
0.0093884682
0.0098938185
0.0150819203
0.0136261518
0.0117384402
0.0112555683
0.0196255831
0.0072550089
0.0149426732
0.0203655903
0.0353444884
0.0296339590
0.0232950209
0.0347846355
0.0300783740
0.0279335553
0.0325987293
0.0304517643
0.0286535026
0.0208361664
0.0120276784
0.0173081353
0.0186168432
0.0200604246
0.0157918628
0.0094020193
0.0170334405
0.0274853591
0.0348371536
0.0374003799
0.0455643847
0.0519627760
0.0578553386
0.0477630710
0.0376069952
0.0486919746
0.0439063249
0.0539195791
0.0383258866
0.0325386066
0.0361070031
0.0426126622
0.0512965437
0.0434933894
0.0372914231
0.0326856560
0.0414023675
0.0417745612
0.0475498995
0.0388276528
0.0415298463
0.0283191476
0.0443536143
0.0500694905
0.0380934320
0.0352882539
0.0450346276
0.0494336220
0.0452988588
0.0414756749
0.0509921690
0.0573631857
0.0609056913
0.0648430946
0.0532515594
0.0344195139
0.0444846911
0.0490152165
0.0436422152
0.0367272623
0.0375178630
0.0333570017
0.0357791300
0.0475702293
0.0376644969
0.0311496484
0.0415793870
0.0498890398
0.0464983441
0.0410597726
0.0466506471
0.0476687101
0.0343727947
0.0345686594
