0.0000000   -0.00088651615  0.00019222246  0.0010384139  2.9667436e-05  5.2865915e-06  5.4271978e-05  7.5788842e-06  3.3559978e-05  -1.2296414e-05  -1.3787078e-06  -1.6312839e-05  -2.7488529e-05  -0.00014409524  0.00010498827  9.4850453e-06  2.3226329e-05  
0.00088651615  0.0000000   -6.0005714e-06  -0.00064003805  -0.00012043556  4.0158908e-06  -1.1672367e-09  1.9510723e-06  8.6645867e-07  4.2900803e-06  -2.8058689e-07  6.6970983e-07  5.5307663e-07  1.8220838e-06  -1.0541797e-06  4.1711946e-06  -7.0695317e-07  
-0.00019222246  6.0005714e-06  0.0000000   0.00015551358  -0.00073072683  5.5203960e-07  4.0158908e-06  1.2726588e-06  1.9510723e-06  3.4429078e-07  2.7532642e-07  7.8223692e-07  4.6825311e-06  6.6970983e-07  -5.2711118e-06  -1.5557087e-06  -4.0126806e-06  
-0.0010384139  0.00064003805  -0.00015551358  0.0000000   5.2653615e-05  1.0095425e-05  -1.3514684e-06  1.1106514e-05  -1.4163337e-06  4.0158908e-06  1.9510723e-06  4.0288088e-07  1.0502741e-07  -8.5007884e-07  1.7218627e-07  6.6970983e-07  2.5275770e-07  
-2.9667436e-05  0.00012043556  0.00073072683  -5.2653615e-05  0.0000000   4.1152522e-08  -2.1121595e-06  1.8362577e-08  -2.5876834e-06  1.3323943e-08  2.8556400e-07  1.8924434e-07  4.0158908e-06  9.4832290e-07  1.9510723e-06  -2.8489468e-07  6.6970983e-07  
-5.2865915e-06  -4.0158908e-06  -5.5203960e-07  -1.0095425e-05  -4.1152522e-08  0.0000000   -6.0005714e-06  -0.00022815114  7.2465625e-05  -0.00064003805  -3.2731464e-06  4.4000688e-05  -0.00012043556  -1.2356334e-05  -4.6149148e-06  6.4792743e-07  4.0842064e-07  
-5.4271978e-05  1.1672367e-09  -4.0158908e-06  1.3514684e-06  2.1121595e-06  6.0005714e-06  0.0000000   7.3599164e-05  -0.00022815114  0.00015551358  -1.8807027e-05  -1.4172190e-05  -0.00073072683  4.4000688e-05  8.3324856e-07  3.2601129e-06  1.2261954e-07  
-7.5788842e-06  -1.9510723e-06  -1.2726588e-06  -1.1106514e-05  -1.8362577e-08  0.00022815114  -7.3599164e-05  0.0000000   -6.0005714e-06  3.1445615e-06  -0.00064003805  -0.0013356178  3.6824561e-06  0.00042848709  -0.00012043556  -1.8465496e-05  -1.9885117e-05  
-3.3559978e-05  -8.6645867e-07  -1.9510723e-06  1.4163337e-06  2.5876834e-06  -7.2465625e-05  0.00022815114  6.0005714e-06  0.0000000   1.8951599e-05  0.00015551358  0.00042652323  -9.8672969e-07  -0.0013356178  -0.00073072683  -0.00011155426  4.7172439e-06  
1.2296414e-05  -4.2900803e-06  -3.4429078e-07  -4.0158908e-06  -1.3323943e-08  0.00064003805  -0.00015551358  -3.1445615e-06  -1.8951599e-05  0.0000000   -0.00022815114  4.0301885e-07  5.2653615e-05  3.4100795e-06  3.7135322e-08  4.4000688e-05  7.0564853e-08  
1.3787078e-06  2.8058689e-07  -2.7532642e-07  -1.9510723e-06  -2.8556400e-07  3.2731464e-06  1.8807027e-05  0.00064003805  -0.00015551358  0.00022815114  0.0000000   -1.8576164e-05  2.9367508e-07  -0.00011080212  5.2653615e-05  -0.0013356178  -1.2289852e-06  
1.6312839e-05  -6.6970983e-07  -7.8223692e-07  -4.0288088e-07  -1.8924434e-07  -4.4000688e-05  1.4172190e-05  0.0013356178  -0.00042652323  -4.0301885e-07  1.8576164e-05  0.0000000   -6.5629896e-07  -6.0005714e-06  1.9798408e-05  -0.00064003805  -0.00012043556  
2.7488529e-05  -5.5307663e-07  -4.6825311e-06  -1.0502741e-07  -4.0158908e-06  0.00012043556  0.00073072683  -3.6824561e-06  9.8672969e-07  -5.2653615e-05  -2.9367508e-07  6.5629896e-07  0.0000000   -3.1209106e-07  -0.00022815114  2.4348408e-07  4.4000688e-05  
0.00014409524  -1.8220838e-06  -6.6970983e-07  8.5007884e-07  -9.4832290e-07  1.2356334e-05  -4.4000688e-05  -0.00042848709  0.0013356178  -3.4100795e-06  0.00011080212  6.0005714e-06  3.1209106e-07  0.0000000   -4.2844164e-06  0.00015551358  -0.00073072683  
-0.00010498827  1.0541797e-06  5.2711118e-06  -1.7218627e-07  -1.9510723e-06  4.6149148e-06  -8.3324856e-07  0.00012043556  0.00073072683  -3.7135322e-08  -5.2653615e-05  -1.9798408e-05  0.00022815114  4.2844164e-06  0.0000000   -1.8680401e-06  -0.0013356178  
-9.4850453e-06  -4.1711946e-06  1.5557087e-06  -6.6970983e-07  2.8489468e-07  -6.4792743e-07  -3.2601129e-06  1.8465496e-05  0.00011155426  -4.4000688e-05  0.0013356178  0.00064003805  -2.4348408e-07  -0.00015551358  1.8680401e-06  0.0000000   5.2653615e-05  
-2.3226329e-05  7.0695317e-07  4.0126806e-06  -2.5275770e-07  -6.6970983e-07  -4.0842064e-07  -1.2261954e-07  1.9885117e-05  -4.7172439e-06  -7.0564853e-08  1.2289852e-06  0.00012043556  -4.4000688e-05  0.00073072683  0.0013356178  -5.2653615e-05  0.0000000   
