0.0000000   1.7746195e-05  1.6000778e-05  -2.6829181e-05  -1.7158685e-05  -0.00013890788  1.5103652e-05  -3.3106049e-05  -6.1714435e-06  0.00010475953  -0.00017916064  -0.00010063010  -1.2386018e-06  6.1624073e-05  9.3829931e-06  0.00010794271  -2.8232273e-05  
-1.7746195e-05  0.0000000   -0.0011496436  0.0012506814  0.00042816583  4.0768834e-06  0.00010693190  1.0596564e-05  -5.1003012e-07  -1.3622278e-05  2.5811081e-05  -4.9125944e-07  5.3759413e-07  -7.1702520e-06  1.4667698e-07  2.4152156e-06  2.8996238e-06  
-1.6000778e-05  0.0011496436  0.0000000   -0.00040491031  -0.00028693058  -1.3117211e-05  6.9812694e-07  4.0768834e-06  0.00010693190  6.0420094e-06  6.9891841e-07  -1.5346479e-07  -1.5202290e-07  2.5811081e-05  -6.4039347e-08  8.6955768e-07  -2.0587747e-06  
2.6829181e-05  -0.0012506814  0.00040491031  0.0000000   -0.0028602892  9.4343708e-06  -4.0599868e-07  -3.6131712e-06  2.8951636e-07  4.0768834e-06  -7.0329537e-06  2.3141167e-05  0.00010693190  2.2978696e-06  -1.0189977e-06  2.5811081e-05  -1.3308929e-05  
1.7158685e-05  -0.00042816583  0.00028693058  0.0028602892  0.0000000   3.8374977e-06  1.3579385e-07  -2.3365739e-06  9.9238410e-08  -2.4078297e-05  -1.5609625e-06  4.0768834e-06  1.0550820e-06  1.1682963e-06  0.00010693190  1.2897344e-05  2.5811081e-05  
0.00013890788  -4.0768834e-06  1.3117211e-05  -9.4343708e-06  -3.8374977e-06  0.0000000   2.6979833e-06  -0.0011496436  -9.1555781e-05  0.0012506814  0.00057351039  0.00042816583  0.00010008257  -1.9622295e-07  3.4709967e-05  -7.9359084e-07  1.3508547e-06  
-1.5103652e-05  -0.00010693190  -6.9812694e-07  4.0599868e-07  -1.3579385e-07  -2.6979833e-06  0.0000000   -9.2792605e-05  -0.0011496436  0.00010114911  -1.6613160e-06  3.4244248e-05  0.0012506814  1.1079486e-05  0.00042816583  -1.1572096e-05  -4.1380722e-06  
3.3106049e-05  -1.0596564e-05  -4.0768834e-06  3.6131712e-06  2.3365739e-06  0.0011496436  9.2792605e-05  0.0000000   2.6979833e-06  -0.00040491031  -8.1362588e-07  -0.00028693058  -3.2832184e-05  0.00057351039  -2.3095200e-05  -1.3878109e-07  -8.6082618e-07  
6.1714435e-06  5.1003012e-07  -0.00010693190  -2.8951636e-07  -9.9238410e-08  9.1555781e-05  0.0011496436  -2.6979833e-06  0.0000000   -3.1788149e-05  -1.2389167e-05  -2.3964226e-05  -0.00040491031  -1.6613160e-06  -0.00028693058  4.7346967e-06  2.4899018e-06  
-0.00010475953  1.3622278e-05  -6.0420094e-06  -4.0768834e-06  2.4078297e-05  -0.0012506814  -0.00010114911  0.00040491031  3.1788149e-05  0.0000000   -1.1650876e-07  -0.0028602892  2.6979833e-06  -4.3669192e-07  -0.00023077494  0.00057351039  7.9520028e-07  
0.00017916064  -2.5811081e-05  -6.9891841e-07  7.0329537e-06  1.5609625e-06  -0.00057351039  1.6613160e-06  8.1362588e-07  1.2389167e-05  1.1650876e-07  0.0000000   -1.7153314e-06  -1.2857110e-05  -0.0011496436  -3.8279306e-06  0.0012506814  0.00042816583  
0.00010063010  4.9125944e-07  1.5346479e-07  -2.3141167e-05  -4.0768834e-06  -0.00042816583  -3.4244248e-05  0.00028693058  2.3964226e-05  0.0028602892  1.7153314e-06  0.0000000   0.00023008315  -9.4008896e-07  2.6979833e-06  -6.2021721e-07  0.00057351039  
1.2386018e-06  -5.3759413e-07  1.5202290e-07  -0.00010693190  -1.0550820e-06  -0.00010008257  -0.0012506814  3.2832184e-05  0.00040491031  -2.6979833e-06  1.2857110e-05  -0.00023008315  0.0000000   -4.1805142e-06  -0.0028602892  -1.6613160e-06  2.7307918e-05  
-6.1624073e-05  7.1702520e-06  -2.5811081e-05  -2.2978696e-06  -1.1682963e-06  1.9622295e-07  -1.1079486e-05  -0.00057351039  1.6613160e-06  4.3669192e-07  0.0011496436  9.4008896e-07  4.1805142e-06  0.0000000   2.6462520e-06  -0.00040491031  -0.00028693058  
-9.3829931e-06  -1.4667698e-07  6.4039347e-08  1.0189977e-06  -0.00010693190  -3.4709967e-05  -0.00042816583  2.3095200e-05  0.00028693058  0.00023077494  3.8279306e-06  -2.6979833e-06  0.0028602892  -2.6462520e-06  0.0000000   -2.7014820e-05  -1.6613160e-06  
-0.00010794271  -2.4152156e-06  -8.6955768e-07  -2.5811081e-05  -1.2897344e-05  7.9359084e-07  1.1572096e-05  1.3878109e-07  -4.7346967e-06  -0.00057351039  -0.0012506814  6.2021721e-07  1.6613160e-06  0.00040491031  2.7014820e-05  0.0000000   -0.0028602892  
2.8232273e-05  -2.8996238e-06  2.0587747e-06  1.3308929e-05  -2.5811081e-05  -1.3508547e-06  4.1380722e-06  8.6082618e-07  -2.4899018e-06  -7.9520028e-07  -0.00042816583  -0.00057351039  -2.7307918e-05  0.00028693058  1.6613160e-06  0.0028602892  0.0000000   
