 C     6.0   -2.66062000    0.00000000    0.00000000   12.00000000
 C     6.0    2.66062000    0.00000000    0.00000000   12.00000000
 C     6.0    1.33031000   -2.30417000    0.00000000   12.00000000
 C     6.0   -1.33031000   -2.30417000    0.00000000   12.00000000
 C     6.0    1.33031000    2.30417000    0.00000000   12.00000000
 C     6.0   -1.33031000    2.30417000    0.00000000   12.00000000
 H     1.0   -4.72847000    0.00000000    0.00000000    1.00782504
 H     1.0    4.72847000    0.00000000    0.00000000    1.00782504
 H     1.0   -2.36422000   -4.09499000    0.00000000    1.00782504
 H     1.0    2.36422000   -4.09499000    0.00000000    1.00782504
 H     1.0   -2.36422000    4.09499000    0.00000000    1.00782504
 H     1.0    2.36422000    4.09499000    0.00000000    1.00782504
