 0.00000  -0.04749   0.00000   0.00000  -0.04386   0.00000   0.00000  -0.04328   0.00000   0.00000  -0.04223   0.00000   0.00000  -0.03718   1.00000   1.00000  -0.03238   0.00000   0.00000  -0.03036   0.00000   0.00000  -0.03718  -0.03718   1.00000   1.00000  
41.00000  -0.04838   0.00000   0.00000  -0.04462   0.00294   0.00000  -0.04376   0.00367   0.00000  -0.04158   0.00056   0.00000  -0.03772   0.99283   1.00000  -0.03300   0.00000   0.00000  -0.03035   0.00000   0.00000  -0.03776  -0.03772   1.00000   1.00000  
82.00000  -0.04903   0.00000   0.00000  -0.04581   0.00273   0.00000  -0.04450   0.00340   0.00000  -0.04109   0.00696   0.00000  -0.03794   0.98669   1.00000  -0.03365   0.00007   0.00000  -0.03049   0.00015   0.00000  -0.03800  -0.03794   1.00000   1.00000  
123.00000  -0.04936   0.00001   0.00000  -0.04689   0.00325   0.00000  -0.04553   0.00294   0.00000  -0.04092   0.01889   0.00000  -0.03788   0.97474   1.00000  -0.03424   0.00003   0.00000  -0.03082   0.00015   0.00000  -0.03799  -0.03788   1.00000   1.00000  
164.00000  -0.04940   0.00006   0.00000  -0.04766   0.00368   0.00000  -0.04667   0.00243   0.00000  -0.04124   0.01883   0.00000  -0.03770   0.97446   1.00000  -0.03474   0.00026   0.00000  -0.03146   0.00028   0.00000  -0.03783  -0.03770   1.00000   1.00000  
205.00000  -0.04944   0.00065   0.00000  -0.04812   0.00247   0.00000  -0.04737   0.00298   0.00000  -0.04202   0.01601   0.00000  -0.03757   0.97765   1.00000  -0.03512   0.00008   0.00000  -0.03232   0.00017   0.00000  -0.03770  -0.03757   1.00000   1.00000  
246.00000  -0.04967   0.00159   0.00000  -0.04873   0.00486   0.00000  -0.04699   0.00005   0.00000  -0.04302   0.01567   0.00000  -0.03754   0.97669   1.00000  -0.03546   0.00098   0.00000  -0.03324   0.00017   0.00000  -0.03770  -0.03754   1.00000   1.00000  
287.00000  -0.04987   0.00149   0.00000  -0.04938   0.00448   0.00000  -0.04586   0.00000   0.00000  -0.04387   0.01559   0.00000  -0.03758   0.97711   1.00000  -0.03577   0.00114   0.00000  -0.03411   0.00018   0.00000  -0.03774  -0.03758   1.00000   1.00000  
328.00000  -0.04997   0.00155   0.00000  -0.04960   0.00486   0.00000  -0.04522   0.00162   0.00000  -0.04374   0.01211   0.00000  -0.03759   0.97865   1.00000  -0.03595   0.00102   0.00000  -0.03477   0.00019   0.00000  -0.03776  -0.03759   1.00000   1.00000  
369.00000  -0.05000   0.00023   0.00000  -0.04922   0.00723   0.00000  -0.04537   0.00164   0.00000  -0.04261   0.01186   0.00000  -0.03752   0.97713   1.00000  -0.03592   0.00138   0.00000  -0.03512   0.00053   0.00000  -0.03768  -0.03752   1.00000   1.00000  
410.00000  -0.04998   0.00098   0.00000  -0.04836   0.00606   0.00000  -0.04573   0.00177   0.00000  -0.04161   0.01438   0.00000  -0.03727   0.97549   1.00000  -0.03571   0.00101   0.00000  -0.03506   0.00031   0.00000  -0.03742  -0.03727   1.00000   1.00000  
451.00000  -0.04993   0.00171   0.00000  -0.04733   0.00646   0.00000  -0.04617   0.00203   0.00000  -0.04108   0.01422   0.00000  -0.03686   0.96634   1.00000  -0.03537   0.00832   0.00000  -0.03471   0.00093   0.00000  -0.03702  -0.03686   1.00000   1.00000  
492.00000  -0.04987   0.00187   0.00000  -0.04686   0.00712   0.00000  -0.04596   0.00076   0.00000  -0.04070   0.01407   0.00000  -0.03638   0.96861   1.00000  -0.03493   0.00657   0.00000  -0.03439   0.00100   0.00000  -0.03653  -0.03638   1.00000   1.00000  
533.00000  -0.04977   0.00743   0.00000  -0.04717   0.00738   0.00000  -0.04493   0.00053   0.00000  -0.04046   0.01585   0.00000  -0.03589   0.94832   1.00000  -0.03450   0.01439   0.00000  -0.03419   0.00610   0.00000  -0.03612  -0.03589   1.00000   1.00000  
574.00000  -0.04963   0.00407   0.00000  -0.04756   0.00701   0.00000  -0.04373   0.00336   0.00000  -0.04047   0.01203   0.00000  -0.03547   0.95445   1.00000  -0.03418   0.01526   0.00000  -0.03402   0.00383   0.00000  -0.03568  -0.03547   1.00000   1.00000  
615.00000  -0.04942   0.00427   0.00000  -0.04762   0.00703   0.00000  -0.04256   0.00523   0.00000  -0.04059   0.01601   0.00000  -0.03518   0.87494   1.00000  -0.03399   0.08790   0.00000  -0.03374   0.00463   0.00000  -0.03534  -0.03518   1.00000   1.00000  
656.00000  -0.04909   0.00470   0.00000  -0.04733   0.00713   0.00000  -0.04197   0.00730   0.00000  -0.04031   0.01270   0.00000  -0.03515   0.96078   1.00000  -0.03394   0.00086   0.00000  -0.03321   0.00653   0.00000  -0.03541  -0.03515   1.00000   1.00000  
697.00000  -0.04864   0.00536   0.00000  -0.04687   0.00710   0.00000  -0.04226   0.01095   0.00000  -0.03954   0.00752   0.00000  -0.03543   0.86993   1.00000  -0.03383   0.08486   0.00000  -0.03246   0.01428   0.00000  -0.03551  -0.03543   1.00000   1.00000  
738.00000  -0.04805   0.00544   0.00000  -0.04633   0.00774   0.00000  -0.04335   0.01154   0.00000  -0.03902   0.00363   0.00000  -0.03587   0.87316   1.00000  -0.03335   0.08071   0.00000  -0.03161   0.01777   0.00000  -0.03584  -0.03587   1.00000   1.00000  
779.00000  -0.04740   0.00659   0.00000  -0.04603   0.00574   0.00000  -0.04461   0.01232   0.00000  -0.03909   0.00552   0.00000  -0.03647   0.87769   1.00000  -0.03261   0.07268   0.00000  -0.03152   0.01946   0.00000  -0.03633  -0.03647   1.00000   1.00000  
820.00000  -0.04738   0.01151   0.00000  -0.04593   0.00748   0.00000  -0.04484   0.01072   1.00000  -0.03959   0.00261   0.00000  -0.03704   0.83509   0.00000  -0.03202   0.12417   0.00000  -0.03154   0.00842   0.00000  -0.03665  -0.04484   1.00000   1.00000  
861.00000  -0.04801   0.01349   0.00000  -0.04596   0.01343   0.00000  -0.04393   0.01013   1.00000  -0.04033   0.00392   0.00000  -0.03748   0.82327   0.00000  -0.03154   0.13207   0.00000  -0.03066   0.00368   0.00000  -0.03700  -0.04393   1.00000   1.00000  
902.00000  -0.04863   0.01260   0.00000  -0.04682   0.04123   0.00000  -0.04258   0.00977   1.00000  -0.04111   0.00347   0.00000  -0.03734   0.79933   0.00000  -0.03130   0.05374   0.00000  -0.02996   0.07986   0.00000  -0.03703  -0.04258   1.00000   1.00000  
943.00000  -0.04956   0.00626   0.00000  -0.04804   0.03932   0.00000  -0.04222   0.01261   1.00000  -0.04084   0.00230   0.00000  -0.03659   0.80788   0.00000  -0.03112   0.05386   0.00000  -0.02980   0.07778   0.00000  -0.03638  -0.04222   1.00000   1.00000  
984.00000  -0.05091   0.01135   0.00000  -0.04848   0.03466   0.00000  -0.04300   0.00546   1.00000  -0.03956   0.00746   0.00000  -0.03576   0.80761   0.00000  -0.03067   0.04362   0.00000  -0.02972   0.08985   0.00000  -0.03568  -0.04300   1.00000   1.00000  
1025.00000  -0.05205   0.01149   0.00000  -0.04818   0.03372   0.00000  -0.04380   0.00582   1.00000  -0.03848   0.00292   0.00000  -0.03507   0.81006   0.00000  -0.03038   0.04546   0.00000  -0.02954   0.09053   0.00000  -0.03505  -0.04380   1.00000   1.00000  
1066.00000  -0.05269   0.01409   0.00000  -0.04747   0.03414   0.00000  -0.04445   0.00529   1.00000  -0.03771   0.00329   0.00000  -0.03461   0.80758   0.00000  -0.03049   0.04648   0.00000  -0.02973   0.08913   0.00000  -0.03474  -0.04445   1.00000   1.00000  
1107.00000  -0.05294   0.01366   0.00000  -0.04655   0.03669   1.00000  -0.04478   0.00273   0.00000  -0.03719   0.00439   0.00000  -0.03431   0.80523   0.00000  -0.03142   0.04146   0.00000  -0.03058   0.09584   0.00000  -0.03458  -0.04655   1.00000   1.00000  
1148.00000  -0.05303   0.01394   0.00000  -0.04602   0.03494   1.00000  -0.04419   0.00109   0.00000  -0.03685   0.00789   0.00000  -0.03437   0.80762   0.00000  -0.03284   0.04312   0.00000  -0.03140   0.09140   0.00000  -0.03473  -0.04602   1.00000   1.00000  
1189.00000  -0.05316   0.01297   0.00000  -0.04606   0.02528   1.00000  -0.04272   0.02477   0.00000  -0.03667   0.00115   0.00000  -0.03490   0.77925   0.00000  -0.03358   0.03949   0.00000  -0.03189   0.11709   0.00000  -0.03521  -0.04606   1.00000   1.00000  
1230.00000  -0.05309   0.01405   0.00000  -0.04621   0.02956   1.00000  -0.04109   0.01906   0.00000  -0.03673   0.00712   0.00000  -0.03571   0.75968   0.00000  -0.03368   0.03877   0.00000  -0.03209   0.13177   0.00000  -0.03582  -0.04621   1.00000   1.00000  
1271.00000  -0.05235   0.01378   0.00000  -0.04639   0.02177   1.00000  -0.04023   0.01227   0.00000  -0.03696   0.09654   0.00000  -0.03648   0.65948   0.00000  -0.03375   0.06885   0.00000  -0.03212   0.12731   0.00000  -0.03626  -0.04639   1.00000   1.00000  
1312.00000  -0.05091   0.01327   0.00000  -0.04683   0.02220   1.00000  -0.04074   0.01659   0.00000  -0.03742   0.07136   0.00000  -0.03656   0.67655   0.00000  -0.03381   0.06005   0.00000  -0.03193   0.13999   0.00000  -0.03630  -0.04683   1.00000   1.00000  
1353.00000  -0.04927   0.01151   0.00000  -0.04735   0.02454   1.00000  -0.04219   0.04636   0.00000  -0.03828   0.07021   0.00000  -0.03576   0.63359   0.00000  -0.03384   0.09053   0.00000  -0.03167   0.12325   0.00000  -0.03600  -0.04735   1.00000   1.00000  
1394.00000  -0.04813   0.01960   1.00000  -0.04707   0.01453   0.00000  -0.04360   0.04505   0.00000  -0.03960   0.07399   0.00000  -0.03484   0.65251   0.00000  -0.03385   0.07468   0.00000  -0.03156   0.11964   0.00000  -0.03556  -0.04813   1.00000   1.00000  
1435.00000  -0.04763   0.02158   1.00000  -0.04578   0.01443   0.00000  -0.04449   0.04464   0.00000  -0.04131   0.07190   0.00000  -0.03430   0.67444   0.00000  -0.03371   0.04860   0.00000  -0.03149   0.12441   0.00000  -0.03533  -0.04763   1.00000   1.00000  
1476.00000  -0.04714   0.02250   1.00000  -0.04525   0.00177   0.00000  -0.04480   0.05457   0.00000  -0.04263   0.07554   0.00000  -0.03396   0.62973   0.00000  -0.03345   0.08651   0.00000  -0.03175   0.12937   0.00000  -0.03519  -0.04714   1.00000   1.00000  
1517.00000  -0.04700   0.02140   1.00000  -0.04582   0.03288   0.00000  -0.04522   0.09830   0.00000  -0.04236   0.00476   0.00000  -0.03380   0.58109   0.00000  -0.03331   0.14325   0.00000  -0.03220   0.11832   0.00000  -0.03538  -0.04700   1.00000   1.00000  
1558.00000  -0.04832   0.03913   1.00000  -0.04622   0.01019   0.00000  -0.04545   0.10164   0.00000  -0.04103   0.00152   0.00000  -0.03403   0.25980   0.00000  -0.03335   0.54020   0.00000  -0.03244   0.04752   0.00000  -0.03544  -0.04832   1.00000   1.00000  
1599.00000  -0.05053   0.04223   1.00000  -0.04633   0.00371   0.00000  -0.04507   0.10520   0.00000  -0.03985   0.00143   0.00000  -0.03465   0.10507   0.00000  -0.03346   0.73137   0.00000  -0.03243   0.01098   0.00000  -0.03557  -0.05053   1.00000   1.00000  
1640.00000  -0.05253   0.04247   1.00000  -0.04632   0.00839   0.00000  -0.04482   0.10565   0.00000  -0.03890   0.00013   0.00000  -0.03544   0.10094   0.00000  -0.03369   0.73064   0.00000  -0.03231   0.01178   0.00000  -0.03593  -0.05253   1.00000   1.00000  
1681.00000  -0.05413   0.04447   1.00000  -0.04628   0.02254   0.00000  -0.04489   0.09829   0.00000  -0.03830   0.00001   0.00000  -0.03618   0.10122   0.00000  -0.03408   0.72852   0.00000  -0.03225   0.00496   0.00000  -0.03651  -0.05413   1.00000   1.00000  
1722.00000  -0.05523   0.04521   1.00000  -0.04630   0.05985   0.00000  -0.04512   0.07265   0.00000  -0.03850   0.00060   0.00000  -0.03677   0.10171   0.00000  -0.03444   0.69745   0.00000  -0.03200   0.02254   0.00000  -0.03705  -0.05523   1.00000   1.00000  
1763.00000  -0.05584   0.04514   1.00000  -0.04644   0.07767   0.00000  -0.04514   0.05099   0.00000  -0.03949   0.00178   0.00000  -0.03726   0.09733   0.00000  -0.03448   0.72052   0.00000  -0.03138   0.00656   0.00000  -0.03717  -0.05584   1.00000   1.00000  
1804.00000  -0.05596   0.04607   1.00000  -0.04682   0.11155   0.00000  -0.04521   0.03389   0.00000  -0.04078   0.00242   0.00000  -0.03762   0.09527   0.00000  -0.03399   0.70672   0.00000  -0.03059   0.00407   0.00000  -0.03716  -0.05596   1.00000   1.00000  
1845.00000  -0.05564   0.04687   1.00000  -0.04749   0.11346   0.00000  -0.04535   0.03436   0.00000  -0.04216   0.00163   0.00000  -0.03786   0.09298   0.00000  -0.03309   0.70775   0.00000  -0.03004   0.00295   0.00000  -0.03665  -0.05564   1.00000   1.00000  
1886.00000  -0.05518   0.04605   1.00000  -0.04824   0.09497   0.00000  -0.04515   0.03544   0.00000  -0.04337   0.00161   0.00000  -0.03806   0.09625   0.00000  -0.03252   0.71251   0.00000  -0.03016   0.01318   0.00000  -0.03602  -0.05518   1.00000   1.00000  
1927.00000  -0.05464   0.04604   1.00000  -0.04895   0.07653   0.00000  -0.04481   0.02301   0.00000  -0.04376   0.00256   0.00000  -0.03827   0.10094   0.00000  -0.03271   0.49818   0.00000  -0.03064   0.25274   0.00000  -0.03531  -0.05464   1.00000   1.00000  
1968.00000  -0.05385   0.04634   1.00000  -0.04946   0.05541   0.00000  -0.04479   0.02253   0.00000  -0.04317   0.00470   0.00000  -0.03841   0.10254   0.00000  -0.03270   0.43171   0.00000  -0.03135   0.33677   0.00000  -0.03506  -0.05385   1.00000   1.00000  
2009.00000  -0.05299   0.04326   1.00000  -0.04961   0.04792   0.00000  -0.04514   0.03991   0.00000  -0.04225   0.00817   0.00000  -0.03845   0.10089   0.00000  -0.03272   0.75562   0.00000  -0.03168   0.00423   0.00000  -0.03556  -0.05299   1.00000   1.00000  
2050.00000  -0.05210   0.04567   1.00000  -0.04933   0.04888   0.00000  -0.04582   0.03178   0.00000  -0.04135   0.01247   0.00000  -0.03840   0.09985   0.00000  -0.03325   0.63317   0.00000  -0.03200   0.12818   0.00000  -0.03575  -0.05210   1.00000   1.00000  
2091.00000  -0.05097   0.04531   1.00000  -0.04856   0.04957   0.00000  -0.04694   0.03470   0.00000  -0.04126   0.02488   0.00000  -0.03826   0.09800   0.00000  -0.03356   0.67678   0.00000  -0.03275   0.07076   0.00000  -0.03615  -0.05097   1.00000   1.00000  
2132.00000  -0.05008   0.05775   1.00000  -0.04803   0.05111   0.00000  -0.04711   0.02139   0.00000  -0.04222   0.01869   0.00000  -0.03799   0.10109   0.00000  -0.03368   0.67116   0.00000  -0.03296   0.07882   0.00000  -0.03619  -0.05008   1.00000   1.00000  
2173.00000  -0.05043   0.09328   1.00000  -0.04723   0.00004   0.00000  -0.04595   0.03828   0.00000  -0.04345   0.02173   0.00000  -0.03764   0.09566   0.00000  -0.03396   0.71828   0.00000  -0.03250   0.03273   0.00000  -0.03647  -0.05043   1.00000   1.00000  
2214.00000  -0.05155   0.08974   1.00000  -0.04612   0.00014   0.00000  -0.04508   0.07329   0.00000  -0.04367   0.01278   0.00000  -0.03740   0.09530   0.00000  -0.03448   0.63753   0.00000  -0.03167   0.09122   0.00000  -0.03693  -0.05155   1.00000   1.00000  
2255.00000  -0.05232   0.08911   1.00000  -0.04606   0.02190   0.00000  -0.04420   0.02661   0.00000  -0.04303   0.00999   0.00000  -0.03731   0.08315   0.00000  -0.03501   0.68546   0.00000  -0.03107   0.08377   0.00000  -0.03698  -0.05232   1.00000   1.00000  
2296.00000  -0.05258   0.08528   1.00000  -0.04633   0.01728   0.00000  -0.04312   0.03628   0.00000  -0.04252   0.04924   0.00000  -0.03711   0.07576   0.00000  -0.03520   0.68084   0.00000  -0.03128   0.05531   0.00000  -0.03745  -0.05258   1.00000   1.00000  
2337.00000  -0.05232   0.08598   1.00000  -0.04611   0.01820   0.00000  -0.04279   0.01233   0.00000  -0.04175   0.04518   0.00000  -0.03664   0.07766   0.00000  -0.03452   0.70257   0.00000  -0.03226   0.05808   0.00000  -0.03672  -0.05232   1.00000   1.00000  
2378.00000  -0.05157   0.08779   1.00000  -0.04542   0.01794   0.00000  -0.04300   0.01154   0.00000  -0.04082   0.04390   0.00000  -0.03612   0.07535   0.00000  -0.03477   0.33948   0.00000  -0.03213   0.42401   0.00000  -0.03578  -0.05157   1.00000   1.00000  
2419.00000  -0.05087   0.08805   1.00000  -0.04463   0.01943   0.00000  -0.04315   0.01055   0.00000  -0.04025   0.03754   0.00000  -0.03640   0.08528   0.00000  -0.03561   0.69741   0.00000  -0.03106   0.06173   0.00000  -0.03717  -0.05087   1.00000   1.00000  
2460.00000  -0.05029   0.08804   1.00000  -0.04420   0.00965   0.00000  -0.04302   0.02046   0.00000  -0.04007   0.03155   0.00000  -0.03760   0.08550   0.00000  -0.03541   0.69296   0.00000  -0.03071   0.07184   0.00000  -0.03696  -0.05029   1.00000   1.00000  
2501.00000  -0.04947   0.09048   1.00000  -0.04393   0.01330   0.00000  -0.04273   0.02717   0.00000  -0.04016   0.03510   0.00000  -0.03895   0.07564   0.00000  -0.03504   0.68993   0.00000  -0.03055   0.06837   0.00000  -0.03684  -0.04947   1.00000   1.00000  
2542.00000  -0.04917   0.08840   1.00000  -0.04374   0.01674   0.00000  -0.04257   0.02325   0.00000  -0.04032   0.06591   0.00000  -0.03947   0.04688   0.00000  -0.03459   0.68960   0.00000  -0.03020   0.06922   0.00000  -0.03652  -0.04917   1.00000   1.00000  
2583.00000  -0.04947   0.09200   1.00000  -0.04415   0.02736   0.00000  -0.04233   0.00596   0.00000  -0.04052   0.06475   0.00000  -0.03911   0.04701   0.00000  -0.03420   0.69001   0.00000  -0.03048   0.07290   0.00000  -0.03629  -0.04947   1.00000   1.00000  
2624.00000  -0.04969   0.09622   1.00000  -0.04511   0.03154   0.00000  -0.04244   0.00097   0.00000  -0.04083   0.06623   0.00000  -0.03862   0.04208   0.00000  -0.03390   0.68946   0.00000  -0.03168   0.07350   0.00000  -0.03628  -0.04969   1.00000   1.00000  
2665.00000  -0.04993   0.09510   1.00000  -0.04609   0.02790   0.00000  -0.04326   0.00140   0.00000  -0.04128   0.06091   0.00000  -0.03800   0.04979   0.00000  -0.03370   0.68860   0.00000  -0.03249   0.07630   0.00000  -0.03618  -0.04993   1.00000   1.00000  
2706.00000  -0.05007   0.09297   1.00000  -0.04680   0.03088   0.00000  -0.04440   0.00168   0.00000  -0.04211   0.06377   0.00000  -0.03752   0.04727   0.00000  -0.03361   0.68845   0.00000  -0.03191   0.07497   0.00000  -0.03616  -0.05007   1.00000   1.00000  
2747.00000  -0.04992   0.08922   1.00000  -0.04724   0.02917   0.00000  -0.04563   0.00346   0.00000  -0.04325   0.06760   0.00000  -0.03747   0.04533   0.00000  -0.03348   0.68932   0.00000  -0.03112   0.07590   0.00000  -0.03605  -0.04992   1.00000   1.00000  
2788.00000  -0.04953   0.08724   1.00000  -0.04755   0.02495   0.00000  -0.04648   0.00352   0.00000  -0.04433   0.07053   0.00000  -0.03783   0.04367   0.00000  -0.03319   0.69774   0.00000  -0.03113   0.07235   0.00000  -0.03586  -0.04953   1.00000   1.00000  
2829.00000  -0.04892   0.09025   1.00000  -0.04782   0.02913   0.00000  -0.04653   0.00257   0.00000  -0.04526   0.06394   0.00000  -0.03847   0.04403   0.00000  -0.03281   0.69843   0.00000  -0.03109   0.07166   0.00000  -0.03566  -0.04892   1.00000   1.00000  
2870.00000  -0.04830   0.08668   1.00000  -0.04784   0.02653   0.00000  -0.04628   0.00000   0.00000  -0.04557   0.07145   0.00000  -0.03900   0.04670   0.00000  -0.03234   0.69727   0.00000  -0.03145   0.07137   0.00000  -0.03533  -0.04830   1.00000   1.00000  
2911.00000  -0.04800   0.09761   1.00000  -0.04764   0.01718   0.00000  -0.04622   0.04137   0.00000  -0.04502   0.03801   0.00000  -0.03895   0.03248   0.00000  -0.03220   0.51105   0.00000  -0.03195   0.26231   0.00000  -0.03523  -0.04800   1.00000   1.00000  
2952.00000  -0.04797   0.08644   1.00000  -0.04758   0.03433   0.00000  -0.04626   0.02661   0.00000  -0.04413   0.03010   0.00000  -0.03820   0.03058   0.00000  -0.03273   0.48218   0.00000  -0.03188   0.30975   0.00000  -0.03516  -0.04797   1.00000   1.00000  
2993.00000  -0.04807   0.07854   1.00000  -0.04773   0.03081   0.00000  -0.04627   0.03224   0.00000  -0.04355   0.02337   0.00000  -0.03698   0.02453   0.00000  -0.03355   0.41120   0.00000  -0.03212   0.39931   0.00000  -0.03528  -0.04807   1.00000   1.00000  
3034.00000  -0.04814   0.08129   1.00000  -0.04784   0.04388   0.00000  -0.04610   0.03078   0.00000  -0.04358   0.00336   0.00000  -0.03567   0.03659   0.00000  -0.03391   0.51360   0.00000  -0.03246   0.29050   0.00000  -0.03573  -0.04814   1.00000   1.00000  
3075.00000  -0.04800   0.08408   1.00000  -0.04771   0.03896   0.00000  -0.04568   0.03138   0.00000  -0.04420   0.00417   0.00000  -0.03470   0.19056   0.00000  -0.03350   0.44221   0.00000  -0.03250   0.20863   0.00000  -0.03572  -0.04800   1.00000   1.00000  
3116.00000  -0.04767   0.08996   1.00000  -0.04726   0.04047   0.00000  -0.04542   0.03156   0.00000  -0.04471   0.01817   0.00000  -0.03425   0.10437   0.00000  -0.03313   0.45990   0.00000  -0.03239   0.25558   0.00000  -0.03553  -0.04767   1.00000   1.00000  
3157.00000  -0.04729   0.08833   1.00000  -0.04647   0.04219   0.00000  -0.04547   0.02475   0.00000  -0.04446   0.03404   0.00000  -0.03428   0.23638   0.00000  -0.03326   0.13808   0.00000  -0.03252   0.43623   0.00000  -0.03566  -0.04729   1.00000   1.00000  
3198.00000  -0.04708   0.09190   1.00000  -0.04551   0.03971   0.00000  -0.04525   0.02609   0.00000  -0.04395   0.03264   0.00000  -0.03468   0.11328   0.00000  -0.03360   0.20374   0.00000  -0.03300   0.49264   0.00000  -0.03578  -0.04708   1.00000   1.00000  
3239.00000  -0.04688   0.09201   1.00000  -0.04478   0.03964   0.00000  -0.04438   0.02403   0.00000  -0.04353   0.03401   0.00000  -0.03516   0.09861   0.00000  -0.03406   0.22328   0.00000  -0.03348   0.48842   0.00000  -0.03606  -0.04688   1.00000   1.00000  
3280.00000  -0.04654   0.09208   1.00000  -0.04449   0.03568   0.00000  -0.04356   0.02428   0.00000  -0.04302   0.03375   0.00000  -0.03569   0.11621   0.00000  -0.03459   0.22245   0.00000  -0.03389   0.47555   0.00000  -0.03634  -0.04654   1.00000   1.00000  
3321.00000  -0.04614   0.09532   1.00000  -0.04437   0.03542   0.00000  -0.04311   0.02642   0.00000  -0.04251   0.02026   0.00000  -0.03631   0.15536   0.00000  -0.03513   0.11920   0.00000  -0.03424   0.54800   0.00000  -0.03656  -0.04614   1.00000   1.00000  
3362.00000  -0.04543   0.11901   1.00000  -0.04417   0.03873   0.00000  -0.04277   0.02615   0.00000  -0.04232   0.01921   0.00000  -0.03698   0.11492   0.00000  -0.03565   0.19723   0.00000  -0.03452   0.48474   0.00000  -0.03707  -0.04543   1.00000   1.00000  
3403.00000  -0.04509   0.12845   1.00000  -0.04406   0.04660   0.00000  -0.04279   0.02230   0.00000  -0.04249   0.03084   0.00000  -0.03755   0.09744   0.00000  -0.03593   0.14368   0.00000  -0.03456   0.53070   0.00000  -0.03727  -0.04509   1.00000   1.00000  
3444.00000  -0.04569   0.13126   1.00000  -0.04446   0.05006   0.00000  -0.04339   0.02725   0.00000  -0.04277   0.02725   0.00000  -0.03803   0.10826   0.00000  -0.03544   0.10267   0.00000  -0.03391   0.55325   0.00000  -0.03709  -0.04569   1.00000   1.00000  
3485.00000  -0.04666   0.13273   1.00000  -0.04544   0.04273   0.00000  -0.04462   0.06422   0.00000  -0.04279   0.03465   0.00000  -0.03857   0.10757   0.00000  -0.03414   0.09493   0.00000  -0.03281   0.52318   0.00000  -0.03704  -0.04666   1.00000   1.00000  
3526.00000  -0.04777   0.11115   1.00000  -0.04655   0.08481   0.00000  -0.04595   0.03478   0.00000  -0.04254   0.03628   0.00000  -0.03911   0.10897   0.00000  -0.03281   0.08959   0.00000  -0.03188   0.53441   0.00000  -0.03664  -0.04777   1.00000   1.00000  
3567.00000  -0.04894   0.12361   1.00000  -0.04763   0.04428   0.00000  -0.04692   0.03386   0.00000  -0.04231   0.03531   0.00000  -0.03948   0.11102   0.00000  -0.03230   0.00249   0.00000  -0.03110   0.64943   0.00000  -0.03590  -0.04894   1.00000   1.00000  
3608.00000  -0.05005   0.13944   1.00000  -0.04857   0.02765   0.00000  -0.04760   0.03219   0.00000  -0.04215   0.03614   0.00000  -0.03961   0.11312   0.00000  -0.03264   0.00453   0.00000  -0.03046   0.64695   0.00000  -0.03571  -0.05005   1.00000   1.00000  
3649.00000  -0.05087   0.14195   1.00000  -0.04933   0.02758   0.00000  -0.04806   0.03220   0.00000  -0.04235   0.03340   0.00000  -0.03957   0.11464   0.00000  -0.03314   0.02549   0.00000  -0.03017   0.62474   0.00000  -0.03577  -0.05087   1.00000   1.00000  
3690.00000  -0.05113   0.13852   1.00000  -0.04980   0.03075   0.00000  -0.04814   0.03071   0.00000  -0.04285   0.03762   0.00000  -0.03946   0.11398   0.00000  -0.03348   0.01854   0.00000  -0.03011   0.62988   0.00000  -0.03579  -0.05113   1.00000   1.00000  
3731.00000  -0.05110   0.15658   1.00000  -0.04970   0.00822   0.00000  -0.04774   0.03260   0.00000  -0.04345   0.04267   0.00000  -0.03931   0.11448   0.00000  -0.03375   0.02557   0.00000  -0.03008   0.61989   0.00000  -0.03583  -0.05110   1.00000   1.00000  
3772.00000  -0.05108   0.13545   1.00000  -0.04893   0.03518   0.00000  -0.04691   0.02865   0.00000  -0.04410   0.04334   0.00000  -0.03916   0.11768   0.00000  -0.03396   0.04118   0.00000  -0.03018   0.59851   0.00000  -0.03597  -0.05108   1.00000   1.00000  
3813.00000  -0.05087   0.13515   1.00000  -0.04776   0.03640   0.00000  -0.04593   0.01782   0.00000  -0.04465   0.04726   0.00000  -0.03895   0.11653   0.00000  -0.03408   0.05672   0.00000  -0.03048   0.59010   0.00000  -0.03600  -0.05087   1.00000   1.00000  
3854.00000  -0.05044   0.14086   1.00000  -0.04664   0.03532   0.00000  -0.04536   0.03581   0.00000  -0.04495   0.03499   0.00000  -0.03859   0.11727   0.00000  -0.03400   0.04249   0.00000  -0.03056   0.59326   0.00000  -0.03605  -0.05044   1.00000   1.00000  
3895.00000  -0.04977   0.13395   1.00000  -0.04608   0.01047   0.00000  -0.04539   0.03352   0.00000  -0.04462   0.05620   0.00000  -0.03807   0.11598   0.00000  -0.03372   0.04771   0.00000  -0.03016   0.60217   0.00000  -0.03537  -0.04977   1.00000   1.00000  
3936.00000  -0.04894   0.13266   1.00000  -0.04613   0.00184   0.00000  -0.04550   0.02705   0.00000  -0.04389   0.07879   0.00000  -0.03749   0.11615   0.00000  -0.03339   0.04311   0.00000  -0.02983   0.60039   0.00000  -0.03497  -0.04894   1.00000   1.00000  
3977.00000  -0.04813   0.13020   1.00000  -0.04650   0.00827   0.00000  -0.04541   0.03063   0.00000  -0.04345   0.07061   0.00000  -0.03692   0.11388   0.00000  -0.03314   0.04936   0.00000  -0.03056   0.59704   0.00000  -0.03519  -0.04813   1.00000   1.00000  
4018.00000  -0.04759   0.13125   1.00000  -0.04679   0.00902   0.00000  -0.04512   0.03174   0.00000  -0.04327   0.06802   0.00000  -0.03634   0.11161   0.00000  -0.03307   0.05171   0.00000  -0.03163   0.59666   0.00000  -0.03568  -0.04759   1.00000   1.00000  
4059.00000  -0.04728   0.11326   1.00000  -0.04674   0.03275   0.00000  -0.04511   0.03178   0.00000  -0.04304   0.07311   0.00000  -0.03583   0.11660   0.00000  -0.03296   0.05278   0.00000  -0.03212   0.57972   0.00000  -0.03601  -0.04728   1.00000   1.00000  
4100.00000  -0.04705   0.11377   1.00000  -0.04657   0.03821   0.00000  -0.04528   0.02816   0.00000  -0.04293   0.07406   0.00000  -0.03540   0.10513   0.00000  -0.03277   0.05785   0.00000  -0.03194   0.58283   0.00000  -0.03582  -0.04705   1.00000   1.00000  
4141.00000  -0.04701   0.13574   1.00000  -0.04621   0.00403   0.00000  -0.04523   0.03473   0.00000  -0.04299   0.07272   0.00000  -0.03508   0.10473   0.00000  -0.03285   0.06463   0.00000  -0.03162   0.58343   0.00000  -0.03551  -0.04701   1.00000   1.00000  
4182.00000  -0.04703   0.13115   1.00000  -0.04569   0.00893   0.00000  -0.04477   0.03595   0.00000  -0.04301   0.07146   0.00000  -0.03505   0.11112   0.00000  -0.03326   0.04710   0.00000  -0.03202   0.59428   0.00000  -0.03575  -0.04703   1.00000   1.00000  
4223.00000  -0.04708   0.09863   1.00000  -0.04520   0.00791   0.00000  -0.04397   0.06493   0.00000  -0.04324   0.06350   0.00000  -0.03532   0.13702   0.00000  -0.03365   0.05684   0.00000  -0.03232   0.57116   0.00000  -0.03581  -0.04708   1.00000   1.00000  
4264.00000  -0.04729   0.13453   1.00000  -0.04537   0.00644   0.00000  -0.04395   0.05464   0.00000  -0.04309   0.06658   0.00000  -0.03547   0.16416   0.00000  -0.03360   0.04190   0.00000  -0.03216   0.53175   0.00000  -0.03625  -0.04729   1.00000   1.00000  
4305.00000  -0.04755   0.16522   1.00000  -0.04619   0.00595   0.00000  -0.04486   0.05961   0.00000  -0.04225   0.06510   0.00000  -0.03541   0.18553   0.00000  -0.03323   0.04332   0.00000  -0.03185   0.47528   0.00000  -0.03670  -0.04755   1.00000   1.00000  
4346.00000  -0.04792   0.17375   1.00000  -0.04686   0.00552   0.00000  -0.04593   0.04874   0.00000  -0.04128   0.06555   0.00000  -0.03532   0.18103   0.00000  -0.03285   0.04625   0.00000  -0.03158   0.47916   0.00000  -0.03657  -0.04792   1.00000   1.00000  
4387.00000  -0.04853   0.16781   1.00000  -0.04738   0.00406   0.00000  -0.04676   0.06294   0.00000  -0.04026   0.06531   0.00000  -0.03522   0.17303   0.00000  -0.03268   0.04865   0.00000  -0.03151   0.47820   0.00000  -0.03666  -0.04853   1.00000   1.00000  
4428.00000  -0.04929   0.13108   1.00000  -0.04801   0.01687   0.00000  -0.04702   0.08303   0.00000  -0.03931   0.06553   0.00000  -0.03502   0.17621   0.00000  -0.03270   0.05717   0.00000  -0.03162   0.47011   0.00000  -0.03666  -0.04929   1.00000   1.00000  
4469.00000  -0.05002   0.12982   1.00000  -0.04876   0.01410   0.00000  -0.04686   0.08302   0.00000  -0.03852   0.05718   0.00000  -0.03473   0.18119   0.00000  -0.03269   0.06162   0.00000  -0.03190   0.47307   0.00000  -0.03667  -0.05002   1.00000   1.00000  
4510.00000  -0.05053   0.10751   1.00000  -0.04929   0.02465   0.00000  -0.04650   0.10461   0.00000  -0.03809   0.06495   0.00000  -0.03468   0.18014   0.00000  -0.03272   0.06156   0.00000  -0.03212   0.45658   0.00000  -0.03691  -0.05053   1.00000   1.00000  
4551.00000  -0.05072   0.11712   1.00000  -0.04949   0.02488   0.00000  -0.04596   0.09923   0.00000  -0.03815   0.06988   0.00000  -0.03486   0.17987   0.00000  -0.03302   0.36055   0.00000  -0.03215   0.14847   0.00000  -0.03735  -0.05072   1.00000   1.00000  
4592.00000  -0.05066   0.12386   1.00000  -0.04939   0.01478   0.00000  -0.04546   0.10526   0.00000  -0.03864   0.08114   0.00000  -0.03522   0.17368   0.00000  -0.03359   0.21768   0.00000  -0.03241   0.28361   0.00000  -0.03755  -0.05066   1.00000   1.00000  
4633.00000  -0.05032   0.10943   1.00000  -0.04890   0.02863   0.00000  -0.04548   0.11832   0.00000  -0.03939   0.08535   0.00000  -0.03563   0.15991   0.00000  -0.03434   0.12924   0.00000  -0.03309   0.36912   0.00000  -0.03800  -0.05032   1.00000   1.00000  
4674.00000  -0.04972   0.12435   1.00000  -0.04796   0.01409   0.00000  -0.04592   0.13243   0.00000  -0.04019   0.07948   0.00000  -0.03609   0.15519   0.00000  -0.03534   0.38902   0.00000  -0.03344   0.10544   0.00000  -0.03901  -0.04972   1.00000   1.00000  
4715.00000  -0.04890   0.12244   1.00000  -0.04691   0.01121   0.00000  -0.04589   0.12958   0.00000  -0.04096   0.07893   0.00000  -0.03708   0.25386   0.00000  -0.03625   0.27382   0.00000  -0.03326   0.13015   0.00000  -0.03936  -0.04890   1.00000   1.00000  
4756.00000  -0.04786   0.10663   1.00000  -0.04638   0.01535   0.00000  -0.04475   0.13029   0.00000  -0.04173   0.07856   0.00000  -0.03851   0.36041   0.00000  -0.03681   0.19508   0.00000  -0.03300   0.11368   0.00000  -0.03973  -0.04786   1.00000   1.00000  
4797.00000  -0.04697   0.14107   1.00000  -0.04607   0.00188   0.00000  -0.04328   0.14614   0.00000  -0.04214   0.07923   0.00000  -0.03996   0.33893   0.00000  -0.03670   0.17929   0.00000  -0.03289   0.11346   0.00000  -0.04023  -0.04697   1.00000   1.00000  
4838.00000  -0.04630   0.08330   1.00000  -0.04548   0.01542   0.00000  -0.04257   0.12588   0.00000  -0.04203   0.07096   0.00000  -0.04076   0.36006   0.00000  -0.03593   0.23133   0.00000  -0.03294   0.11304   0.00000  -0.03961  -0.04630   1.00000   1.00000  
4879.00000  -0.04571   0.08758   1.00000  -0.04470   0.00787   0.00000  -0.04241   0.19915   0.00000  -0.04185   0.06569   0.00000  -0.04018   0.28954   0.00000  -0.03504   0.25986   0.00000  -0.03303   0.09030   0.00000  -0.03927  -0.04571   1.00000   1.00000  
4920.00000  -0.04525   0.08904   1.00000  -0.04377   0.01259   0.00000  -0.04245   0.17799   0.00000  -0.04180   0.05953   0.00000  -0.03894   0.31091   0.00000  -0.03431   0.25666   0.00000  -0.03303   0.09328   0.00000  -0.03862  -0.04525   1.00000   1.00000  
4961.00000  -0.04478   0.09200   1.00000  -0.04290   0.01160   0.00000  -0.04243   0.20171   0.00000  -0.04121   0.07773   0.00000  -0.03789   0.26716   0.00000  -0.03394   0.25100   0.00000  -0.03284   0.09880   0.00000  -0.03826  -0.04478   1.00000   1.00000  
5002.00000  -0.04422   0.09689   1.00000  -0.04260   0.00467   0.00000  -0.04192   0.15776   0.00000  -0.04065   0.18361   0.00000  -0.03715   0.27249   0.00000  -0.03345   0.20339   0.00000  -0.03253   0.08119   0.00000  -0.03813  -0.04422   1.00000   1.00000  
5043.00000  -0.04379   0.10169   1.00000  -0.04278   0.01016   0.00000  -0.04133   0.17648   0.00000  -0.04042   0.21369   0.00000  -0.03676   0.24832   0.00000  -0.03292   0.20191   0.00000  -0.03192   0.04775   0.00000  -0.03812  -0.04379   1.00000   1.00000  
5084.00000  -0.04379   0.08641   1.00000  -0.04294   0.01590   0.00000  -0.04148   0.14128   0.00000  -0.03959   0.22264   0.00000  -0.03640   0.25682   0.00000  -0.03296   0.27150   0.00000  -0.03130   0.00545   0.00000  -0.03761  -0.04379   1.00000   1.00000  
5125.00000  -0.04416   0.11987   1.00000  -0.04277   0.00452   0.00000  -0.04165   0.12634   0.00000  -0.03895   0.21876   0.00000  -0.03551   0.27565   0.00000  -0.03334   0.22906   0.00000  -0.03103   0.02579   0.00000  -0.03750  -0.04416   1.00000   1.00000  
5166.00000  -0.04451   0.13085   1.00000  -0.04221   0.05470   0.00000  -0.04084   0.07832   0.00000  -0.03909   0.24239   0.00000  -0.03448   0.24061   0.00000  -0.03330   0.21431   0.00000  -0.03102   0.03882   0.00000  -0.03744  -0.04451   1.00000   1.00000  
5207.00000  -0.04479   0.11336   1.00000  -0.04189   0.10305   0.00000  -0.04038   0.04157   0.00000  -0.03930   0.24538   0.00000  -0.03446   0.23188   0.00000  -0.03255   0.21684   0.00000  -0.03106   0.04793   0.00000  -0.03725  -0.04479   1.00000   1.00000  
5248.00000  -0.04484   0.11824   1.00000  -0.04214   0.10050   0.00000  -0.04098   0.01060   0.00000  -0.03977   0.19964   0.00000  -0.03492   0.26546   0.00000  -0.03191   0.11110   0.00000  -0.03057   0.19446   0.00000  -0.03667  -0.04484   1.00000   1.00000  
5289.00000  -0.04477   0.11782   1.00000  -0.04278   0.09411   0.00000  -0.04195   0.03976   0.00000  -0.04089   0.25713   0.00000  -0.03472   0.20282   0.00000  -0.03155   0.09635   0.00000  -0.02964   0.19201   0.00000  -0.03726  -0.04477   1.00000   1.00000  
5330.00000  -0.04511   0.12081   1.00000  -0.04372   0.08197   0.00000  -0.04304   0.19475   0.00000  -0.04204   0.16847   0.00000  -0.03402   0.15421   0.00000  -0.03104   0.08743   0.00000  -0.02887   0.19236   0.00000  -0.03801  -0.04511   1.00000   1.00000  
5371.00000  -0.04599   0.03007   1.00000  -0.04497   0.08308   0.00000  -0.04380   0.27934   0.00000  -0.04279   0.18258   0.00000  -0.03336   0.13964   0.00000  -0.03116   0.08526   0.00000  -0.02927   0.20005   0.00000  -0.03834  -0.04599   1.00000   1.00000  
5412.00000  -0.04706   0.08225   1.00000  -0.04611   0.05029   0.00000  -0.04434   0.18645   0.00000  -0.04313   0.24981   0.00000  -0.03342   0.13987   0.00000  -0.03194   0.00261   0.00000  -0.02977   0.28871   0.00000  -0.03858  -0.04706   1.00000   1.00000  
5453.00000  -0.04805   0.10582   1.00000  -0.04678   0.02478   0.00000  -0.04499   0.16984   0.00000  -0.04326   0.26501   0.00000  -0.03327   0.05630   0.00000  -0.03208   0.08374   0.00000  -0.02946   0.29450   0.00000  -0.03858  -0.04805   1.00000   1.00000  
5494.00000  -0.04875   0.10090   1.00000  -0.04704   0.02567   0.00000  -0.04561   0.16645   0.00000  -0.04324   0.27162   0.00000  -0.03272   0.05739   0.00000  -0.03060   0.08599   0.00000  -0.02919   0.29198   0.00000  -0.03850  -0.04875   1.00000   1.00000  
5535.00000  -0.04910   0.10024   1.00000  -0.04705   0.02247   0.00000  -0.04599   0.16820   0.00000  -0.04306   0.27398   0.00000  -0.03289   0.10168   0.00000  -0.02954   0.13872   0.00000  -0.02875   0.19471   0.00000  -0.03855  -0.04910   1.00000   1.00000  
5576.00000  -0.04908   0.10796   1.00000  -0.04697   0.02058   0.00000  -0.04583   0.16854   0.00000  -0.04265   0.26932   0.00000  -0.03340   0.10259   0.00000  -0.03007   0.13108   0.00000  -0.02900   0.19994   0.00000  -0.03864  -0.04908   1.00000   1.00000  
5617.00000  -0.04865   0.10827   1.00000  -0.04678   0.02316   0.00000  -0.04520   0.17202   0.00000  -0.04195   0.26453   0.00000  -0.03393   0.09670   0.00000  -0.03086   0.12775   0.00000  -0.03033   0.20757   0.00000  -0.03874  -0.04865   1.00000   1.00000  
5658.00000  -0.04787   0.12103   1.00000  -0.04636   0.02242   0.00000  -0.04479   0.17279   0.00000  -0.04113   0.26572   0.00000  -0.03431   0.09102   0.00000  -0.03202   0.11967   0.00000  -0.03161   0.20735   0.00000  -0.03901  -0.04787   1.00000   1.00000  
5699.00000  -0.04724   0.12878   1.00000  -0.04568   0.02142   0.00000  -0.04446   0.16336   0.00000  -0.04034   0.26139   0.00000  -0.03473   0.05013   0.00000  -0.03328   0.12185   0.00000  -0.03248   0.25308   0.00000  -0.03889  -0.04724   1.00000   1.00000  
5740.00000  -0.04725   0.13070   1.00000  -0.04489   0.02382   0.00000  -0.04383   0.15693   0.00000  -0.03965   0.26608   0.00000  -0.03545   0.06355   0.00000  -0.03422   0.11224   0.00000  -0.03335   0.24668   0.00000  -0.03899  -0.04725   1.00000   1.00000  
5781.00000  -0.04788   0.12439   1.00000  -0.04422   0.01228   0.00000  -0.04318   0.17443   0.00000  -0.03917   0.26464   0.00000  -0.03611   0.03628   0.00000  -0.03497   0.13422   0.00000  -0.03432   0.25376   0.00000  -0.03911  -0.04788   1.00000   1.00000  
5822.00000  -0.04853   0.15843   1.00000  -0.04395   0.02273   0.00000  -0.04266   0.17538   0.00000  -0.03891   0.25300   0.00000  -0.03630   0.03681   0.00000  -0.03545   0.17152   0.00000  -0.03482   0.18214   0.00000  -0.03977  -0.04853   1.00000   1.00000  
5863.00000  -0.04842   0.15537   1.00000  -0.04426   0.01667   0.00000  -0.04211   0.19087   0.00000  -0.03877   0.26904   0.00000  -0.03650   0.04705   0.00000  -0.03548   0.16342   0.00000  -0.03441   0.15758   0.00000  -0.03967  -0.04842   1.00000   1.00000  
5904.00000  -0.04785   0.15591   1.00000  -0.04499   0.00988   0.00000  -0.04149   0.19189   0.00000  -0.03869   0.26432   0.00000  -0.03716   0.00261   0.00000  -0.03527   0.21507   0.00000  -0.03414   0.16032   0.00000  -0.03925  -0.04785   1.00000   1.00000  
5945.00000  -0.04763   0.15426   1.00000  -0.04581   0.00394   0.00000  -0.04092   0.19187   0.00000  -0.03873   0.26996   0.00000  -0.03798   0.00444   0.00000  -0.03535   0.19920   0.00000  -0.03422   0.17632   0.00000  -0.03908  -0.04763   1.00000   1.00000  
5986.00000  -0.04796   0.14682   1.00000  -0.04651   0.00719   0.00000  -0.04041   0.17805   0.00000  -0.03936   0.28079   0.00000  -0.03883   0.00291   0.00000  -0.03561   0.20553   0.00000  -0.03418   0.17871   0.00000  -0.03916  -0.04796   1.00000   1.00000  
6027.00000  -0.04865   0.15309   1.00000  -0.04695   0.00703   0.00000  -0.04136   0.18241   0.00000  -0.04047   0.20352   0.00000  -0.03932   0.00791   0.00000  -0.03555   0.29346   0.00000  -0.03479   0.15257   0.00000  -0.03961  -0.04865   1.00000   1.00000  
6068.00000  -0.04955   0.16012   1.00000  -0.04703   0.00345   0.00000  -0.04373   0.23485   0.00000  -0.04183   0.06145   0.00000  -0.03902   0.11322   0.00000  -0.03637   0.24935   0.00000  -0.03513   0.17757   0.00000  -0.04066  -0.04955   1.00000   1.00000  
6109.00000  -0.05056   0.16543   1.00000  -0.04722   0.00246   0.00000  -0.04550   0.22286   0.00000  -0.04329   0.06903   0.00000  -0.03958   0.10691   0.00000  -0.03769   0.32472   0.00000  -0.03478   0.10860   0.00000  -0.04186  -0.05056   1.00000   1.00000  
6150.00000  -0.05134   0.16643   1.00000  -0.04834   0.00529   0.00000  -0.04598   0.22446   0.00000  -0.04426   0.06632   0.00000  -0.04157   0.38343   0.00000  -0.03801   0.04311   0.00000  -0.03461   0.11096   0.00000  -0.04347  -0.05134   1.00000   1.00000  
6191.00000  -0.05143   0.16295   1.00000  -0.05000   0.01152   0.00000  -0.04609   0.22167   0.00000  -0.04437   0.06548   0.00000  -0.04296   0.39747   0.00000  -0.03805   0.02965   0.00000  -0.03467   0.11126   0.00000  -0.04414  -0.05143   1.00000   1.00000  
6232.00000  -0.05162   0.15958   1.00000  -0.05082   0.00807   0.00000  -0.04660   0.26112   0.00000  -0.04391   0.02916   0.00000  -0.04241   0.40014   0.00000  -0.03816   0.03037   0.00000  -0.03498   0.11156   0.00000  -0.04413  -0.05162   1.00000   1.00000  
6273.00000  -0.05204   0.13847   0.00000  -0.05092   0.11044   1.00000  -0.04700   0.24366   0.00000  -0.04356   0.03963   0.00000  -0.04063   0.33140   0.00000  -0.03816   0.02892   0.00000  -0.03539   0.10748   0.00000  -0.04438  -0.05092   1.00000   1.00000  
6314.00000  -0.05216   0.11861   0.00000  -0.05099   0.16111   1.00000  -0.04713   0.24109   0.00000  -0.04368   0.03579   0.00000  -0.03933   0.30010   0.00000  -0.03788   0.03015   0.00000  -0.03577   0.11316   0.00000  -0.04432  -0.05099   1.00000   1.00000  
6355.00000  -0.05232   0.11961   0.00000  -0.05080   0.14383   1.00000  -0.04726   0.24357   0.00000  -0.04432   0.03460   0.00000  -0.03890   0.30908   0.00000  -0.03758   0.01809   0.00000  -0.03587   0.13122   0.00000  -0.04402  -0.05080   1.00000   1.00000  
6396.00000  -0.05259   0.09804   0.00000  -0.05014   0.16818   1.00000  -0.04731   0.24614   0.00000  -0.04521   0.03131   0.00000  -0.03881   0.31019   0.00000  -0.03752   0.01294   0.00000  -0.03567   0.13321   0.00000  -0.04392  -0.05014   1.00000   1.00000  
6437.00000  -0.05290   0.09170   0.00000  -0.04918   0.17739   1.00000  -0.04714   0.25912   0.00000  -0.04616   0.02286   0.00000  -0.03934   0.28709   0.00000  -0.03743   0.03601   0.00000  -0.03530   0.12582   0.00000  -0.04393  -0.04918   1.00000   1.00000  
6478.00000  -0.05325   0.08248   0.00000  -0.04848   0.28306   1.00000  -0.04712   0.09824   0.00000  -0.04643   0.08430   0.00000  -0.04079   0.29948   0.00000  -0.03710   0.01198   0.00000  -0.03477   0.14047   0.00000  -0.04420  -0.04848   1.00000   1.00000  
6519.00000  -0.05340   0.08932   0.00000  -0.04832   0.14770   0.00000  -0.04728   0.30507   1.00000  -0.04593   0.01448   0.00000  -0.04206   0.27445   0.00000  -0.03681   0.01827   0.00000  -0.03421   0.15070   0.00000  -0.04437  -0.04728   1.00000   1.00000  
6560.00000  -0.05315   0.09111   0.00000  -0.04826   0.13650   0.00000  -0.04728   0.35175   1.00000  -0.04541   0.00921   0.00000  -0.04179   0.23539   0.00000  -0.03659   0.01491   0.00000  -0.03357   0.16113   0.00000  -0.04427  -0.04728   1.00000   1.00000  
6601.00000  -0.05255   0.08109   0.00000  -0.04796   0.10905   0.00000  -0.04719   0.39088   1.00000  -0.04467   0.03877   0.00000  -0.04011   0.19180   0.00000  -0.03637   0.01075   0.00000  -0.03278   0.17765   0.00000  -0.04358  -0.04719   1.00000   1.00000  
6642.00000  -0.05153   0.07998   0.00000  -0.04767   0.10331   0.00000  -0.04675   0.39066   1.00000  -0.04375   0.04449   0.00000  -0.03802   0.18959   0.00000  -0.03614   0.01203   0.00000  -0.03226   0.17992   0.00000  -0.04271  -0.04675   1.00000   1.00000  
6683.00000  -0.05042   0.08119   0.00000  -0.04761   0.36420   1.00000  -0.04566   0.14502   0.00000  -0.04323   0.04548   0.00000  -0.03641   0.19473   0.00000  -0.03557   0.01138   0.00000  -0.03257   0.15799   0.00000  -0.04266  -0.04761   1.00000   1.00000  
6724.00000  -0.04925   0.08027   0.00000  -0.04758   0.40988   1.00000  -0.04418   0.09907   0.00000  -0.04316   0.05731   0.00000  -0.03550   0.18785   0.00000  -0.03462   0.01195   0.00000  -0.03319   0.15368   0.00000  -0.04248  -0.04758   1.00000   1.00000  
6765.00000  -0.04809   0.08230   0.00000  -0.04689   0.40408   1.00000  -0.04386   0.00903   0.00000  -0.04226   0.14936   0.00000  -0.03520   0.08235   0.00000  -0.03394   0.02016   0.00000  -0.03308   0.25271   0.00000  -0.04156  -0.04689   1.00000   1.00000  
6806.00000  -0.04754   0.24333   1.00000  -0.04613   0.23884   0.00000  -0.04430   0.00872   0.00000  -0.04062   0.14948   0.00000  -0.03510   0.07189   0.00000  -0.03346   0.02487   0.00000  -0.03247   0.26287   0.00000  -0.04094  -0.04754   1.00000   1.00000  
6847.00000  -0.04832   0.22825   1.00000  -0.04630   0.19176   0.00000  -0.04328   0.07799   0.00000  -0.03957   0.14798   0.00000  -0.03469   0.08834   0.00000  -0.03288   0.02625   0.00000  -0.03231   0.23943   0.00000  -0.04080  -0.04832   1.00000   1.00000  
6888.00000  -0.05007   0.22100   1.00000  -0.04644   0.16810   0.00000  -0.04139   0.08786   0.00000  -0.03917   0.13594   0.00000  -0.03431   0.08987   0.00000  -0.03275   0.03848   0.00000  -0.03231   0.25875   0.00000  -0.04054  -0.05007   1.00000   1.00000  
6929.00000  -0.05064   0.18886   1.00000  -0.04581   0.21184   0.00000  -0.04010   0.08395   0.00000  -0.03887   0.13408   0.00000  -0.03430   0.04825   0.00000  -0.03264   0.23172   0.00000  -0.03203   0.10131   0.00000  -0.04031  -0.05064   1.00000   1.00000  
6970.00000  -0.04928   0.19680   1.00000  -0.04486   0.20853   0.00000  -0.03990   0.07529   0.00000  -0.03820   0.15640   0.00000  -0.03441   0.03415   0.00000  -0.03231   0.22934   0.00000  -0.03176   0.09950   0.00000  -0.03978  -0.04928   1.00000   1.00000  
7011.00000  -0.04754   0.20941   1.00000  -0.04402   0.20751   0.00000  -0.04056   0.08387   0.00000  -0.03767   0.15399   0.00000  -0.03482   0.03398   0.00000  -0.03227   0.15122   0.00000  -0.03177   0.16003   0.00000  -0.03944  -0.04754   1.00000   1.00000  
7052.00000  -0.04668   0.20634   1.00000  -0.04343   0.19565   0.00000  -0.04130   0.07048   0.00000  -0.03764   0.16341   0.00000  -0.03563   0.02694   0.00000  -0.03260   0.27127   0.00000  -0.03195   0.06592   0.00000  -0.03910  -0.04668   1.00000   1.00000  
7093.00000  -0.04654   0.20224   1.00000  -0.04322   0.19970   0.00000  -0.04209   0.06096   0.00000  -0.03802   0.17039   0.00000  -0.03632   0.02522   0.00000  -0.03303   0.26763   0.00000  -0.03203   0.07387   0.00000  -0.03921  -0.04654   1.00000   1.00000  
7134.00000  -0.04663   0.21226   1.00000  -0.04385   0.17923   0.00000  -0.04273   0.05618   0.00000  -0.03877   0.18593   0.00000  -0.03660   0.02445   0.00000  -0.03335   0.27207   0.00000  -0.03195   0.06987   0.00000  -0.03957  -0.04663   1.00000   1.00000  
7175.00000  -0.04705   0.19169   1.00000  -0.04568   0.18793   0.00000  -0.04293   0.08318   0.00000  -0.03975   0.20145   0.00000  -0.03647   0.03385   0.00000  -0.03368   0.24761   0.00000  -0.03140   0.05428   0.00000  -0.04046  -0.04705   1.00000   1.00000  
7216.00000  -0.04849   0.19460   1.00000  -0.04739   0.16613   0.00000  -0.04317   0.09986   0.00000  -0.04091   0.20530   0.00000  -0.03627   0.03567   0.00000  -0.03415   0.24502   0.00000  -0.03080   0.05342   0.00000  -0.04133  -0.04849   1.00000   1.00000  
7257.00000  -0.05032   0.01842   1.00000  -0.04819   0.34888   0.00000  -0.04358   0.10117   0.00000  -0.04192   0.19696   0.00000  -0.03604   0.03369   0.00000  -0.03469   0.24522   0.00000  -0.03073   0.05566   0.00000  -0.04184  -0.05032   1.00000   1.00000  
7298.00000  -0.05138   0.01447   1.00000  -0.04855   0.34518   0.00000  -0.04418   0.10105   0.00000  -0.04272   0.20010   0.00000  -0.03566   0.05591   0.00000  -0.03493   0.23358   0.00000  -0.03048   0.04972   0.00000  -0.04218  -0.05138   1.00000   1.00000  
7339.00000  -0.05196   0.01448   1.00000  -0.04859   0.33936   0.00000  -0.04502   0.06081   0.00000  -0.04353   0.24457   0.00000  -0.03553   0.05809   0.00000  -0.03478   0.24186   0.00000  -0.02985   0.04083   0.00000  -0.04232  -0.05196   1.00000   1.00000  
7380.00000  -0.05227   0.01465   1.00000  -0.04847   0.32863   0.00000  -0.04597   0.09950   0.00000  -0.04428   0.20532   0.00000  -0.03559   0.09717   0.00000  -0.03481   0.23144   0.00000  -0.02972   0.02330   0.00000  -0.04257  -0.05227   1.00000   1.00000  
7421.00000  -0.05219   0.01730   1.00000  -0.04818   0.33524   0.00000  -0.04687   0.09060   0.00000  -0.04493   0.20716   0.00000  -0.03565   0.13553   0.00000  -0.03505   0.18936   0.00000  -0.03010   0.02481   0.00000  -0.04282  -0.05219   1.00000   1.00000  
7462.00000  -0.05172   0.01571   1.00000  -0.04812   0.31361   0.00000  -0.04722   0.11626   0.00000  -0.04555   0.20192   0.00000  -0.03599   0.01560   0.00000  -0.03514   0.31084   0.00000  -0.03060   0.02606   0.00000  -0.04287  -0.05172   1.00000   1.00000  
7503.00000  -0.05126   0.02285   1.00000  -0.04848   0.12619   0.00000  -0.04714   0.24648   0.00000  -0.04547   0.25170   0.00000  -0.03642   0.02793   0.00000  -0.03493   0.29875   0.00000  -0.03111   0.02610   0.00000  -0.04262  -0.05126   1.00000   1.00000  
7544.00000  -0.05101   0.01545   1.00000  -0.04878   0.14816   0.00000  -0.04744   0.01863   0.00000  -0.04435   0.46672   0.00000  -0.03678   0.02090   0.00000  -0.03453   0.30449   0.00000  -0.03165   0.02565   0.00000  -0.04169  -0.05101   1.00000   1.00000  
7585.00000  -0.05082   0.00829   1.00000  -0.04904   0.15396   0.00000  -0.04806   0.00043   0.00000  -0.04292   0.48559   0.00000  -0.03719   0.01935   0.00000  -0.03424   0.29094   0.00000  -0.03218   0.04143   0.00000  -0.04085  -0.05082   1.00000   1.00000  
7626.00000  -0.05086   0.00059   1.00000  -0.04934   0.16042   0.00000  -0.04857   0.00126   0.00000  -0.04178   0.49823   0.00000  -0.03760   0.00733   0.00000  -0.03414   0.31033   0.00000  -0.03263   0.02185   0.00000  -0.04040  -0.05086   1.00000   1.00000  
7667.00000  -0.05098   0.00049   1.00000  -0.04951   0.15990   0.00000  -0.04886   0.00149   0.00000  -0.04134   0.50219   0.00000  -0.03768   0.00521   0.00000  -0.03418   0.30379   0.00000  -0.03285   0.02693   0.00000  -0.04024  -0.05098   1.00000   1.00000  
7708.00000  -0.05085   0.00051   1.00000  -0.04944   0.15587   0.00000  -0.04889   0.00153   0.00000  -0.04182   0.48129   0.00000  -0.03729   0.02113   0.00000  -0.03418   0.27498   0.00000  -0.03293   0.06469   0.00000  -0.04025  -0.05085   1.00000   1.00000  
7749.00000  -0.05052   0.00042   1.00000  -0.04912   0.15272   0.00000  -0.04855   0.00148   0.00000  -0.04297   0.49969   0.00000  -0.03670   0.00233   0.00000  -0.03415   0.25103   0.00000  -0.03319   0.09232   0.00000  -0.04079  -0.05052   1.00000   1.00000  
7790.00000  -0.05007   0.00061   1.00000  -0.04857   0.16014   0.00000  -0.04768   0.00172   0.00000  -0.04439   0.50010   0.00000  -0.03616   0.00102   0.00000  -0.03415   0.22085   0.00000  -0.03352   0.11556   0.00000  -0.04154  -0.05007   1.00000   1.00000  
7831.00000  -0.04937   0.00725   1.00000  -0.04791   0.14438   0.00000  -0.04667   0.00953   0.00000  -0.04557   0.50399   0.00000  -0.03563   0.00148   0.00000  -0.03412   0.28021   0.00000  -0.03363   0.05317   0.00000  -0.04209  -0.04937   1.00000   1.00000  
7872.00000  -0.04860   0.01160   1.00000  -0.04751   0.21954   0.00000  -0.04605   0.01013   0.00000  -0.04575   0.41404   0.00000  -0.03509   0.00172   0.00000  -0.03401   0.28858   0.00000  -0.03327   0.05440   0.00000  -0.04209  -0.04860   1.00000   1.00000  
7913.00000  -0.04802   0.01092   1.00000  -0.04745   0.15680   0.00000  -0.04550   0.34464   0.00000  -0.04501   0.11589   0.00000  -0.03483   0.00837   0.00000  -0.03382   0.31791   0.00000  -0.03295   0.04547   0.00000  -0.04140  -0.04802   1.00000   1.00000  
7954.00000  -0.04771   0.00414   1.00000  -0.04747   0.19233   0.00000  -0.04498   0.31932   0.00000  -0.04397   0.12138   0.00000  -0.03563   0.00181   0.00000  -0.03406   0.28210   0.00000  -0.03312   0.07891   0.00000  -0.04132  -0.04771   1.00000   1.00000  
7995.00000  -0.04800   0.01203   1.00000  -0.04761   0.17744   0.00000  -0.04465   0.24170   0.00000  -0.04286   0.19907   0.00000  -0.03767   0.04161   0.00000  -0.03453   0.11242   0.00000  -0.03342   0.21574   0.00000  -0.04101  -0.04800   1.00000   1.00000  
8036.00000  -0.04827   0.12485   1.00000  -0.04783   0.08228   0.00000  -0.04435   0.26013   0.00000  -0.04189   0.18222   0.00000  -0.03703   0.01520   0.00000  -0.03446   0.12463   0.00000  -0.03345   0.21070   0.00000  -0.04104  -0.04827   1.00000   1.00000  
8077.00000  -0.04797   0.10364   1.00000  -0.04778   0.10796   0.00000  -0.04395   0.25235   0.00000  -0.04116   0.18398   0.00000  -0.03495   0.02775   0.00000  -0.03395   0.13752   0.00000  -0.03276   0.18680   0.00000  -0.04055  -0.04797   1.00000   1.00000  
8118.00000  -0.04764   0.21158   1.00000  -0.04722   0.00064   0.00000  -0.04336   0.25092   0.00000  -0.04068   0.18371   0.00000  -0.03468   0.06220   0.00000  -0.03354   0.11622   0.00000  -0.03219   0.17473   0.00000  -0.04014  -0.04764   1.00000   1.00000  
8159.00000  -0.04735   0.20623   1.00000  -0.04628   0.01429   0.00000  -0.04255   0.23991   0.00000  -0.04040   0.19161   0.00000  -0.03463   0.04407   0.00000  -0.03335   0.13568   0.00000  -0.03225   0.16821   0.00000  -0.03985  -0.04735   1.00000   1.00000  
8200.00000  -0.04705   0.20466   1.00000  -0.04516   0.02079   0.00000  -0.04161   0.26258   0.00000  -0.04035   0.18002   0.00000  -0.03469   0.04211   0.00000  -0.03319   0.08725   0.00000  -0.03225   0.20259   0.00000  -0.03965  -0.04705   1.00000   1.00000  
8241.00000  -0.04632   0.19392   1.00000  -0.04404   0.02264   0.00000  -0.04100   0.33678   0.00000  -0.04015   0.10593   0.00000  -0.03486   0.04241   0.00000  -0.03312   0.09490   0.00000  -0.03231   0.20342   0.00000  -0.03924  -0.04632   1.00000   1.00000  
8282.00000  -0.04510   0.18638   1.00000  -0.04306   0.01325   0.00000  -0.04114   0.34787   0.00000  -0.03958   0.09860   0.00000  -0.03509   0.04231   0.00000  -0.03318   0.03472   0.00000  -0.03241   0.27687   0.00000  -0.03880  -0.04510   1.00000   1.00000  
8323.00000  -0.04394   0.18563   1.00000  -0.04233   0.01062   0.00000  -0.04158   0.29635   0.00000  -0.03917   0.14609   0.00000  -0.03533   0.04471   0.00000  -0.03339   0.00011   0.00000  -0.03233   0.31649   0.00000  -0.03846  -0.04394   1.00000   1.00000  
8364.00000  -0.04358   0.10829   1.00000  -0.04172   0.03768   0.00000  -0.04148   0.34373   0.00000  -0.03913   0.17175   0.00000  -0.03567   0.04338   0.00000  -0.03348   0.02798   0.00000  -0.03203   0.26719   0.00000  -0.03831  -0.04358   1.00000   1.00000  
8405.00000  -0.04416   0.05740   1.00000  -0.04127   0.07887   0.00000  -0.04085   0.34553   0.00000  -0.03924   0.18381   0.00000  -0.03615   0.03015   0.00000  -0.03316   0.06046   0.00000  -0.03158   0.24377   0.00000  -0.03791  -0.04416   1.00000   1.00000  
8446.00000  -0.04500   0.02826   1.00000  -0.04152   0.09485   0.00000  -0.04058   0.38178   0.00000  -0.03953   0.14731   0.00000  -0.03638   0.03058   0.00000  -0.03259   0.04872   0.00000  -0.03100   0.26850   0.00000  -0.03755  -0.04500   1.00000   1.00000  
8487.00000  -0.04598   0.01869   1.00000  -0.04222   0.07927   0.00000  -0.04108   0.22338   0.00000  -0.03969   0.32251   0.00000  -0.03641   0.04799   0.00000  -0.03214   0.04878   0.00000  -0.03045   0.25938   0.00000  -0.03740  -0.04598   1.00000   1.00000  
8528.00000  -0.04688   0.01304   1.00000  -0.04292   0.08063   0.00000  -0.04179   0.11441   0.00000  -0.03954   0.43921   0.00000  -0.03651   0.04675   0.00000  -0.03188   0.04511   0.00000  -0.03022   0.26084   0.00000  -0.03725  -0.04688   1.00000   1.00000  
8569.00000  -0.04711   0.01402   1.00000  -0.04350   0.08703   0.00000  -0.04224   0.09710   0.00000  -0.03942   0.44795   0.00000  -0.03654   0.04860   0.00000  -0.03191   0.04127   0.00000  -0.03020   0.26403   0.00000  -0.03727  -0.04711   1.00000   1.00000  
8610.00000  -0.04684   0.01504   1.00000  -0.04392   0.08466   0.00000  -0.04262   0.10480   0.00000  -0.03962   0.47308   0.00000  -0.03632   0.01988   0.00000  -0.03224   0.04303   0.00000  -0.02992   0.25951   0.00000  -0.03751  -0.04684   1.00000   1.00000  
8651.00000  -0.04658   0.01028   1.00000  -0.04444   0.09195   0.00000  -0.04322   0.11007   0.00000  -0.04029   0.43141   0.00000  -0.03582   0.05501   0.00000  -0.03270   0.04938   0.00000  -0.02947   0.25191   0.00000  -0.03771  -0.04658   1.00000   1.00000  
8692.00000  -0.04653   0.01191   1.00000  -0.04492   0.10901   0.00000  -0.04394   0.09072   0.00000  -0.04131   0.43944   0.00000  -0.03510   0.05590   0.00000  -0.03317   0.05713   0.00000  -0.02963   0.23587   0.00000  -0.03844  -0.04653   1.00000   1.00000  
8733.00000  -0.04690   0.00803   1.00000  -0.04539   0.08806   0.00000  -0.04452   0.13746   0.00000  -0.04240   0.41591   0.00000  -0.03437   0.05830   0.00000  -0.03344   0.05466   0.00000  -0.03046   0.23757   0.00000  -0.03920  -0.04690   1.00000   1.00000  
8774.00000  -0.04750   0.00437   1.00000  -0.04602   0.15566   0.00000  -0.04512   0.01110   0.00000  -0.04303   0.47748   0.00000  -0.03414   0.07694   0.00000  -0.03309   0.05141   0.00000  -0.03109   0.22304   0.00000  -0.03968  -0.04750   1.00000   1.00000  
8815.00000  -0.04804   0.00389   1.00000  -0.04658   0.11541   0.00000  -0.04603   0.17568   0.00000  -0.04293   0.36001   0.00000  -0.03439   0.05924   0.00000  -0.03265   0.08614   0.00000  -0.03110   0.19963   0.00000  -0.04016  -0.04804   1.00000   1.00000  
8856.00000  -0.04854   0.00537   1.00000  -0.04734   0.14214   0.00000  -0.04673   0.14610   0.00000  -0.04231   0.35454   0.00000  -0.03453   0.05993   0.00000  -0.03271   0.05190   0.00000  -0.03087   0.24003   0.00000  -0.04000  -0.04854   1.00000   1.00000  
8897.00000  -0.04926   0.01004   1.00000  -0.04842   0.16679   0.00000  -0.04726   0.15683   0.00000  -0.04156   0.31423   0.00000  -0.03460   0.06129   0.00000  -0.03300   0.04944   0.00000  -0.03056   0.24136   0.00000  -0.04017  -0.04926   1.00000   1.00000  
8938.00000  -0.05018   0.01074   1.00000  -0.04945   0.14972   0.00000  -0.04802   0.14776   0.00000  -0.04088   0.34187   0.00000  -0.03468   0.05475   0.00000  -0.03331   0.05326   0.00000  -0.03037   0.24190   0.00000  -0.04003  -0.05018   1.00000   1.00000  
8979.00000  -0.05092   0.00814   1.00000  -0.05027   0.15549   0.00000  -0.04860   0.16163   0.00000  -0.04035   0.32660   0.00000  -0.03478   0.06166   0.00000  -0.03349   0.04497   0.00000  -0.03141   0.24150   0.00000  -0.04050  -0.05092   1.00000   1.00000  
9020.00000  -0.05133   0.00848   1.00000  -0.05065   0.15453   0.00000  -0.04871   0.15368   0.00000  -0.04002   0.32891   0.00000  -0.03499   0.05089   0.00000  -0.03387   0.05035   0.00000  -0.03293   0.25317   0.00000  -0.04073  -0.05133   1.00000   1.00000  
9061.00000  -0.05151   0.04574   1.00000  -0.05061   0.12531   0.00000  -0.04856   0.13954   0.00000  -0.04057   0.33046   0.00000  -0.03500   0.07065   0.00000  -0.03406   0.19908   0.00000  -0.03333   0.08923   0.00000  -0.04111  -0.05151   1.00000   1.00000  
9102.00000  -0.05152   0.03620   1.00000  -0.05031   0.13097   0.00000  -0.04837   0.13262   0.00000  -0.04202   0.33695   0.00000  -0.03492   0.08116   0.00000  -0.03412   0.18005   0.00000  -0.03267   0.10204   0.00000  -0.04134  -0.05152   1.00000   1.00000  
9143.00000  -0.05132   0.03846   1.00000  -0.04989   0.13189   0.00000  -0.04807   0.14242   0.00000  -0.04359   0.33939   0.00000  -0.03524   0.10868   0.00000  -0.03448   0.12010   0.00000  -0.03216   0.11905   0.00000  -0.04199  -0.05132   1.00000   1.00000  
9184.00000  -0.05085   0.03825   1.00000  -0.04938   0.13781   0.00000  -0.04774   0.17157   0.00000  -0.04507   0.34092   0.00000  -0.03582   0.16935   0.00000  -0.03460   0.02359   0.00000  -0.03261   0.11852   0.00000  -0.04305  -0.05085   1.00000   1.00000  
9225.00000  -0.05002   0.03962   1.00000  -0.04885   0.10773   0.00000  -0.04748   0.18288   0.00000  -0.04593   0.34359   0.00000  -0.03640   0.16917   0.00000  -0.03466   0.02015   0.00000  -0.03333   0.13686   0.00000  -0.04313  -0.05002   1.00000   1.00000  
9266.00000  -0.04900   0.01993   0.00000  -0.04823   0.12689   1.00000  -0.04716   0.18368   0.00000  -0.04600   0.34004   0.00000  -0.03686   0.20637   0.00000  -0.03494   0.04626   0.00000  -0.03364   0.07683   0.00000  -0.04321  -0.04823   1.00000   1.00000  
9307.00000  -0.04797   0.01420   0.00000  -0.04708   0.12611   1.00000  -0.04644   0.17593   0.00000  -0.04551   0.33909   0.00000  -0.03742   0.20482   0.00000  -0.03545   0.04213   0.00000  -0.03352   0.09773   0.00000  -0.04265  -0.04708   1.00000   1.00000  
9348.00000  -0.04696   0.00739   0.00000  -0.04572   0.15580   1.00000  -0.04548   0.20131   0.00000  -0.04437   0.29411   0.00000  -0.03798   0.19985   0.00000  -0.03609   0.05751   0.00000  -0.03317   0.08403   0.00000  -0.04213  -0.04572   1.00000   1.00000  
9389.00000  -0.04579   0.01904   0.00000  -0.04469   0.14341   1.00000  -0.04427   0.09347   0.00000  -0.04298   0.38677   0.00000  -0.03825   0.21254   0.00000  -0.03669   0.05532   0.00000  -0.03278   0.08945   0.00000  -0.04114  -0.04469   1.00000   1.00000  
9430.00000  -0.04481   0.02841   0.00000  -0.04388   0.14828   1.00000  -0.04281   0.10372   0.00000  -0.04175   0.34678   0.00000  -0.03829   0.22067   0.00000  -0.03708   0.04916   0.00000  -0.03233   0.10299   0.00000  -0.04030  -0.04388   1.00000   1.00000  
9471.00000  -0.04450   0.02502   1.00000  -0.04313   0.16590   0.00000  -0.04169   0.14834   0.00000  -0.04064   0.27494   0.00000  -0.03829   0.21950   0.00000  -0.03729   0.04149   0.00000  -0.03185   0.12480   0.00000  -0.03955  -0.04450   1.00000   1.00000  
9512.00000  -0.04446   0.01406   1.00000  -0.04252   0.16404   0.00000  -0.04108   0.13186   0.00000  -0.03989   0.30392   0.00000  -0.03856   0.20082   0.00000  -0.03740   0.04236   0.00000  -0.03130   0.14295   0.00000  -0.03894  -0.04446   1.00000   1.00000  
9553.00000  -0.04452   0.01083   1.00000  -0.04220   0.13916   0.00000  -0.04100   0.24508   0.00000  -0.03972   0.23650   0.00000  -0.03915   0.22525   0.00000  -0.03710   0.00907   0.00000  -0.03067   0.13412   0.00000  -0.03907  -0.04452   1.00000   1.00000  
9594.00000  -0.04490   0.02524   1.00000  -0.04203   0.13087   0.00000  -0.04098   0.26566   0.00000  -0.03992   0.24428   0.00000  -0.03954   0.18156   0.00000  -0.03647   0.02569   0.00000  -0.03046   0.12670   0.00000  -0.03925  -0.04490   1.00000   1.00000  
9635.00000  -0.04558   0.02093   1.00000  -0.04189   0.14600   0.00000  -0.04069   0.27680   0.00000  -0.03994   0.10111   0.00000  -0.03960   0.29596   0.00000  -0.03558   0.02519   0.00000  -0.03068   0.13401   0.00000  -0.03910  -0.04558   1.00000   1.00000  
9676.00000  -0.04603   0.00756   1.00000  -0.04197   0.30390   0.00000  -0.04047   0.20548   0.00000  -0.03985   0.00795   0.00000  -0.03958   0.31443   0.00000  -0.03440   0.02166   0.00000  -0.03101   0.13902   0.00000  -0.03924  -0.04603   1.00000   1.00000  
9717.00000  -0.04592   0.00902   1.00000  -0.04223   0.20928   0.00000  -0.04055   0.19976   0.00000  -0.03982   0.01241   0.00000  -0.03949   0.40552   0.00000  -0.03325   0.01807   0.00000  -0.03111   0.14594   0.00000  -0.03900  -0.04592   1.00000   1.00000  
9758.00000  -0.04591   0.02138   1.00000  -0.04246   0.23747   0.00000  -0.04095   0.14780   0.00000  -0.03950   0.30849   0.00000  -0.03916   0.10993   0.00000  -0.03290   0.02712   0.00000  -0.03100   0.14782   0.00000  -0.03908  -0.04591   1.00000   1.00000  
9799.00000  -0.04666   0.00735   1.00000  -0.04266   0.19635   0.00000  -0.04136   0.14029   0.00000  -0.03937   0.42611   0.00000  -0.03816   0.06183   0.00000  -0.03248   0.03118   0.00000  -0.03109   0.13689   0.00000  -0.03893  -0.04666   1.00000   1.00000  
9840.00000  -0.04762   0.00323   1.00000  -0.04291   0.13810   0.00000  -0.04155   0.21232   0.00000  -0.03992   0.40345   0.00000  -0.03676   0.06040   0.00000  -0.03161   0.02816   0.00000  -0.03090   0.15434   0.00000  -0.03889  -0.04762   1.00000   1.00000  
9881.00000  -0.04849   0.00476   1.00000  -0.04339   0.25861   0.00000  -0.04178   0.16043   0.00000  -0.04083   0.34174   0.00000  -0.03541   0.05760   0.00000  -0.03127   0.01846   0.00000  -0.03027   0.15841   0.00000  -0.03952  -0.04849   1.00000   1.00000  
9922.00000  -0.04935   0.00483   1.00000  -0.04414   0.17592   0.00000  -0.04258   0.00041   0.00000  -0.04141   0.58753   0.00000  -0.03423   0.05680   0.00000  -0.03112   0.01796   0.00000  -0.02977   0.15655   0.00000  -0.03951  -0.04935   1.00000   1.00000  
9963.00000  -0.04991   0.00331   1.00000  -0.04501   0.17135   0.00000  -0.04375   0.10398   0.00000  -0.04163   0.48882   0.00000  -0.03331   0.05631   0.00000  -0.03088   0.01319   0.00000  -0.02928   0.16303   0.00000  -0.03984  -0.04991   1.00000   1.00000  
10004.00000  -0.05016   0.00482   1.00000  -0.04580   0.15177   0.00000  -0.04454   0.09687   0.00000  -0.04208   0.50485   0.00000  -0.03273   0.05967   0.00000  -0.03066   0.02559   0.00000  -0.02866   0.15644   0.00000  -0.03997  -0.05016   1.00000   1.00000  
10045.00000  -0.05017   0.00324   1.00000  -0.04627   0.14697   0.00000  -0.04479   0.09703   0.00000  -0.04274   0.50169   0.00000  -0.03210   0.06157   0.00000  -0.03052   0.02560   0.00000  -0.02813   0.16390   0.00000  -0.04012  -0.05017   1.00000   1.00000  
10086.00000  -0.04978   0.00396   1.00000  -0.04645   0.14739   0.00000  -0.04482   0.12381   0.00000  -0.04346   0.47691   0.00000  -0.03144   0.07066   0.00000  -0.03045   0.01394   0.00000  -0.02890   0.16332   0.00000  -0.04068  -0.04978   1.00000   1.00000  
10127.00000  -0.04930   0.00518   1.00000  -0.04664   0.14153   0.00000  -0.04493   0.12538   0.00000  -0.04403   0.48137   0.00000  -0.03142   0.06310   0.00000  -0.03097   0.00523   0.00000  -0.02991   0.17821   0.00000  -0.04116  -0.04930   1.00000   1.00000  
10168.00000  -0.04875   0.00416   1.00000  -0.04674   0.14130   0.00000  -0.04535   0.12985   0.00000  -0.04420   0.48376   0.00000  -0.03196   0.05871   0.00000  -0.03117   0.00325   0.00000  -0.03028   0.17898   0.00000  -0.04148  -0.04875   1.00000   1.00000  
10209.00000  -0.04834   0.01468   1.00000  -0.04657   0.13595   0.00000  -0.04578   0.02499   0.00000  -0.04417   0.59391   0.00000  -0.03259   0.03735   0.00000  -0.03104   0.01324   0.00000  -0.03046   0.17989   0.00000  -0.04152  -0.04834   1.00000   1.00000  
10250.00000  -0.04851   0.03558   1.00000  -0.04680   0.12520   0.00000  -0.04542   0.00096   0.00000  -0.04389   0.60141   0.00000  -0.03311   0.01537   0.00000  -0.03137   0.00144   0.00000  -0.03036   0.22004   0.00000  -0.04126  -0.04851   1.00000   1.00000  
10291.00000  -0.04882   0.03872   1.00000  -0.04740   0.09798   0.00000  -0.04526   0.01356   0.00000  -0.04284   0.58660   0.00000  -0.03356   0.01870   0.00000  -0.03147   0.01545   0.00000  -0.03050   0.22900   0.00000  -0.04038  -0.04882   1.00000   1.00000  
10332.00000  -0.04902   0.04392   1.00000  -0.04798   0.10107   0.00000  -0.04603   0.06408   0.00000  -0.04165   0.53584   0.00000  -0.03393   0.00725   0.00000  -0.03136   0.02305   0.00000  -0.03057   0.22479   0.00000  -0.04011  -0.04902   1.00000   1.00000  
10373.00000  -0.04935   0.00360   1.00000  -0.04820   0.14082   0.00000  -0.04712   0.08271   0.00000  -0.04122   0.51520   0.00000  -0.03386   0.00732   0.00000  -0.03139   0.01485   0.00000  -0.03027   0.23550   0.00000  -0.03994  -0.04935   1.00000   1.00000  
10414.00000  -0.04976   0.03372   1.00000  -0.04854   0.10982   0.00000  -0.04763   0.08825   0.00000  -0.04141   0.48872   0.00000  -0.03335   0.00800   0.00000  -0.03178   0.06645   0.00000  -0.02971   0.20503   0.00000  -0.03992  -0.04976   1.00000   1.00000  
10455.00000  -0.05004   0.02762   1.00000  -0.04927   0.11441   0.00000  -0.04700   0.08178   0.00000  -0.04173   0.49702   0.00000  -0.03307   0.02203   0.00000  -0.03217   0.06009   0.00000  -0.03058   0.19704   0.00000  -0.04029  -0.05004   1.00000   1.00000  
10496.00000  -0.05022   0.07274   1.00000  -0.04965   0.06490   0.00000  -0.04590   0.07983   0.00000  -0.04198   0.49870   0.00000  -0.03340   0.01135   0.00000  -0.03275   0.07252   0.00000  -0.03205   0.19995   0.00000  -0.04064  -0.05022   1.00000   1.00000  
10537.00000  -0.05039   0.07093   1.00000  -0.04976   0.06467   0.00000  -0.04469   0.08157   0.00000  -0.04222   0.49812   0.00000  -0.03399   0.00127   0.00000  -0.03293   0.06770   0.00000  -0.03215   0.21573   0.00000  -0.04068  -0.05039   1.00000   1.00000  
10578.00000  -0.05032   0.06941   1.00000  -0.04971   0.06882   0.00000  -0.04380   0.08204   0.00000  -0.04256   0.49667   0.00000  -0.03458   0.00298   0.00000  -0.03291   0.20500   0.00000  -0.03191   0.07509   0.00000  -0.04089  -0.05032   1.00000   1.00000  
10619.00000  -0.05007   0.03027   1.00000  -0.04936   0.10766   0.00000  -0.04365   0.14938   0.00000  -0.04258   0.42705   0.00000  -0.03510   0.00273   0.00000  -0.03346   0.21803   0.00000  -0.03164   0.06488   0.00000  -0.04098  -0.05007   1.00000   1.00000  
10660.00000  -0.04975   0.00511   0.00000  -0.04874   0.13465   1.00000  -0.04412   0.10572   0.00000  -0.04185   0.47036   0.00000  -0.03570   0.00058   0.00000  -0.03415   0.22207   0.00000  -0.03145   0.06150   0.00000  -0.04070  -0.04874   1.00000   1.00000  
10701.00000  -0.04929   0.00354   0.00000  -0.04826   0.13581   1.00000  -0.04482   0.13673   0.00000  -0.04083   0.43214   0.00000  -0.03627   0.00177   0.00000  -0.03475   0.22808   0.00000  -0.03181   0.06194   0.00000  -0.04046  -0.04826   1.00000   1.00000  
10742.00000  -0.04877   0.01351   0.00000  -0.04799   0.12686   1.00000  -0.04552   0.16258   0.00000  -0.03987   0.43186   0.00000  -0.03656   0.00162   0.00000  -0.03504   0.21488   0.00000  -0.03239   0.04868   0.00000  -0.04053  -0.04799   1.00000   1.00000  
10783.00000  -0.04831   0.01384   0.00000  -0.04753   0.13114   1.00000  -0.04620   0.12690   0.00000  -0.03911   0.44020   0.00000  -0.03655   0.00091   0.00000  -0.03495   0.24043   0.00000  -0.03270   0.04660   0.00000  -0.03994  -0.04753   1.00000   1.00000  
10824.00000  -0.04802   0.02561   0.00000  -0.04715   0.13255   1.00000  -0.04617   0.11349   0.00000  -0.03866   0.44723   0.00000  -0.03630   0.00052   0.00000  -0.03449   0.23437   0.00000  -0.03259   0.04623   0.00000  -0.03962  -0.04715   1.00000   1.00000  
10865.00000  -0.04820   0.00021   0.00000  -0.04709   0.14692   1.00000  -0.04514   0.12267   0.00000  -0.03872   0.44453   0.00000  -0.03592   0.00125   0.00000  -0.03378   0.23394   0.00000  -0.03218   0.05047   0.00000  -0.03925  -0.04709   1.00000   1.00000  
10906.00000  -0.04860   0.00023   0.00000  -0.04690   0.15530   1.00000  -0.04378   0.12816   0.00000  -0.03921   0.44011   0.00000  -0.03543   0.00229   0.00000  -0.03300   0.21811   0.00000  -0.03169   0.05579   0.00000  -0.03921  -0.04690   1.00000   1.00000  
10947.00000  -0.04873   0.00062   0.00000  -0.04631   0.14557   1.00000  -0.04256   0.15001   0.00000  -0.03978   0.41811   0.00000  -0.03486   0.00187   0.00000  -0.03248   0.22860   0.00000  -0.03148   0.05522   0.00000  -0.03902  -0.04631   1.00000   1.00000  
10988.00000  -0.04829   0.00094   0.00000  -0.04548   0.14566   1.00000  -0.04188   0.21559   0.00000  -0.04028   0.34494   0.00000  -0.03439   0.00113   0.00000  -0.03248   0.23539   0.00000  -0.03145   0.05636   0.00000  -0.03905  -0.04548   1.00000   1.00000  
11029.00000  -0.04719   0.00102   0.00000  -0.04449   0.13511   1.00000  -0.04181   0.07895   0.00000  -0.04051   0.48780   0.00000  -0.03413   0.00126   0.00000  -0.03286   0.23849   0.00000  -0.03151   0.05738   0.00000  -0.03881  -0.04449   1.00000   1.00000  
11070.00000  -0.04558   0.00139   0.00000  -0.04357   0.11339   1.00000  -0.04187   0.04408   0.00000  -0.04040   0.54658   0.00000  -0.03409   0.02141   0.00000  -0.03307   0.22123   0.00000  -0.03189   0.05191   0.00000  -0.03863  -0.04357   1.00000   1.00000  
11111.00000  -0.04387   0.00106   0.00000  -0.04278   0.06101   1.00000  -0.04150   0.12508   0.00000  -0.04020   0.54061   0.00000  -0.03429   0.02148   0.00000  -0.03307   0.20924   0.00000  -0.03227   0.04151   0.00000  -0.03857  -0.04278   1.00000   1.00000  
11152.00000  -0.04318   0.02881   1.00000  -0.04165   0.06550   0.00000  -0.04083   0.09840   0.00000  -0.03972   0.53976   0.00000  -0.03481   0.02363   0.00000  -0.03311   0.17866   0.00000  -0.03217   0.06524   0.00000  -0.03827  -0.04318   1.00000   1.00000  
11193.00000  -0.04354   0.02527   1.00000  -0.04082   0.06613   0.00000  -0.04045   0.15987   0.00000  -0.03862   0.45879   0.00000  -0.03544   0.07205   0.00000  -0.03301   0.14091   0.00000  -0.03205   0.07697   0.00000  -0.03766  -0.04354   1.00000   1.00000  
11234.00000  -0.04431   0.02591   1.00000  -0.04088   0.03470   0.00000  -0.04052   0.19050   0.00000  -0.03831   0.48278   0.00000  -0.03515   0.04200   0.00000  -0.03278   0.15145   0.00000  -0.03223   0.07267   0.00000  -0.03756  -0.04431   1.00000   1.00000  
11275.00000  -0.04548   0.03198   1.00000  -0.04132   0.02451   0.00000  -0.04072   0.18213   0.00000  -0.03927   0.36449   0.00000  -0.03423   0.12329   0.00000  -0.03245   0.17063   0.00000  -0.03196   0.10298   0.00000  -0.03725  -0.04548   1.00000   1.00000  
11316.00000  -0.04649   0.02651   1.00000  -0.04193   0.00885   0.00000  -0.04088   0.20668   0.00000  -0.04019   0.37616   0.00000  -0.03378   0.11734   0.00000  -0.03168   0.17733   0.00000  -0.03130   0.08712   0.00000  -0.03748  -0.04649   1.00000   1.00000  
11357.00000  -0.04670   0.02723   1.00000  -0.04255   0.00819   0.00000  -0.04135   0.07736   0.00000  -0.04079   0.48837   0.00000  -0.03352   0.13552   0.00000  -0.03117   0.17468   0.00000  -0.03074   0.08866   0.00000  -0.03745  -0.04670   1.00000   1.00000  
11398.00000  -0.04647   0.02772   1.00000  -0.04322   0.00161   0.00000  -0.04219   0.09903   0.00000  -0.04128   0.46102   0.00000  -0.03325   0.15115   0.00000  -0.03132   0.17539   0.00000  -0.03058   0.08408   0.00000  -0.03766  -0.04647   1.00000   1.00000  
11439.00000  -0.04628   0.03274   1.00000  -0.04406   0.00793   0.00000  -0.04300   0.11402   0.00000  -0.04185   0.43965   0.00000  -0.03308   0.17618   0.00000  -0.03155   0.13232   0.00000  -0.03086   0.09716   0.00000  -0.03816  -0.04628   1.00000   1.00000  
11480.00000  -0.04625   0.02229   1.00000  -0.04507   0.00603   0.00000  -0.04357   0.11312   0.00000  -0.04259   0.44798   0.00000  -0.03315   0.08066   0.00000  -0.03172   0.22739   0.00000  -0.03103   0.10254   0.00000  -0.03838  -0.04625   1.00000   1.00000  
11521.00000  -0.04654   0.02346   1.00000  -0.04599   0.00422   0.00000  -0.04410   0.15726   0.00000  -0.04346   0.41428   0.00000  -0.03352   0.08333   0.00000  -0.03186   0.22104   0.00000  -0.03079   0.09640   0.00000  -0.03903  -0.04654   1.00000   1.00000  
11562.00000  -0.04720   0.02606   1.00000  -0.04646   0.00003   0.00000  -0.04489   0.07854   0.00000  -0.04418   0.47399   0.00000  -0.03398   0.13704   0.00000  -0.03217   0.19758   0.00000  -0.03052   0.08677   0.00000  -0.03936  -0.04720   1.00000   1.00000  
11603.00000  -0.04800   0.03965   1.00000  -0.04691   0.01528   0.00000  -0.04576   0.07198   0.00000  -0.04424   0.46352   0.00000  -0.03429   0.13650   0.00000  -0.03249   0.19132   0.00000  -0.03055   0.08174   0.00000  -0.03982  -0.04800   1.00000   1.00000  
11644.00000  -0.04868   0.05133   1.00000  -0.04763   0.05180   0.00000  -0.04664   0.10103   0.00000  -0.04336   0.39188   0.00000  -0.03434   0.14107   0.00000  -0.03250   0.18166   0.00000  -0.03084   0.08123   0.00000  -0.03992  -0.04868   1.00000   1.00000  
11685.00000  -0.04921   0.05234   1.00000  -0.04823   0.04022   0.00000  -0.04754   0.06579   0.00000  -0.04182   0.45499   0.00000  -0.03427   0.11396   0.00000  -0.03241   0.19383   0.00000  -0.03121   0.07887   0.00000  -0.03932  -0.04921   1.00000   1.00000  
11726.00000  -0.04958   0.05299   1.00000  -0.04861   0.03872   0.00000  -0.04813   0.07677   0.00000  -0.04082   0.45497   0.00000  -0.03421   0.09646   0.00000  -0.03265   0.17944   0.00000  -0.03152   0.10064   0.00000  -0.03911  -0.04958   1.00000   1.00000  
11767.00000  -0.04983   0.06254   1.00000  -0.04885   0.04618   0.00000  -0.04815   0.05368   0.00000  -0.04085   0.44874   0.00000  -0.03425   0.13495   0.00000  -0.03312   0.14683   0.00000  -0.03170   0.10708   0.00000  -0.03917  -0.04983   1.00000   1.00000  
11808.00000  -0.04995   0.06881   1.00000  -0.04896   0.04907   0.00000  -0.04768   0.04547   0.00000  -0.04140   0.41613   0.00000  -0.03442   0.03429   0.00000  -0.03334   0.29648   0.00000  -0.03177   0.08974   0.00000  -0.03915  -0.04995   1.00000   1.00000  
11849.00000  -0.04993   0.08541   1.00000  -0.04881   0.03557   0.00000  -0.04683   0.04521   0.00000  -0.04219   0.42271   0.00000  -0.03459   0.04578   0.00000  -0.03329   0.29494   0.00000  -0.03162   0.07037   0.00000  -0.03958  -0.04993   1.00000   1.00000  
11890.00000  -0.04976   0.09559   1.00000  -0.04846   0.03716   0.00000  -0.04559   0.04188   0.00000  -0.04307   0.41599   0.00000  -0.03470   0.04969   0.00000  -0.03311   0.29727   0.00000  -0.03144   0.06243   0.00000  -0.03991  -0.04976   1.00000   1.00000  
11931.00000  -0.04944   0.09579   1.00000  -0.04797   0.04334   0.00000  -0.04465   0.04589   0.00000  -0.04343   0.40335   0.00000  -0.03491   0.04303   0.00000  -0.03290   0.30117   0.00000  -0.03170   0.06744   0.00000  -0.03993  -0.04944   1.00000   1.00000  
11972.00000  -0.04899   0.08809   1.00000  -0.04715   0.04009   0.00000  -0.04478   0.22196   0.00000  -0.04273   0.24042   0.00000  -0.03527   0.08114   0.00000  -0.03296   0.27472   0.00000  -0.03227   0.05358   0.00000  -0.04007  -0.04899   1.00000   1.00000  
12013.00000  -0.04843   0.06892   1.00000  -0.04640   0.02547   0.00000  -0.04492   0.23519   0.00000  -0.04207   0.25720   0.00000  -0.03572   0.07878   0.00000  -0.03361   0.27261   0.00000  -0.03263   0.06183   0.00000  -0.03990  -0.04843   1.00000   1.00000  
12054.00000  -0.04783   0.05927   1.00000  -0.04633   0.07641   0.00000  -0.04394   0.19079   0.00000  -0.04243   0.21494   0.00000  -0.03621   0.07895   0.00000  -0.03403   0.25759   0.00000  -0.03293   0.12206   0.00000  -0.03952  -0.04783   1.00000   1.00000  
12095.00000  -0.04763   0.05372   1.00000  -0.04630   0.03880   0.00000  -0.04304   0.23483   0.00000  -0.04236   0.13835   0.00000  -0.03671   0.07933   0.00000  -0.03419   0.33666   0.00000  -0.03355   0.11831   0.00000  -0.03872  -0.04763   1.00000   1.00000  
12136.00000  -0.04768   0.03250   1.00000  -0.04560   0.06000   0.00000  -0.04305   0.28603   0.00000  -0.04134   0.05162   0.00000  -0.03708   0.07639   0.00000  -0.03477   0.16647   0.00000  -0.03424   0.32701   0.00000  -0.03855  -0.04768   1.00000   1.00000  
12177.00000  -0.04748   0.03042   1.00000  -0.04465   0.05772   0.00000  -0.04329   0.26963   0.00000  -0.04062   0.04026   0.00000  -0.03723   0.06305   0.00000  -0.03539   0.19148   0.00000  -0.03476   0.34745   0.00000  -0.03853  -0.04748   1.00000   1.00000  
12218.00000  -0.04701   0.02864   1.00000  -0.04396   0.06447   0.00000  -0.04320   0.27904   0.00000  -0.04038   0.03289   0.00000  -0.03706   0.06507   0.00000  -0.03591   0.06765   0.00000  -0.03497   0.46224   0.00000  -0.03857  -0.04701   1.00000   1.00000  
12259.00000  -0.04637   0.02745   1.00000  -0.04358   0.17016   0.00000  -0.04274   0.16676   0.00000  -0.04030   0.02926   0.00000  -0.03694   0.09636   0.00000  -0.03613   0.04101   0.00000  -0.03528   0.46900   0.00000  -0.03858  -0.04637   1.00000   1.00000  
