0.0 0.9999999999986432 1.4167053674100204e-12 21.750000000003734
0.01 0.9999999999950507 5.480832192968073e-12 21.74999999998357
0.02 0.9999999999893001 1.166254032562851e-11 21.74999999993583
0.03 0.9999999999817275 1.9165415041173558e-11 21.749999999859174
0.04 0.9999999999737147 2.7039187554823208e-11 21.749999999776495
0.05 0.9999999999663963 3.430948878134452e-11 21.749999999698513
0.060000000000000005 0.9999999999602649 4.010495676279961e-11 21.749999999622112
0.07 0.999999999956562 4.376461345125052e-11 21.74999999957794
0.08 0.9999999999551076 4.4913517474814355e-11 21.749999999552358
0.09 0.9999999999565563 4.350074821221407e-11 21.749999999562522
0.09999999999999999 0.9999999999602371 3.979947349435585e-11 21.749999999600043
0.10999999999999999 0.9999999999660245 3.4373423201757234e-11 21.7499999996637
0.11999999999999998 0.9999999999716618 2.8017266571631414e-11 21.74999999971539
0.12999999999999998 0.9999999999773715 2.1680181769859346e-11 21.74999999977309
0.13999999999999999 0.9999999999826167 1.6382402371258808e-11 21.74999999982461
0.15 0.9999999999852688 1.3133893479774346e-11 21.749999999843023
0.16 0.9999999999857289 1.2862877804257672e-11 21.74999999984635
0.17 0.9999999999819686 1.6360228275709823e-11 21.749999999797637
0.18000000000000002 0.9999999999735726 2.4244275947344886e-11 21.749999999690303
0.19000000000000003 0.999999999959897 3.694957660582608e-11 21.749999999524356
0.20000000000000004 0.9999999999418159 5.474250451557318e-11 21.749999999313058
0.21000000000000005 0.999999999917827 7.776605601695544e-11 21.749999999037353
0.22000000000000006 0.9999999998884359 1.061163328413375e-10 21.74999999871042
0.23000000000000007 0.9999999998526693 1.3995492056249188e-10 21.749999998328096
0.24000000000000007 0.9999999998096305 1.7966595413310247e-10 21.74999999788138
0.25000000000000006 0.9999999997588083 2.2607417242029205e-10 21.7499999973816
0.26000000000000006 0.9999999996967629 2.80749014343722e-10 21.74999999679851
0.2700000000000001 0.999999999620252 3.464273234756562e-10 21.74999999612657
0.2800000000000001 0.9999999995222909 4.2759352082728844e-10 21.749999995301263
0.2900000000000001 0.999999999394565 5.312683748653961e-10 21.749999994284888
0.3000000000000001 0.9999999992228802 6.680929178225781e-10 21.74999999297518
0.3100000000000001 0.9999999989866316 8.538761709240408e-10 21.749999991234215
0.3200000000000001 0.9999999986584371 1.1119199990581472e-09 21.749999988913736
0.3300000000000001 0.9999999981978943 1.4766290254609224e-09 21.74999998578419
0.34000000000000014 0.9999999975453346 1.9991070876058608e-09 21.749999981496906
0.35000000000000014 0.9999999966164177 2.7555762395547224e-09 21.749999975583197
0.36000000000000015 0.9999999952889222 3.8595582163545015e-09 21.749999967453
0.37000000000000016 0.9999999933847309 5.47907064912845e-09 21.749999956397424
0.38000000000000017 0.999999990647558 7.861105022105352e-09 21.749999941784676
0.3900000000000002 0.9999999867069731 1.1367940431031364e-08 21.749999923274714
0.4000000000000002 0.9999999810216239 1.6533629590602486e-08 21.74999990095494
0.4100000000000002 0.9999999727933043 2.4153765379457602e-08 21.74999987538898
0.4200000000000002 0.999999960662111 3.5602104383279064e-08 21.749999860183635
0.4300000000000002 0.9999999415069661 5.403777710094651e-08 21.749999986996656
0.4400000000000002 0.9999999136344145 8.134596244766297e-08 21.75000006107613
0.45000000000000023 0.9999998739271712 1.2050982399735626e-07 21.75000006062371
0.46000000000000024 0.9999998175188644 1.7634697279203993e-07 21.749999991143106
0.47000000000000025 0.9999997368522321 2.5636011260026206e-07 21.749999808996428
0.48000000000000026 0.9999996190830827 3.733148372090509e-07 21.74999954530091
0.49000000000000027 0.9999994423735393 5.490270526954435e-07 21.749999250090013
0.5000000000000002 0.9999991702636142 8.20070727168336e-07 21.749998947838115
0.5100000000000002 0.9999987429287547 1.2464211929798554e-06 21.74999863956296
0.5200000000000002 0.9999980649250299 1.9235443538077956e-06 21.7499983017298
0.5300000000000002 0.9999969868218918 3.000824813654745e-06 21.749997950384373
0.5400000000000003 0.9999952795469828 4.707305247668601e-06 21.749997583094
0.5500000000000003 0.9999925984081312 7.38763453825269e-06 21.74999715653108
0.5600000000000003 0.9999884359010314 1.1549180978407386e-05 21.749996441688573
0.5700000000000003 0.9999820568178422 1.7926853387056527e-05 21.749995002935602
0.5800000000000003 0.9999724301868644 2.755128772647648e-05 21.74999271566443
0.5900000000000003 0.999958146221957 4.183222717497783e-05 21.749990210983636
0.6000000000000003 0.9999373070022286 6.26679999669625e-05 21.749986486653487
0.6100000000000003 0.9999074336232582 9.253804459048399e-05 21.74998120412099
0.6200000000000003 0.9998653798263678 0.0001345889926372212 21.74997397730644
0.6300000000000003 0.9998072664846885 0.00019270001994059875 21.74996449322542
0.6400000000000003 0.9997284465722729 0.0002715178998915496 21.74995268341641
0.6500000000000004 0.9996235086493533 0.000376453661698206 21.749938877818106
0.6600000000000004 0.9994863243935401 0.0005136352540924797 21.749923891700902
0.6700000000000004 0.9993101423992788 0.000689813916695139 21.74990902451075
0.6800000000000004 0.9990877264827007 0.0009122259365655823 21.749895974278434
0.6900000000000004 0.9988115322994079 0.001188415947827257 21.74988669529156
0.7000000000000004 0.9984739117795289 0.0015260323353243387 21.74988323831623
0.7100000000000004 0.99806733151302 0.001932608713876052 21.74988760182984
0.7200000000000004 0.9975845895011761 0.002415347128715359 21.749901604495488
0.7300000000000004 0.9970190149852395 0.002980918269184413 21.749926781667835
0.7400000000000004 0.9963646382656115 0.0036352917321486283 21.749964310200664
0.7500000000000004 0.9956163210936585 0.004383605709215109 21.750014967526806
0.7600000000000005 0.9947698425193073 0.005230081174432594 21.750079129676717
0.7700000000000005 0.9938219392684157 0.0061779814847538585 21.750156809163002
0.7800000000000005 0.9927703032958222 0.007229614785784231 21.750247727146245
0.7900000000000005 0.991613541775673 0.008386373981886635 21.75035140575907
0.8000000000000005 0.9903511064692858 0.009648807343928196 21.75046726427445
0.8100000000000005 0.9889832002196236 0.011016712011898617 21.750594706282524
0.8200000000000005 0.9875106684258997 0.012489242534744592 21.750733189742526
0.8300000000000005 0.9859348829206146 0.014065027011339052 21.750882275852483
0.8400000000000005 0.9842576248471819 0.0157422842345246 21.751041657156666
0.8500000000000005 0.9824809719879208 0.017518936370901204 21.75121116825375
0.8600000000000005 0.9806071947526345 0.019392712978293234 21.75139078395457
0.8700000000000006 0.9786386637624013 0.02136124341952814 21.751580608212926
0.8800000000000006 0.976577770841568 0.023422135868262167 21.751780856934868
0.8900000000000006 0.9744268642662558 0.025573042049126908 21.751991837075362
0.9000000000000006 0.9721881984299146 0.02781170756807162 21.75221392462101
0.9100000000000006 0.9698638975890997 0.030136008164769176 21.752447542495155
0.9200000000000006 0.9674559330760024 0.03254397249641578 21.75269313838415
0.9300000000000006 0.9649661132438075 0.03503379219699135 21.75295116246461
0.9400000000000006 0.9623960853479278 0.03760381999704443 21.75322204422297
0.9500000000000006 0.959747348609814 0.04025255666242457 21.753506167983506
0.9600000000000006 0.9570212777687285 0.042978627443753886 21.75380384678614
0.9700000000000006 0.9542191565205279 0.04578074863834361 21.75411529472234
0.9800000000000006 0.9513422203331001 0.048657684773619474 21.75444059778
0.9900000000000007 0.9483917082208175 0.05160819683352467 21.754779683024104
1.0000000000000007 0.9453689231219649 0.054630981878227375 21.755132285747365
1.0100000000000007 0.9422753005745595 0.05772460436919523 21.755497914956376
1.0200000000000007 0.9391124853626398 0.06088741952215049 21.755875817666126
1.0300000000000007 0.9358824157416711 0.06411748908114107 21.75626494271242
1.0400000000000007 0.9325874147151458 0.06741249004087879 21.756663904645478
1.0500000000000007 0.9292302876320355 0.07076961705205127 21.757070948835054
1.0600000000000007 0.9258144250647246 0.07418547953630213 21.757483919627468
1.0700000000000007 0.9223439095641786 0.07765599493432127 21.75790023450889
1.0800000000000007 0.9188236243523402 0.0811762800142222 21.758316866677948
1.0900000000000007 0.9152593614232902 0.08474054277476356 21.758730338339067
1.1000000000000008 0.9116579258146196 0.08834197817582942 21.759136726871798
1.1100000000000008 0.9080272320479762 0.09197267170117031 21.759531686775542
1.1200000000000008 0.9043763878986376 0.09562351558302755 21.75991049059408
1.1300000000000008 0.9007157598345215 0.09928414335872844 21.760268092611806
1.1400000000000008 0.8970570136396054 0.10294288923504226 21.76059921779857
1.1500000000000008 0.8937962770077102 0.10620362135844529 21.739480910575203
1.1600000000000008 0.890685804207275 0.10931409316159345 21.726996081949277
1.1700000000000008 0.8878021675335874 0.11219772758116658 21.714368017442727
1.1800000000000008 0.8852280540151881 0.11477183717220393 21.701707883847945
1.1900000000000008 0.8830472469410178 0.11695263867169774 21.689156289166892
1.2000000000000008 0.8813381961482962 0.11866168255408245 21.676888772122958
1.2100000000000009 0.8801665781939465 0.11983329253266978 21.665120615506876
1.2200000000000009 0.8795775172435701 0.12042234442306736 21.654108810495163
1.2300000000000009 0.8795883888713976 0.12041146236420239 21.644149147884495
1.2400000000000009 0.8801832994598318 0.11981653968394525 21.635566977603602
1.2500000000000009 0.8813103334681772 0.11868949186744107 21.62870097341115
1.260000000000001 0.8828823966645047 0.11711741322319771 21.623880104524083
1.270000000000001 0.8847819216416702 0.11521787097187904 21.621394731119334
1.280000000000001 0.8868689491868146 0.11313082371414783 21.62146277059253
1.290000000000001 0.8889914301965621 0.11100831998573861 21.624190959569418
1.300000000000001 0.89099634054102 0.10900338395808877 21.629530791643404
1.310000000000001 0.8927405274473198 0.10725916867763823 21.637231720753974
1.320000000000001 0.8941009278878422 0.10589873654946348 21.646801723225085
1.330000000000001 0.8949844433870917 0.1050151844515794 21.657493225197573
1.340000000000001 0.8953378067256248 0.10466177888483469 21.668334100280685
1.350000000000001 0.8951569512942834 0.10484258821097062 21.678215951506512
1.360000000000001 0.8944938619825753 0.10550563025219219 21.686037506667745
1.370000000000001 0.8934574227773971 0.10654202131322381 21.69088333422481
1.380000000000001 0.8922046118719006 0.10779478070732233 21.692201634970182
1.390000000000001 0.8909204395983916 0.10907889708827702 21.689938209230736
1.400000000000001 0.889788851284373 0.11021042891363396 21.684593653273442
1.410000000000001 0.8889605957896255 0.11103863263915725 21.67718894608045
1.420000000000001 0.8885350659180585 0.11146409746780296 21.66895954311213
1.430000000000001 0.8885333530079407 0.11146573716422069 21.661847829624456
1.440000000000001 0.8888854599466753 0.11111356980934693 21.657573447006136
1.450000000000001 0.8894588698570793 0.11054011593646884 21.65687482282522
1.460000000000001 0.8901004027772162 0.10989855565724463 21.65921950057652
1.470000000000001 0.890680629995623 0.1093183111511946 21.663449568183687
1.480000000000001 0.8911198423797142 0.10887908566796345 21.6683428779046
1.490000000000001 0.8913907318043826 0.10860818477726947 21.673063980901286
1.500000000000001 0.8915054935203993 0.10849341379402556 21.677185029484527
1.5100000000000011 0.8914983387456661 0.10850056209110946 21.68055307586167
1.5200000000000011 0.8914089926647771 0.10858990380174706 21.683139506569937
1.5300000000000011 0.8912753688213683 0.1087235242477792 21.684943579343035
1.5400000000000011 0.8911277760361337 0.10887111354008197 21.68592429418429
1.5500000000000012 0.8909894284883021 0.10900945680234989 21.686106527557342
1.5600000000000012 0.8908767346072747 0.10912214407006385 21.68557831655803
1.5700000000000012 0.8908000941201019 0.10919877131433868 21.68458661470188
1.5800000000000012 0.8907539374257044 0.10924491968065288 21.683816181062802
1.5900000000000012 0.8907321112090081 0.1092667395199613 21.683121181318104
1.6000000000000012 0.8907275547385382 0.10927129208320335 21.682537702805956
1.6100000000000012 0.8907338699933223 0.10926497437360984 21.682067291391558
1.6200000000000012 0.8907460224186473 0.1092528196964794 21.681695605703247
1.6300000000000012 0.8907604552141712 0.109238384551614 21.681404276151422
1.6400000000000012 0.8907749008442377 0.10922393687821828 21.681176588122806
1.6500000000000012 0.8907879765349004 0.10921085984861836 21.680991943711028
1.6600000000000013 0.8907991565193208 0.10919967906842634 21.680841964312307
1.6700000000000013 0.8908084239312011 0.10919041110807508 21.68072842903216
1.6800000000000013 0.890815926917876 0.10918290769773648 21.68064559547008
1.6900000000000013 0.8908219204411442 0.10917691382385482 21.680591253420943
1.7000000000000013 0.890826675364326 0.10917215857110164 21.680560010677357
1.7100000000000013 0.890830444671021 0.10916838888102794 21.6805455512478
1.7200000000000013 0.8908334549763934 0.10916537810306308 21.68054397263979
1.7300000000000013 0.8908358885028331 0.10916294408143842 21.680550057495044
1.7400000000000013 0.8908378915766191 0.10916094056900154 21.68056148841971
1.7500000000000013 0.8908395721060337 0.10915925972992738 21.68057520013388
1.7600000000000013 0.8908410075721079 0.10915782407048909 21.68058943880336
1.7700000000000014 0.890842251062262 0.1091565804566793 21.6806024591648
1.7800000000000014 0.8908433395299786 0.10915549186712764 21.680613553468067
1.7900000000000014 0.8908442988732369 0.10915453235447141 21.68062216658871
1.8000000000000014 0.890845148063624 0.10915368295326729 21.68062805302654
1.8100000000000014 0.8908459025370311 0.10915292828029607 21.68063117315769
1.8200000000000014 0.8908465769215331 0.10915225372262337 21.680631606082496
1.8300000000000014 0.8908471860155696 0.10915164442556241 21.68062955817365
1.8400000000000014 0.8908477433459209 0.10915108680778078 21.68062542114484
1.8500000000000014 0.8908482593156266 0.10915057048581589 21.680619745634612
1.8600000000000014 0.890848741376923 0.10915008808584994 21.68061310074354
1.8700000000000014 0.8908491953171319 0.10914963384879031 21.680606023141603
1.8800000000000014 0.8908496259627395 0.10914920292236732 21.6805989974034
1.8900000000000015 0.8908500359307596 0.10914879265412089 21.680592537501536
1.9000000000000015 0.8908504247020461 0.10914840354062018 21.680587073090685
1.9100000000000015 0.8908507895471317 0.10914803839851749 21.680582938633314
1.9200000000000015 0.890851129428436 0.10914769824994926 21.680580263962522
1.9300000000000015 0.8908514485816692 0.10914737887855484 21.680578960121107
1.9400000000000015 0.8908517570161155 0.10914707019093939 21.68057888225533
1.9500000000000015 0.8908520674676418 0.10914675936221917 21.680579839424706
1.9600000000000015 0.8908523915682278 0.10914643468963868 21.680581637133418
1.9700000000000015 0.8908527370293139 0.1091460884277614 21.68058407619302
1.9800000000000015 0.8908531080066752 0.10914571625021137 21.680586928959308
1.9900000000000015 0.8908535007362243 0.10914532225149783 21.680589886323922
2.0000000000000013 0.8908539146719375 0.10914490668352472 21.68059274273631
2.010000000000001 0.8908543473334417 0.1091444718692765 21.680595045791257
2.020000000000001 0.8908547968647077 0.10914401940736142 21.680596366235132
2.0300000000000007 0.8908552620539016 0.10914355022085688 21.680596248685532
2.0400000000000005 0.8908557419987434 0.10914306495677313 21.680594239225154
2.0500000000000003 0.8908562359726112 0.10914256418074365 21.680589919912826
2.06 0.8908567431718124 0.10914204877843509 21.68058339975391
2.07 0.8908572681988064 0.10914151384451518 21.68057357152334
2.0799999999999996 0.8908578149745021 0.10914095564874236 21.680560749508977
2.0899999999999994 0.8908583909832086 0.10914036673646144 21.680545858652085
2.099999999999999 0.8908590088374855 0.10913973424990969 21.680527660287826
2.109999999999999 0.890859682172255 0.10913904447011367 21.680507640771555
2.1199999999999988 0.8908604277014929 0.10913828050080297 21.680487542807736
2.1299999999999986 0.8908612664143831 0.10913742111820496 21.680466893548846
2.1399999999999983 0.8908622187539637 0.1091364456876593 21.680448174254284
2.149999999999998 0.8908633064934457 0.10913533230915234 21.680433341936734
2.159999999999998 0.8908645544815018 0.10913405597505557 21.680423360655126
2.1699999999999977 0.8908659848673697 0.10913259439282137 21.680420318315992
2.1799999999999975 0.8908676169267988 0.10913092816083049 21.680425376173307
2.1899999999999973 0.8908694645700024 0.10912904325066251 21.680439383297177
2.199999999999997 0.8908715278210593 0.10912693955993763 21.680462238555585
2.209999999999997 0.8908737864428353 0.10912463732164589 21.68049296677066
2.2199999999999966 0.890876191737313 0.10912218532397609 21.68052963863563
2.2299999999999964 0.8908786555496977 0.10911967192804432 21.68056910505789
2.239999999999996 0.8908810408319807 0.10911723449995044 21.68060726208997
2.249999999999996 0.8908831546357479 0.10911506640614532 21.680639239028675
2.259999999999996 0.8908847434174361 0.10911342168287302 21.680659616449585
2.2699999999999956 0.8908854928847156 0.10911261515829025 21.680662668648118
2.2799999999999954 0.8908850385087481 0.10911301187692374 21.680643048998192
2.289999999999995 0.8908829722288452 0.10911502038055226 21.680595282080063
2.299999999999995 0.89087885139476 0.10911908370745016 21.68051469390241
2.3099999999999947 0.8908722105653258 0.10912566761650472 21.680397100159063
2.3199999999999945 0.8908625945773859 0.10913522751141728 21.680240027564157
2.3299999999999943 0.890849657852691 0.10914810916452301 21.680044323715883
2.339999999999994 0.8908333959475586 0.1091643172241004 21.67981782759436
2.349999999999994 0.8908145166373027 0.10918314406189722 21.679579212310948
2.3599999999999937 0.8907949864213428 0.10920262348208234 21.67936578768239
2.3699999999999934 0.890778483947622 0.10921907717467957 21.67923306408319
2.3799999999999932 0.890770567622026 0.10922694724416358 21.67925561082963
2.389999999999993 0.8907780845112339 0.10921938693116495 21.679496159329336
2.399999999999993 0.8908076992879986 0.10918973155054368 21.680013250521256
2.4099999999999926 0.8908647629946721 0.10913261878576067 21.680764510192123
2.4199999999999924 0.8909494622937618 0.1090478629436305 21.68168588980488
2.429999999999992 0.8910533154560444 0.10894396192337208 21.682595448839205
2.439999999999992 0.8911605236899819 0.10883671682471666 21.683257229485616
2.4499999999999917 0.8912492444137599 0.10874796546689898 21.683447484110058
2.4599999999999915 0.8912934638098635 0.10870371463758181 21.68295710131906
2.4699999999999913 0.8912666208344217 0.1087305213996907 21.681636603546654
2.479999999999991 0.8911475766152319 0.10884952427254219 21.679440794578998
2.489999999999991 0.8909281139438003 0.10906893403501308 21.67653155428318
2.4999999999999907 0.8906202548578461 0.10937670831290179 21.67335007371875
2.5099999999999905 0.8902593915731134 0.10973743612149917 21.670644136514838
2.5199999999999902 0.8899030562588985 0.11009358774827967 21.66936923636952
2.52999999999999 0.8896230899125694 0.11037332597757875 21.670509621813522
2.53999999999999 0.889494217759313 0.11050190296408953 21.674791630895356
2.5499999999999896 0.8895833937066902 0.11041236759550423 21.682646794769482
2.5599999999999894 0.8899385446479863 0.11005669558306326 21.69368148776278
2.569999999999989 0.8905757524520076 0.109419079910576 21.707630269130135
2.579999999999989 0.8914692417385065 0.10852523954047186 21.72332093035229
2.5899999999999888 0.8925481158799963 0.10744598739978856 21.739107823366048
2.5999999999999885 0.8936984051904998 0.10629528969409144 21.753147528134974
2.6099999999999883 0.8947750454340253 0.10521820683375273 21.763476350748068
2.619999999999988 0.8956208983256324 0.10437186944498399 21.76829009549372
2.629999999999988 0.8960891945840703 0.10390303201971664 21.766226132841183
2.6399999999999877 0.8960649736228661 0.10392663473940318 21.756594104207768
2.6499999999999875 0.8954811867013132 0.1045097067582705 21.73950926056778
2.6599999999999873 0.8943262336549846 0.10566383571352748 21.715894121846986
2.669999999999987 0.8926417172380356 0.10734741538906388 21.687335359267518
2.679999999999987 0.8905116538914459 0.10947643373132164 21.655819141985237
2.6899999999999866 0.8880464094772222 0.11194053573824993 21.623408915557714
2.6999999999999864 0.8853654298837926 0.1146202924044546 21.59194950923246
2.709999999999986 0.8825822403392769 0.11740220108111375 21.562864946868793
2.719999999999986 0.8797937292772556 0.12018940035494638 21.53707501327835
2.7299999999999858 0.8770741891050157 0.12290762681817756 21.515013976268786
2.7399999999999856 0.8744734873721369 0.1255070410170147 21.4967131347458
2.7499999999999853 0.8720182277700874 0.12796106446701958 21.48190843254131
2.759999999999985 0.8697147103269425 0.1302634188317849 21.4701454778506
2.769999999999985 0.8675527112780286 0.13242434603098516 21.460867282387436
2.7799999999999847 0.8655094014208266 0.1344666895927613 21.453480138235083
2.7899999999999845 0.8635530008233216 0.1364222392740438 21.44739920696037
2.7999999999999843 0.8616459820751701 0.1383285272392658 21.44207806616448
2.809999999999984 0.859747775885894 0.14022612239239815 21.437026735868507
2.819999999999984 0.8578170119023936 0.14215639007605435 21.43182183378961
2.8299999999999836 0.8558133611441511 0.14415965056886393 21.426111374769985
2.8399999999999834 0.8536990517980384 0.14627366430518976 21.419615759958493
2.849999999999983 0.8514401207998223 0.14853238104032132 21.41212586775052
2.859999999999983 0.8490074483038262 0.15096490577556546 21.40349889802287
2.869999999999983 0.8463776053157518 0.15359465147795978 21.39365259910579
2.8799999999999826 0.8435335281136424 0.15643866545483093 21.382558501119256
2.8899999999999824 0.8404650168037937 0.15950713226581928 21.370234676033398
2.899999999999982 0.8371690398380333 0.16280307100404587 21.35673839666403
2.909999999999982 0.8336498134062629 0.16632225728961222 21.34215896114962
2.9199999999999817 0.8299186173692136 0.17005340767211632 21.326610875927056
2.9299999999999815 0.825993310929857 0.17397866315463797 21.310227471587364
2.9399999999999813 0.821897523399673 0.17807439696150423 21.293154845757257
2.949999999999981 0.8176595180217905 0.18231234922678677 21.275545889394557
2.959999999999981 0.813310757678563 0.1866610601471198 21.257554189953208
2.9699999999999807 0.808884236510009 0.19108753753403152 21.239327820975802
2.9799999999999804 0.8044126757080857 0.19555906035039036 21.221003267546745
2.9899999999999802 0.7999267083565884 0.2000449934125008 21.202699826425977
2.99999999999998 0.7954531903325627 0.2045184765947948 21.18451473642762
3.00999999999998 0.7910137670183115 0.2089578591753756 21.16651914955969
3.0199999999999796 0.7866237989671874 0.21334777614241454 21.148754930447307
3.0299999999999794 0.782291710737325 0.21767980153315764 21.131232140927445
3.039999999999979 0.7780187881938825 0.22195265232665082 21.11392688987167
3.049999999999979 0.7737994229917294 0.22617194323658246 21.096779094198386
3.0599999999999787 0.7696217946279384 0.23034950211488145 21.079689796910756
3.0699999999999785 0.7654689869336269 0.2345022503922152 21.06251812388392
3.0799999999999783 0.7613205474046638 0.23865064192183844 21.045078619953863
3.089999999999978 0.7571545041673852 0.24281664637088662 21.027140321855114
3.099999999999978 0.7529498506113321 0.2470212664626276 21.008429280334486
3.1099999999999777 0.748689489023432 0.25128159577093667 20.98863628707755
3.1199999999999775 0.7443635886728991 0.2556074597659697 20.967431399340114
3.1299999999999772 0.7399732536650828 0.25999774448317714 20.944486581653663
3.139999999999977 0.735534302849628 0.2644366122551395 20.919507324261442
3.149999999999977 0.7310808349508088 0.26888993406820905 20.892273200561416
3.1599999999999766 0.7266680983724888 0.27330242106762725 20.86268582895669
3.1699999999999764 0.7223740370642031 0.27759608377128625 20.830820791674107
3.179999999999976 0.7182987880807264 0.28167074167468437 20.79697812220532
3.189999999999976 0.7145614184584155 0.28540729365817136 20.761724142081636
3.1999999999999758 0.7112933625970828 0.28867428663029926 20.725915649119468
3.2099999999999755 0.7086283907108473 0.29133795070883595 20.69069628052159
3.2199999999999753 0.7066894948060904 0.2932753133056093 20.657455777112347
3.229999999999975 0.7055737518815716 0.2943893319534402 20.627746994259496
3.239999999999975 0.7053368894565029 0.29462432160100316 20.603162207870852
3.2499999999999747 0.7059797719854283 0.29397945944473697 20.585177896525256
3.2599999999999745 0.7074391738139764 0.2925180035835257 20.574984407308907
3.2699999999999743 0.7095848932679006 0.2903701736561942 20.573321507436507
3.279999999999974 0.7122245475701958 0.2877283562365175 20.580339336747
3.289999999999974 0.715116491634792 0.28483419090883627 20.595497665056833
3.2999999999999736 0.717990441349878 0.28195795198956836 20.617513005903003
3.3099999999999734 0.7205745823866188 0.2793714421846417 20.64436911056203
3.319999999999973 0.7226270285141162 0.27731653548726504 20.673416728059987
3.329999999999973 0.7239681922579514 0.27597280814473607 20.70159312762313
3.3399999999999728 0.7245089253239042 0.27542940093104623 20.72577985411337
3.3499999999999726 0.7242678776679297 0.27566766494948775 20.743277190120143
3.3599999999999723 0.7233717883591816 0.2765608767860641 20.752311103798295
3.369999999999972 0.7220354039599941 0.27789432180404455 20.75243826364607
3.379999999999972 0.7205229825804917 0.27940378319363496 20.7447144356755
3.3899999999999717 0.719098906343345 0.2808249178817406 20.731544333189568
3.3999999999999715 0.7179820609294864 0.2819387261795972 20.71599387617188
3.4099999999999713 0.7173158904629038 0.282601391936611 20.70158501343969
3.419999999999971 0.7171186192082444 0.28279535129128924 20.691996705210155
3.429999999999971 0.7173059657120774 0.2826051757235227 20.688599632324816
3.4399999999999706 0.7177341550606662 0.28217462931631765 20.690608760598487
3.4499999999999704 0.7182542541994561 0.2816525143223905 20.696216417282585
3.45999999999997 0.718748336251818 0.2811567552823301 20.703419735727667
3.46999999999997 0.7191444196701241 0.2807591057152762 20.710651721990835
3.47999999999997 0.719414211661471 0.28048771405177664 20.71698186891248
3.4899999999999696 0.719561746259981 0.280338462091437 20.721993299048034
3.4999999999999694 0.7196096368504606 0.2802888581920874 20.725590429893014
3.509999999999969 0.7195876592287997 0.2803093642108688 20.727872104739408
3.519999999999969 0.7195249406381496 0.28037092093493965 20.728991463310386
3.5299999999999687 0.7194466268381765 0.28044820657386477 20.729209470504653
3.5399999999999685 0.7193704081208445 0.28052353206678454 20.7287516489522
3.5499999999999683 0.7193065732599832 0.2805864008709346 20.727931727074537
3.559999999999968 0.7192580550633937 0.280633391886971 20.72701763619945
3.569999999999968 0.7192220954967901 0.2806678063822725 20.726187132973035
3.5799999999999677 0.7191947504547842 0.28069431380130433 20.72535867690921
3.5899999999999674 0.719173881785553 0.280714527116953 20.72454574731674
3.5999999999999672 0.7191590171549637 0.28072887462901536 20.723743410372993
3.609999999999967 0.7191499893229982 0.28073747577631153 20.72297120062967
3.619999999999967 0.7191464120548621 0.2807406746214684 20.72225495608803
3.6299999999999666 0.7191475977373281 0.28073912706719056 20.721614624443372
3.6399999999999664 0.719152650140152 0.2807337103596046 20.721063132781136
3.649999999999966 0.7191605327361025 0.28072545489110906 20.720609184105392
3.659999999999966 0.7191701367629334 0.2807154718856361 20.72025594451294
3.6699999999999657 0.7191804009896559 0.28070482992673634 20.71999928598361
3.6799999999999655 0.7191904406451602 0.28069442390103705 20.719828583137076
3.6899999999999653 0.7191996269356415 0.28068489379283373 20.719729227463265
3.699999999999965 0.7192076083415703 0.28067660050160415 20.719685364014516
3.709999999999965 0.7192142973393659 0.28066963581118515 20.71968131436443
3.7199999999999647 0.7192198113513942 0.2806638845216308 20.719702671808843
3.7299999999999645 0.719224431034494 0.28065906505454813 20.71973531903796
3.7399999999999642 0.7192285495390233 0.2806547811925661 20.719766161914798
3.749999999999964 0.7192325889974703 0.2806506039777377 20.71978506162977
3.759999999999964 0.719236862575074 0.28064621395747774 20.71978689540728
3.7699999999999636 0.7192414100718232 0.2806415672786608 20.7197756557651
3.7799999999999634 0.7192460255776736 0.28063686479231653 20.719756092807334
3.789999999999963 0.7192503397615936 0.28063247216355725 20.71973340478961
3.799999999999963 0.7192539778370001 0.28062876104323226 20.719710936192257
3.8099999999999627 0.7192566527131492 0.28062601789443864 20.71968590773266
3.8199999999999625 0.7192583170858488 0.2806242881484321 20.719654726711873
3.8299999999999623 0.7192591848994762 0.28062335567896635 20.719611260565834
3.839999999999962 0.7192596456848562 0.2806228286249286 20.719552418190123
3.849999999999962 0.7192601473735707 0.28062225809021235 20.719480231731797
3.8599999999999617 0.7192610164215504 0.28062131752638053 20.719398946014348
3.8699999999999615 0.7192623666898964 0.28061989621262134 20.71931673797873
3.8799999999999613 0.7192641247203755 0.28061806933475814 20.71924007898038
3.889999999999961 0.7192661423015457 0.2806159846036282 20.71917294540602
3.899999999999961 0.7192683016193775 0.28061375728536075 20.719116346542304
3.9099999999999606 0.7192705649686201 0.280611421747193 20.719069498213738
3.9199999999999604 0.7192729610891441 0.28060894679470544 20.719031091487416
3.92999999999996 0.7192755458788367 0.2806062754144571 20.719000060014043
3.93999999999996 0.7192783638617289 0.2806033624426582 20.71897580361819
3.9499999999999598 0.7192814220028927 0.2806001987167363 20.718958094166716
3.9599999999999596 0.7192846733453813 0.2805968282127239 20.718947314964026
3.9699999999999593 0.7192880323157793 0.2805933299531006 20.71894378396818
3.979999999999959 0.7192913979867013 0.28058979692251024 20.718947567998644
3.989999999999959 0.7192946826177491 0.28058630874071666 20.71895788703274
3.9999999999999587 0.7192978310010169 0.28058291402551216 20.71897271178201
4.009999999999959 0.7193008257069765 0.2805796262029167 20.718988683959378
4.019999999999959 0.7193036802968142 0.28057643008336014 20.71900138971655
4.0299999999999585 0.7193064244931977 0.2805732952895091 20.719006089682775
4.039999999999958 0.7193090836695916 0.2805701939464694 20.718998030412976
4.049999999999958 0.7193116654839514 0.2805671131483918 20.718974052445102
4.059999999999958 0.7193141638326189 0.28056404957190456 20.7189320735411
4.069999999999958 0.7193165820517298 0.28056098720113065 20.718870491662123
4.079999999999957 0.7193189581275866 0.28055787370334306 20.71878734474818
4.089999999999957 0.7193213657829506 0.2805546208645467 20.7186805164299
4.099999999999957 0.7193238802310769 0.2805511394999026 20.718549520757517
4.109999999999957 0.719326527433806 0.28054738987488215 20.718398042999727
4.119999999999957 0.7193292564561994 0.2805434094198928 20.718235632104005
4.129999999999956 0.7193319615129826 0.2805392887835899 20.718076194781595
4.139999999999956 0.7193345574452419 0.2805351013072122 20.717935696685533
4.149999999999956 0.719337065054904 0.28053082058395074 20.717827646301437
4.159999999999956 0.7193396556952784 0.28052628088619436 20.71776049733027
4.1699999999999555 0.7193426213514043 0.28052120945628095 20.7177375657883
4.179999999999955 0.7193462814890338 0.2805153182420756 20.717759018732465
4.189999999999955 0.7193508712877227 0.28050840509508673 20.717824275428278
4.199999999999955 0.719356468494691 0.2805004233869694 20.717932382925532
4.209999999999955 0.7193629655542302 0.2804914921135008 20.718081743029202
4.2199999999999545 0.7193700955215003 0.28048188073396246 20.718266102109723
4.229999999999954 0.7193774435610347 0.2804719969276263 20.71847409386062
4.239999999999954 0.7193844246403133 0.2804624273365883 20.718688109678567
4.249999999999954 0.7193903298879766 0.2804539048614932 20.718881669470974
4.259999999999954 0.719394346979677 0.28044729002580876 20.71902819543408
4.269999999999953 0.7193957432454638 0.2804433824083934 20.719096134633954
4.279999999999953 0.719393681006645 0.28044308427967446 20.71906713950087
4.289999999999953 0.7193872072505341 0.2804473965294389 20.71893090659477
4.299999999999953 0.7193752102530901 0.28045745061179644 20.71869622143122
4.3099999999999525 0.7193570457035716 0.28047388476912394 20.71837722499472
4.319999999999952 0.7193330117477734 0.28049639802175236 20.718003705249753
4.329999999999952 0.7193046664906279 0.2805234097888184 20.717588740397215
4.339999999999952 0.7192742216577344 0.2805526831772303 20.71714754969318
4.349999999999952 0.7192435528063787 0.2805823096928267 20.71668716166426
4.3599999999999515 0.719213628257192 0.28061132276532796 20.716216323905233
4.369999999999951 0.719184694794704 0.280639464584983 20.715752391111053
4.379999999999951 0.7191572703850562 0.2806661556754214 20.715334367305616
4.389999999999951 0.7191335613806855 0.2806891369255287 20.715022943877564
4.399999999999951 0.7191194706041646 0.28070216117798663 20.714890131754178
4.40999999999995 0.7191263558105397 0.2806944569019356 20.715175915802337
4.41999999999995 0.7191665028462846 0.2806534336385539 20.715989030972143
4.42999999999995 0.7192505253949071 0.2805680468805154 20.717383895673265
4.43999999999995 0.7193846375384106 0.28043161910061287 20.719303515511957
4.4499999999999496 0.7195672679921509 0.28024608670617324 20.721649054064077
4.459999999999949 0.7197827908214463 0.28002772643294993 20.72427513292281
4.469999999999949 0.7199957014841128 0.279811625451764 20.726820041966313
4.479999999999949 0.7201513226195128 0.2796514648728117 20.728661275058503
4.489999999999949 0.7201871529365413 0.2796101546695935 20.728990975977514
4.4999999999999485 0.7200465981687415 0.2797452738213901 20.727359687173788
4.509999999999948 0.719693469052277 0.2800925114492604 20.723796234872598
4.519999999999948 0.7191295230047774 0.2806498515277283 20.718873300239867
4.529999999999948 0.7184058182740879 0.2813659971201589 20.71373845547473
4.539999999999948 0.717627324857501 0.2821358095118317 20.710154622012794
4.549999999999947 0.7169348212085129 0.2828175944583876 20.709813114544144
4.559999999999947 0.7164903906407308 0.2832484749265195 20.714184160151085
4.569999999999947 0.7164703362635377 0.28325851806018887 20.725534008975295
4.579999999999947 0.716991429001219 0.2827273532469636 20.74340985556727
4.589999999999947 0.7180975674507294 0.2816109309392119 20.76724457739866
4.599999999999946 0.7197388927494224 0.2799590976928001 20.795561225329283
4.609999999999946 0.7217719480616606 0.27791523448032107 20.825795264628464
4.619999999999946 0.7239785840659526 0.2756974311057885 20.854608700861363
4.629999999999946 0.7260981673118753 0.27356635474179997 20.878414351927056
4.6399999999999455 0.7278662413317921 0.271786602239901 20.893993666937405
4.649999999999945 0.7290523215518849 0.27058885262631127 20.89905631234107
4.659999999999945 0.7294898585099663 0.27013983521146967 20.892601671933676
4.669999999999945 0.7290931668071717 0.27052536273639555 20.875009231939217
4.679999999999945 0.7278593513249114 0.2717484027366166 20.847865888966297
4.689999999999944 0.7258568781342142 0.2737405246612564 20.813598032651406
4.699999999999944 0.723205176828672 0.2763823237362921 20.775009117819767
4.709999999999944 0.7200508692843239 0.27952720870548 20.73483202231238
4.719999999999944 0.7165457453475559 0.2830234186026276 20.69538610522243
4.729999999999944 0.7128298130867069 0.28673095093162615 20.658383380976222
4.739999999999943 0.7090205465586167 0.29053230271275154 20.624877741272712
4.749999999999943 0.7052077544891692 0.29433761333775665 20.595320445007935
4.759999999999943 0.7014526765961603 0.298085593719195 20.569677686427855
4.769999999999943 0.6977898327370161 0.30174169725647204 20.547570304313105
4.7799999999999425 0.6942304475398053 0.3052946975237194 20.528405751569498
4.789999999999942 0.6907666440994535 0.3087524836785461 20.511486581213937
4.799999999999942 0.6873758960380258 0.31213760047154326 20.496091640646075
4.809999999999942 0.6840254188021792 0.31548286329194763 20.481532516077536
4.819999999999942 0.6806762857032014 0.31882725529645034 20.46719162793962
4.8299999999999415 0.6772871134732817 0.32221223916897346 20.45254944313461
4.839999999999941 0.6738172287356295 0.3256785586389166 20.43720317767766
4.849999999999941 0.6702293167087867 0.3292635470356843 20.42087341689003
4.859999999999941 0.6664916162071135 0.332998917398562 20.4033980773867
4.869999999999941 0.6625796950171834 0.3369090158833455 20.384721377689104
4.87999999999994 0.6584777322854963 0.3410095823562051 20.364883817805936
4.88999999999994 0.6541791707029901 0.34530711297674643 20.344006216195403
4.89999999999994 0.6496866915546087 0.34979886644563074 20.32225664244812
4.90999999999994 0.6450116578583902 0.354473403115181 20.299806521774034
4.9199999999999395 0.6401732693521616 0.3593114395328892 20.27680227291625
4.929999999999939 0.6351975614312219 0.36428687178946834 20.25337138069807
4.939999999999939 0.6301161849836754 0.36936800017181665 20.229648981625697
4.949999999999939 0.6249648618121424 0.37451905804355756 20.20579124313894
4.959999999999939 0.6197815746375732 0.37970201297845535 20.181960993194632
4.9699999999999385 0.6146047185333864 0.3848784299506053 20.15830585820553
4.979999999999938 0.6094714105105457 0.3900111833682219 20.13495627551908
4.989999999999938 0.6044159776489709 0.39506597171042346 20.112044109895425
4.999999999999938 0.5994685353651955 0.4000127220735906 20.08971803826207
5.009999999999938 0.5946536206763023 0.40482694111109047 20.068136259967698
5.019999999999937 0.5899889609581643 0.40949094489141397 20.047438588010063
5.029999999999937 0.5854845221355209 0.4139948137112651 20.027713907274013
5.039999999999937 0.5811419900716975 0.41833690233636617 20.008979071549284
5.049999999999937 0.5769548284504185 0.42252376031481476 19.991177823536272
5.0599999999999365 0.5729090057778002 0.42656937738607775 19.97419623661407
5.069999999999936 0.5689843821940089 0.43049376771117837 19.95787934700083
5.079999999999936 0.5651566617880079 0.4343209913620858 19.942033703837257
5.089999999999936 0.5613998161655843 0.43807672161485134 19.9264147877103
5.099999999999936 0.5576889297077514 0.44178542397062776 19.91071053995056
5.1099999999999355 0.55400341028111 0.4454672008462584 19.894529986288248
5.119999999999935 0.5503304372776954 0.44913440965308243 19.877399627617052
5.129999999999935 0.5466684495978611 0.4527882391336692 19.858775221077842
5.139999999999935 0.5430304278695985 0.4564154958698402 19.838085058775743
5.149999999999935 0.5394466294537745 0.45998593980375174 19.814812075044305
5.159999999999934 0.5359662661939466 0.46345064104246464 19.78859599313424
5.169999999999934 0.5326574890589592 0.46674194733777813 19.759319738293303
5.179999999999934 0.5296051221726565 0.4697756282107374 19.72715860029643
5.189999999999934 0.5269059057915023 0.47245552035375127 19.692604500537602
5.199999999999934 0.5246614357376124 0.4746805735419685 19.656491634959824
5.209999999999933 0.5229693477680656 0.4763537306304184 19.62001954892279
5.219999999999933 0.5219134683026896 0.4773917878850917 19.584726392111026
5.229999999999933 0.5215536387622219 0.4777354179771444 19.552369196431663
5.239999999999933 0.5219158866747021 0.4773587456793735 19.52473005066196
5.2499999999999325 0.5229837888484157 0.4762778441167158 19.503421178864063
5.259999999999932 0.5246922854833609 0.47455704092921924 19.489743701378625
5.269999999999932 0.5269256278793037 0.47231125754936343 19.484586026382964
5.279999999999932 0.5295212460360594 0.4697023468160348 19.48831489380351
5.289999999999932 0.5322808345647896 0.4669279969012234 19.500656368043675
5.299999999999931 0.5349887424710089 0.46420322315041534 19.520623003050805
5.309999999999931 0.5374358575970856 0.46173645365623883 19.54654372476219
5.319999999999931 0.5394450338031717 0.45970423774389796 19.576211979497312
5.329999999999931 0.5408928785848339 0.4582296768209741 19.607127433098547
5.339999999999931 0.5417235221526951 0.457368813485878 19.636772936909022
5.34999999999993 0.5419523122309102 0.4571069457755066 19.662869852155296
5.35999999999993 0.5416595237050967 0.4573647943546742 19.683604227180926
5.36999999999993 0.5409753901361237 0.4580132971498348 19.69784259130493
5.37999999999993 0.5400564641988842 0.458897244915656 19.70526300788081
5.3899999999999295 0.5390679210295375 0.4598524543948744 19.70630930366245
5.399999999999929 0.53815382234584 0.46073586543887846 19.70261124666173
5.409999999999929 0.5374134476640933 0.46144806061574334 19.696108318057988
5.419999999999929 0.5368975127083552 0.46193758901939264 19.68847421061023
5.429999999999929 0.5366152458885468 0.4621956286309971 19.68114433323505
5.4399999999999284 0.536544496348891 0.4622452604156435 19.67535474285999
5.449999999999928 0.5366399421226588 0.4621312849898457 19.671738379030195
5.459999999999928 0.5368439519174549 0.4619098641936832 19.67034776754025
5.469999999999928 0.5370994822927839 0.461637650016996 19.670762449663187
5.479999999999928 0.5373580775758799 0.46136326479802875 19.672569043952937
5.489999999999927 0.5375827876651044 0.46112221177508966 19.675325199643936
5.499999999999927 0.5377506876659678 0.4609360342769711 19.678257814844002
5.509999999999927 0.5378574788255682 0.46081095896055624 19.6806548112964
5.519999999999927 0.5379059024152368 0.46074402152724536 19.682048667996217
5.5299999999999265 0.5379101096561073 0.4607226952724416 19.682370585593898
5.539999999999926 0.5378799423985422 0.46073125469284243 19.681738709294187
5.549999999999926 0.5378435264737165 0.4607532757474029 19.680336442868686
5.559999999999926 0.53778703163668 0.46078032793585083 19.67868926281931
5.569999999999926 0.5377277197720789 0.460809788520157 19.676650508460312
5.5799999999999255 0.5376503985712835 0.46084664427513566 19.674195304395507
5.589999999999925 0.5375300758274181 0.4608988831653879 19.67070776578245
5.599999999999925 0.5374660232936981 0.4609494427489647 19.667778261953593
5.609999999999925 0.5374081809799345 0.4609981941050624 19.66546032614793
5.619999999999925 0.537356679448831 0.46104342475047844 19.663668678217917
5.629999999999924 0.5373135604964178 0.4610818797033786 19.662306545379483
5.639999999999924 0.5372817080520552 0.461110005723276 19.661304438639156
5.649999999999924 0.5372622608349237 0.46112636145652347 19.660583752641347
5.659999999999924 0.5372545434972087 0.46113164799578615 19.660152576197007
5.6699999999999235 0.53725521133045 0.46112903251614973 19.659924563585516
5.679999999999923 0.5372600299138152 0.4611226879487757 19.659825957908424
5.689999999999923 0.5372658515830036 0.46111540080891994 19.659766744841257
5.699999999999923 0.5372714991783099 0.4611083945282221 19.659723210313313
5.709999999999923 0.5372781004548546 0.4611002508369739 19.65964656274896
5.7199999999999225 0.5372875454686035 0.4610894522070665 19.659551230487473
5.729999999999922 0.5373000554643298 0.46107521041943045 19.659426812506773
5.739999999999922 0.5373132035571748 0.4610608968354037 19.659370841871926
5.749999999999922 0.5373238303681667 0.4610491760853393 19.659337807163073
5.759999999999922 0.5373314594257683 0.4610408617258455 19.659305813736452
5.769999999999921 0.5373389328664141 0.46103274806085803 19.659162973962154
5.779999999999921 0.5373497640243702 0.4610212696706086 19.658923771504767
5.789999999999921 0.5373661362859923 0.46100415407734036 19.658568108995222
5.799999999999921 0.5373870978115545 0.4609822414863858 19.658193037260475
5.809999999999921 0.5374111799357555 0.4609569122825076 19.657814907417706
5.81999999999992 0.5374345557687265 0.4609318067969011 19.657476796980166
5.82999999999992 0.5374540447687395 0.4609102560043508 19.657205440941187
5.83999999999992 0.5374665687484863 0.46089535008206456 19.656969116412885
5.84999999999992 0.5374714909642145 0.4608877281613679 19.656765817627935
5.8599999999999195 0.5374705915026725 0.4608853792921855 19.656531117080227
5.869999999999919 0.5374678109988138 0.4608843528012902 19.656245530116866
5.879999999999919 0.5374671301768194 0.4608808541652289 19.65588353508616
5.889999999999919 0.5374709250802713 0.46087270983902145 19.65549702727625
5.899999999999919 0.5374791507122544 0.46085981039830165 19.655122680716683
5.909999999999918 0.537490036265579 0.4608435138621041 19.654782968355814
5.919999999999918 0.5375013550159837 0.4608256838491761 19.654494208959036
5.929999999999918 0.5375112898379796 0.4608080357796127 19.65427239449378
5.939999999999918 0.5375187540147752 0.46079188990197595 19.654129930895547
5.949999999999918 0.537523526560781 0.4607780451436294 19.65407540046275
5.959999999999917 0.5375261868178286 0.46076667007473365 19.654116235884974
5.969999999999917 0.537527631795419 0.4607573834826514 19.654251726676563
5.979999999999917 0.5375285054151757 0.46074954746871954 19.65445945161513
5.989999999999917 0.5375291059241728 0.4607425493639512 19.654695990010726
5.9999999999999165 0.5375296387701368 0.4607359573689709 19.6549201368811
6.009999999999916 0.537530187918113 0.46072962885878876 19.655118180333673
6.019999999999916 0.5375303538906836 0.4607237870994661 19.655305350730572
6.029999999999916 0.5375291789216328 0.4607189720413737 19.655503061471677
6.039999999999916 0.5375256477625389 0.4607158482253225 19.655717027564553
6.0499999999999154 0.5375192423781356 0.4607149799513451 19.655940547703594
6.059999999999915 0.5375099258886741 0.46071670285202254 19.656183345075934
6.069999999999915 0.5374976500540442 0.46072114524419655 19.656497231400003
6.079999999999915 0.5374820697238468 0.4607283215089835 19.65696022911182
6.089999999999915 0.5374628907372534 0.4607381227770347 19.657616477188192
6.099999999999914 0.5374404402571136 0.46075017389669015 19.65842490348558
6.109999999999914 0.5374159884866709 0.460763516411687 19.65929864164979
6.119999999999914 0.5373910704842559 0.46077681546298377 19.660164735027777
6.129999999999914 0.537366404549962 0.4607891963457542 19.66102977134629
6.1399999999999135 0.5373407209516395 0.4608016540782987 19.661965793581867
6.149999999999913 0.5373113762220592 0.46081665246240083 19.663069818021768
6.159999999999913 0.537275209987794 0.460837591077043 19.66438973871063
6.169999999999913 0.537231803713249 0.460865074452442 19.665851886899777
6.179999999999913 0.5371840927333731 0.46089666039768573 19.667307757663814
6.1899999999999125 0.5371355214388153 0.4609296522986805 19.668624967771905
6.199999999999912 0.5370897462304003 0.460960692599515 19.669762597526233
6.209999999999912 0.5370463148046812 0.4609906725878213 19.670850579183362
6.219999999999912 0.5370051827291572 0.461018985328576 19.67206188062621
6.229999999999912 0.5369664263911648 0.46104567638149824 19.673361569453803
6.239999999999911 0.5369299657154183 0.46107170325323016 19.674548291817747
6.249999999999911 0.5368953167844117 0.4610971322921824 19.675459535457886
6.259999999999911 0.5368607489498042 0.46112399227677187 19.675977834862014
6.269999999999911 0.5368243163676911 0.46115360706071507 19.676077950077183
6.2799999999999105 0.5367851176131998 0.46118555813336454 19.67573178903733
6.28999999999991 0.536744008018809 0.46122001392947126 19.674917463044245
6.29999999999991 0.536706458512948 0.46124919677433746 19.673579486133843
6.30999999999991 0.536676078210177 0.46127223518256044 19.672077083556225
6.31999999999991 0.5366526379820037 0.4612874690938156 19.670528339313087
6.3299999999999095 0.5366336232165365 0.4612996361374709 19.669108451000575
6.339999999999909 0.5366168680995425 0.46130905058699295 19.66780527804581
6.349999999999909 0.5366035519590162 0.46131388551553193 19.666710342973296
6.359999999999909 0.5365993216155716 0.46130759498965934 19.665966671459184
6.369999999999909 0.5366117679095245 0.4612841690288878 19.66611385573967
6.379999999999908 0.536648205891279 0.4612341205625028 19.666825632445093
6.389999999999908 0.53671793625425 0.46114572027972617 19.66814844829611
6.399999999999908 0.5368271983450194 0.4610106253807222 19.670233845521302
6.409999999999908 0.5369776727021963 0.46082943177272906 19.67343352905439
6.419999999999908 0.5371627031192494 0.4606111810939431 19.677674812920028
6.429999999999907 0.5373727611882186 0.46036825363005135 19.682181068595273
6.439999999999907 0.5376165728734852 0.46010476706983683 19.686159353670124
6.449999999999907 0.5378676582197587 0.45983687186926786 19.689827982249064
6.459999999999907 0.5380840590663201 0.4596087850846145 19.692407882056187
6.4699999999999065 0.5381895333648106 0.4594908122376372 19.69347285422862
6.479999999999906 0.5381180716937157 0.45954620057158924 19.69278325509153
6.489999999999906 0.5378507786220585 0.459793794272791 19.69142332071637
6.499999999999906 0.5374042312655624 0.46021588018905973 19.690818673966575
6.509999999999906 0.5368088893221694 0.4607825617342994 19.69169038305738
6.519999999999905 0.5361095208265794 0.4614472216932359 19.69450488602865
6.529999999999905 0.5353932083169928 0.4621199708198657 19.7001580254387
6.539999999999905 0.5347930158611187 0.4626616918986333 19.708496610684147
6.549999999999905 0.5344751276245098 0.4629129295121131 19.722228295590345
6.559999999999905 0.5345573888679502 0.4627463317125824 19.738924326120877
6.569999999999904 0.5351229009616024 0.4620880924188614 19.7575691481457
6.579999999999904 0.536192033531435 0.4609210935633873 19.77674339534646
6.589999999999904 0.537788627807999 0.4592901473480754 19.804209199120134
6.599999999999904 0.5397011623986377 0.45735189685478944 19.830916483226314
6.6099999999999035 0.541722296270324 0.4553052327175937 19.85216338384682
6.619999999999903 0.5436567438177613 0.4533421901169748 19.865364767244536
6.629999999999903 0.5453429127207604 0.4516218622758129 19.8695504457625
6.639999999999903 0.5466615092208277 0.45026309153747573 19.865339025483607
6.649999999999903 0.547532704576539 0.44934677106811083 19.854599485568436
6.659999999999902 0.5479132645976637 0.4489175080441972 19.839985713213917
6.669999999999902 0.5477977461132824 0.44898179453101705 19.82436878553891
6.679999999999902 0.5472194466250095 0.4495067003084451 19.810253914970776
6.689999999999902 0.5462445850558901 0.4504251014112816 19.79939686286756
6.699999999999902 0.5449577430426886 0.45165047213985743 19.79266057403648
6.709999999999901 0.5434435137793131 0.4530971156601441 19.79000755366547
6.719999999999901 0.5417715802929408 0.4546962142752249 19.790668788642332
6.729999999999901 0.5399891456470762 0.4564018102652771 19.793636993165762
6.739999999999901 0.5381227273427851 0.4581877765303944 19.798092044658954
6.7499999999999005 0.5361870910710165 0.4600399600886292 19.80328344286881
6.7599999999999 0.5341913356633228 0.46194993975823284 19.808305536951075
6.7699999999999 0.5321395922660945 0.4639132343246837 19.812188842851512
6.7799999999999 0.5300346631994819 0.465928017877325 19.814138811499987
6.7899999999999 0.5278807372168665 0.4679942235999396 19.813758119787092
6.7999999999998995 0.5256772955441823 0.47011587591663495 19.811052762836713
6.809999999999899 0.5234148152144171 0.4723026359910323 19.80616605014809
6.819999999999899 0.5210789608970977 0.47456878355789545 19.799254266966855
6.829999999999899 0.5186513402234422 0.4769347842175261 19.790477008500094
6.839999999999899 0.5161042468924429 0.4794301925750624 19.779796658347742
6.849999999999898 0.513401416015435 0.4820909085658782 19.766933601001412
6.859999999999898 0.5105065834712509 0.48495134529302053 19.751703644419752
6.869999999999898 0.5073910540024466 0.48803834020966946 19.734310707893055
6.879999999999898 0.5040346766272965 0.4913711004318614 19.715108093546156
6.8899999999998975 0.5004235832843269 0.4949631897022673 19.694022288885975
6.899999999999897 0.49655347244032794 0.4988181849637828 19.6706317002043
6.909999999999897 0.49243792863308583 0.5029211710677899 19.6449738128629
6.919999999999897 0.48811149361586664 0.5072364451935502 19.61778279601561
6.929999999999897 0.483625000265569 0.5117124806193531 19.590017693074603
6.9399999999998965 0.4790380952641246 0.5162889388162771 19.5624826495276
6.949999999999896 0.4744124704665139 0.5209033508202079 19.535579113538244
6.959999999999896 0.46980830527120887 0.5254950082409889 19.50921132940345
6.969999999999896 0.4652830852569586 0.5300057713612408 19.482800475121856
6.979999999999896 0.46089256897983044 0.5343790388264504 19.45552282100204
6.989999999999895 0.45669522585370803 0.5385563096498356 19.42726944327613
6.999999999999895 0.4527533139883321 0.5424759081284727 19.399272982182698
7.009999999999895 0.44912505179050544 0.5460792962724982 19.37340431857581
7.019999999999895 0.4458535175730751 0.5493215062402894 19.35147792822653
7.0299999999998946 0.44295681263379993 0.5521818486904982 19.33505935910171
7.039999999999894 0.44042160290637167 0.5546723709218563 19.324865179503444
7.049999999999894 0.43820473012762 0.5568377119395131 19.320243958937798
7.059999999999894 0.4362433478507241 0.5587440372075225 19.319553170741997
7.069999999999894 0.43446874118814977 0.560462758131172 19.32093160465107
7.0799999999998935 0.4328180732193251 0.562057199503398 19.322383403157428
7.089999999999893 0.4312448570607754 0.5635738133696097 19.3217378087081
7.099999999999893 0.4297317412711261 0.5650328591952778 19.318096167459952
7.109999999999893 0.42829345763869603 0.5664240762807365 19.312694958279003
7.119999999999893 0.4269608879904704 0.5677172415910237 19.30694795220239
7.129999999999892 0.42576482640647795 0.5688771805275429 19.30109998228575
7.139999999999892 0.424734175358313 0.5698697802779588 19.295154682009574
7.149999999999892 0.4238993585698614 0.5706614338580578 19.289267011980908
7.159999999999892 0.42329508945549693 0.5712165324725316 19.283415985720108
7.169999999999892 0.4229610511039644 0.5714960075270106 19.27722104086714
7.179999999999891 0.4229345940270177 0.5714617084711449 19.26916888980167
7.189999999999891 0.4232407784889465 0.5710858809855719 19.256836693884388
7.199999999999891 0.423889095898856 0.5703583530495017 19.238985131828603
7.209999999999891 0.42487328845383526 0.5692876078502807 19.216145798688192
7.2199999999998905 0.4261712925371545 0.5678986083907227 19.189175316272443
7.22999999999989 0.4277505425266955 0.5662276427242059 19.15904877157292
7.23999999999989 0.4295776535986801 0.5643126536680526 19.127466851698614
7.24999999999989 0.4316263507501994 0.5621838376295342 19.096976494438984
7.25999999999989 0.43387585338331475 0.5598630552640537 19.06992576986234
7.269999999999889 0.4362948512494772 0.5573787374403798 19.045931935797455
7.279999999999889 0.43883178366844305 0.5547809304037739 19.0238435854939
7.289999999999889 0.4414191732251873 0.5521397977164942 19.005682321472513
7.299999999999889 0.44396688393818307 0.5495459494313217 18.993075145588623
7.309999999999889 0.4463583739987842 0.5471135517055314 18.98472201938289
7.319999999999888 0.44847315509556795 0.5449630128221687 18.98082065153467
7.329999999999888 0.4502101738536678 0.5431964327173023 18.983331433040423
7.339999999999888 0.45148893026066567 0.5418904989182033 18.992101341537357
7.349999999999888 0.4522902856415621 0.5410668956487513 19.006269464992588
7.3599999999998875 0.4526352862534323 0.5407042586822839 19.02172965304394
7.369999999999887 0.452576982596814 0.540746695547571 19.036430597859095
7.379999999999887 0.4521894921366109 0.5411128955002635 19.04818710350287
7.389999999999887 0.4515579784913563 0.5417140176506923 19.05492789967499
7.399999999999887 0.45076202036511065 0.5424715493833803 19.056420850414995
7.4099999999998865 0.44986951230793326 0.5433236698338495 19.055860103707655
7.419999999999886 0.4489459312487678 0.5442075706793721 19.05656822346734
7.429999999999886 0.44803255231086775 0.5450808074623488 19.055599596317105
7.439999999999886 0.4471822419153868 0.5458914628656797 19.054873564765103
7.449999999999886 0.4464259512231822 0.546608401384377 19.05372084636322
7.459999999999885 0.44580221596728414 0.547194797146286 19.052032372526625
7.469999999999885 0.4453299369828601 0.5476322921408808 19.04920442852374
7.479999999999885 0.44501274480962355 0.5479181036891486 19.04549343198816
7.489999999999885 0.44484968567354644 0.548054466148681 19.041153113128683
7.4999999999998845 0.44483544066049635 0.5480463046012967 19.035896549334154
7.509999999999884 0.4449574261735307 0.547905720755719 19.029490062179065
7.519999999999884 0.44518172269488815 0.5476659887943762 19.02232099845158
7.529999999999884 0.44545020847012934 0.5473840761409334 19.015282282848727
7.539999999999884 0.44568021723531603 0.5471350489918502 19.008167743935104
7.5499999999998835 0.4458159076337417 0.5469837594644532 19.003937932850054
7.559999999999883 0.4458145962398482 0.5469699436768733 19.00234594415954
7.569999999999883 0.4456810413161543 0.5470843757305418 19.00150855822696
7.579999999999883 0.4454781150765604 0.5472715436085268 19.00315872394431
7.589999999999883 0.445281968364184 0.5474518058792243 19.004872850091424
7.599999999999882 0.44516611693663294 0.5475517273315932 19.00595957420936
7.609999999999882 0.445152371548546 0.5475494619891099 19.007528766296986
7.619999999999882 0.44524771785674094 0.5474393652585696 19.00789863556549
7.629999999999882 0.4453787207579862 0.5472843679233581 19.00984259041816
7.6399999999998816 0.44546170985361067 0.547176672573987 19.01226175366646
7.649999999999881 0.4454639973714165 0.5471526900318664 19.014357670728767
7.659999999999881 0.44543944230490956 0.5471536266837428 19.016160031888717
7.669999999999881 0.445472255589808 0.5470934556718443 19.01813905233305
7.679999999999881 0.445595873462471 0.5469426436928114 19.021102053907573
7.6899999999998805 0.445789187208904 0.5467217631498319 19.024915814377927
7.69999999999988 0.44598951016015503 0.5464945426535001 19.028778920011884
7.70999999999988 0.4461369335673386 0.5463201615654466 19.031238213746512
7.71999999999988 0.4462150452317255 0.5462125169050198 19.031851715810436
7.72999999999988 0.44625903769153136 0.5461316204442851 19.030389562571365
7.739999999999879 0.4463116829694142 0.5460303412487423 19.027951488628606
7.749999999999879 0.4464302875877651 0.5458455642424934 19.02418168318094
7.759999999999879 0.4466037736593731 0.5455935435180456 19.02136062953214
7.769999999999879 0.44681697491145705 0.5452868190737438 19.019073630912505
7.779999999999879 0.44702218261903875 0.5449763434181403 19.017622951210463
7.789999999999878 0.447179087842154 0.5447042841612876 19.016455992709194
7.799999999999878 0.447301315751202 0.544462419546663 19.015161302891766
7.809999999999878 0.44740018162641565 0.5442438231149581 19.01504942895035
7.819999999999878 0.44748190590047693 0.5440426725445983 19.016049382343652
7.8299999999998775 0.4475466315463903 0.5438606257710102 19.017636126109018
7.839999999999877 0.4476010516950245 0.5436938797568459 19.019718662493506
7.849999999999877 0.4476444932979679 0.543539784960846 19.022246311734808
7.859999999999877 0.44767246470045213 0.5433926140802765 19.024103600810943
7.869999999999877 0.44767989952084947 0.5432484472124244 19.02345427530458
7.879999999999876 0.4476632593388915 0.5431111809340791 19.01991960057495
7.889999999999876 0.44762048455057557 0.5429872203555609 19.01436425334869
7.899999999999876 0.4475451549112753 0.5428841390498377 19.006783114804094
7.909999999999876 0.4474350570729052 0.5428052302615085 18.996975903504932
7.919999999999876 0.4472929441964556 0.5427479872991023 18.985055194136695
7.929999999999875 0.4471254202176982 0.5427057896681956 18.971085516645392
7.939999999999875 0.44694189243385735 0.5426706320473702 18.955004116759216
7.949999999999875 0.4467527907569243 0.5426362527916206 18.936314808339706
7.959999999999875 0.44656979693838056 0.5426015371047707 18.91546155581368
7.9699999999998745 0.4463989441695501 0.5425714424684153 18.894589974617983
7.979999999999874 0.44623442118171236 0.542555009210288 18.875432095319734
7.989999999999874 0.44606493933899555 0.5425625899911761 18.8583464942301
