-8.0 1.1237210428928296e-11 1.2627489822401486e-22
-7.983983983983984 1.4327512722196183e-11 2.0527762080469345e-22
-7.967967967967968 1.8234373462570012e-11 3.324923755724775e-22
-7.951951951951952 2.316427173205177e-11 5.3658348487633275e-22
-7.935935935935936 2.9373400634466965e-11 8.627966648329042e-22
-7.91991991991992 3.717899019455652e-11 1.3822773118869296e-21
-7.903903903903904 4.697304837569156e-11 2.2064672737050598e-21
-7.887887887887888 5.923899836543766e-11 3.5092589273403266e-21
-7.871871871871872 7.45717761325574e-11 5.560949795564256e-21
-7.8558558558558556 9.370205164629765e-11 8.78007448272543e-21
-7.83983983983984 1.175253518121545e-10 1.3812208318570683e-20
-7.823823823823824 1.4713699500716188e-10 2.1649295299737584e-20
-7.807807807807808 1.8387389812307537e-10 3.38096104109751e-20
-7.791791791791792 2.2936448941206894e-10 5.260806900325908e-20
-7.7757757757757755 2.8558815645992663e-10 8.156059511017954e-20
-7.75975975975976 3.549458806674968e-10 1.2598657820282488e-19
-7.743743743743744 4.4034396015421533e-10 1.9390280324429715e-19
-7.727727727727728 5.45293004491481e-10 2.9734446074734634e-19
-7.711711711711712 6.740246995992367e-10 4.543092956698414e-19
-7.6956956956956954 8.316291918937115e-10 6.916071128097875e-19
-7.67967967967968 1.0242163296122558e-09 1.049019089844401e-18
-7.663663663663664 1.2591044281911332e-09 1.5853439610905208e-18
-7.647647647647648 1.5450406973343314e-09 2.3871507564193564e-18
-7.631631631631632 1.8924579812494497e-09 3.581397210794742e-18
-7.615615615615615 2.3137730211321644e-09 5.353545593319063e-18
-7.5995995995996 2.823732050328946e-09 7.973462692054916e-18
-7.583583583583583 3.4398101767988775e-09 1.1832294052409123e-17
-7.5675675675675675 4.182671692566547e-09 1.7494742487797503e-17
-7.551551551551552 5.076699172605738e-09 2.5772874489135783e-17
-7.535535535535535 6.1505999813490225e-09 3.782988013057059e-17
-7.51951951951952 7.438099587454387e-09 5.5325325472889123e-17
-7.503503503503503 8.978731888348669e-09 8.061762632284927e-17
-7.4874874874874875 1.0818737555065377e-08 1.1704508228538196e-16
-7.471471471471472 1.3012082212332944e-08 1.693142835005114e-16
-7.455455455455455 1.5621607053507746e-08 2.44034606934203e-16
-7.43943943943944 1.8720325236830186e-08 3.504505769727011e-16
-7.423423423423423 2.239287809772481e-08 5.014409894995634e-16
-7.407407407407407 2.673716581753911e-08 7.148760359545819e-16
-7.391391391391391 3.186616768519289e-08 1.0154526429408315e-15
-7.375375375375375 3.790996744444761e-08 1.4371656316390775e-15
-7.35935935935936 4.501799940263485e-08 2.0266202702156317e-15
-7.343343343343343 5.336153095034841e-08 2.847452985364991e-15
-7.327327327327327 6.31363968667908e-08 3.986204609320911e-15
-7.311311311311311 7.456600022066298e-08 5.560088388907912e-15
-7.295295295295295 8.790459377821177e-08 7.727217607312428e-15
-7.2792792792792795 1.0344085455353515e-07 1.0700010390765616e-14
-7.263263263263263 1.2150176243590323e-07 1.4762678275030668e-14
-7.247247247247247 1.4245679165952606e-07 2.0293937489925614e-14
-7.231231231231231 1.667224211988689e-07 2.779636573041305e-14
-7.215215215215215 1.9476696693572452e-07 3.7934171409341605e-14
-7.1991991991991995 2.2711573461527327e-07 5.1581556909835234e-14
-7.183183183183183 2.6435648815469033e-07 6.988435282948093e-14
-7.167167167167167 3.071452227642867e-07 9.43381878669233e-14
-7.151151151151151 3.562122265708321e-07 1.268871503585498e-13
-7.135135135135135 4.123684079892539e-07 1.7004770390759175e-13
-7.119119119119119 4.7651185897877604e-07 2.2706355174740897e-13
-7.103103103103103 5.496346165626909e-07 3.020982117240162e-13
-7.087087087087087 6.328295766243077e-07 4.0047327305050047e-13
-7.071071071071071 7.272975050693689e-07 5.289616608801286e-13
-7.055055055055055 8.343540820411108e-07 6.961467342186647e-13
-7.039039039039039 9.554369050836163e-07 9.12859679595759e-13
-7.023023023023023 1.0921123670880651e-06 1.1927094223466966e-12
-7.007007007007007 1.2460823146654702e-06 1.5527211349220558e-12
-6.990990990990991 1.4191903824307613e-06 2.0141013415839705e-12
-6.974974974974975 1.613427888741915e-06 2.603149552170193e-12
-6.958958958958959 1.8309391689231923e-06 3.3523382402971496e-12
-6.942942942942943 2.0740262131401527e-06 4.301584732792483e-12
-6.926926926926927 2.34515246813483e-06 5.499740098798883e-12
-6.910910910910911 2.64694565523396e-06 7.006321301761939e-12
-6.894894894894895 2.9821994516861206e-06 8.893513569637e-12
-6.878878878878879 3.3538738787491397e-06 1.12484699945558e-11
-6.862862862862863 3.7650942383193854e-06 1.4175934623425831e-11
-6.846846846846847 4.219148440553301e-06 1.7801213563423355e-11
-6.8308308308308305 4.719482568148224e-06 2.227351571105496e-11
-6.814814814814815 5.269694528976164e-06 2.7769680428721318e-11
-6.798798798798799 5.8735256578317075e-06 3.449830365320739e-11
-6.782782782782783 6.534850140352013e-06 4.270426635685873e-11
-6.766766766766767 7.2576621478491895e-06 5.2673659852322906e-11
-6.7507507507507505 8.046060590960725e-06 6.473909103341123e-11
-6.734734734734735 8.904231422712163e-06 7.928533722921468e-11
-6.718718718718719 9.836427447777505e-06 9.675530493539066e-11
-6.702702702702703 1.0846945624308564e-05 1.1765622937670668e-10
-6.686686686686687 1.1940101877512847e-05 1.4256603284538581e-10
-6.67067067067067 1.3120203479919312e-05 1.7213973935448678e-10
-6.654654654654655 1.4391519091627137e-05 2.0711582176466834e-10
-6.638638638638639 1.575824659434643e-05 2.48322335728231e-10
-6.622622622622623 1.722447889516415e-05 2.9668267320995513e-10
-6.606606606606607 1.8794167919091653e-05 3.532207477710139e-10
-6.59059059059059 2.047108705285813e-05 4.1906540512569587e-10
-6.574574574574575 2.225879234532324e-05 4.954538366722205e-10
-6.558558558558559 2.4160582811454122e-05 5.837337617891324e-10
-6.5425425425425425 2.617946022612882e-05 6.853641377314608e-10
-6.526526526526526 2.8318088830166217e-05 8.019141549931846e-10
-6.51051051051051 3.057875540296991e-05 9.350602819946616e-10
-6.494494494494495 3.296333018304982e-05 1.0865811367567635e-09
-6.478478478478479 3.5473229138508614e-05 1.2583499855131365e-09
-6.4624624624624625 3.810937810345216e-05 1.4523246994318786e-09
-6.446446446446446 4.0872179302362194e-05 1.6705350409244448e-09
-6.43043043043043 4.376148078202383e-05 1.9150672002354404e-09
-6.414414414414415 4.67765492589911e-05 2.1880455605788206e-09
-6.398398398398399 4.991604686932091e-05 2.491611735060242e-09
-6.382382382382382 5.3178012276083346e-05 2.827900989635271e-09
-6.366366366366366 5.655984654881309e-05 3.1990162416252848e-09
-6.35035035035035 6.0058304177676326e-05 3.606999900698294e-09
-6.334334334334335 6.366948952394988e-05 4.053803896240364e-09
-6.318318318318318 6.738885893796363e-05 4.54125830896076e-09
-6.302302302302302 7.121122869668143e-05 5.071039092491066e-09
-6.286286286286286 7.513078882657876e-05 5.644635429703973e-09
-6.27027027027027 7.914112278463063e-05 6.26331731561198e-09
-6.2542542542542545 8.32352328725459e-05 6.928103991346946e-09
-6.238238238238238 8.74055711585207e-05 7.639733869547224e-09
-6.222222222222222 9.164407557867572e-05 8.398636588670029e-09
-6.206206206206206 9.594221078906968e-05 9.204907811094278e-09
-6.19019019019019 0.00010029101324099411 1.0058287336905256e-08
-6.1741741741741745 0.00010468113985961298 1.0958141042307855e-08
-6.158158158158158 0.00010910291962137727 1.190344706990871e-08
-6.142142142142142 0.00011354640725168596 1.2892786599765722e-08
-6.126126126126126 0.00011800143820359774 1.3924339418117497e-08
-6.11011011011011 0.00012245768403368738 1.4995884378894414e-08
-6.094094094094094 0.00012690470726503728 1.6104804726024806e-08
-6.078078078078078 0.0001313320148223671 1.7248098117302458e-08
-6.062062062062062 0.00013572910914289734 1.8422391068724538e-08
-6.046046046046046 0.00014008553611094752 1.9623957427491583e-08
-6.03003003003003 0.00014439092903651077 2.0848740388026687e-08
-6.014014014014014 0.00014863504799991387 2.20923774939367e-08
-5.997997997997998 0.00015280781401753293 2.3350228024816938e-08
-5.981981981981982 0.0001568993376484773 2.4617402154530888e-08
-5.965965965965966 0.0001608999418597298 2.588879129046443e-08
-5.94994994994995 0.00016480017919753533 2.715909906353976e-08
-5.933933933933934 0.00016859084357542713 2.8422872537474137e-08
-5.917917917917918 0.00017226297728308704 2.9674533342433364e-08
-5.901901901901902 0.000175807874143642 3.090840861090667e-08
-5.885885885885886 0.00017921708009769761 3.2118761798744556e-08
-5.86986986986987 0.00018248239286752874 3.329982370665911e-08
-5.853853853853854 0.0001855958627509331 3.444582427026319e-08
-5.837837837837838 0.00018854979700727015 3.5551025951482774e-08
-5.821821821821822 0.00019133677072367757 3.6609759830965157e-08
-5.8058058058058055 0.00019394964748234398 3.76164657585255e-08
-5.78978978978979 0.00019638161358446403 3.8565738154037744e-08
-5.773773773773774 0.000198626230016803 3.945237925068793e-08
-5.757757757757758 0.00020067750676511378 4.027146172146228e-08
-5.741741741741741 0.00020253000447552268 4.101840271285524e-08
-5.7257257257257255 0.00020417896882757075 4.16890513114901e-08
-5.70970970970971 0.00020562050329252717 4.2279791374272177e-08
-5.693693693693694 0.00020685178618070547 4.27876614461483e-08
-5.677677677677678 0.0002078713379909074 4.321049315813006e-08
-5.661661661661661 0.00020867934500221427 4.3547069030553165e-08
-5.645645645645645 0.00020927804470128835 4.3797299993994445e-08
-5.62962962962963 0.00020967217788233966 4.3962422177923475e-08
-5.613613613613614 0.00020986951089836483 4.404521160471887e-08
-5.597597597597598 0.000209881429310467 4.405021436940456e-08
-5.581581581581581 0.00020972360071096468 4.3983988695172144e-08
-5.565565565565565 0.00020941669931192675 4.3855353950701946e-08
-5.54954954954955 0.0002089871774174856 4.367564032492761e-08
-5.533533533533534 0.00020846805849918568 4.34589314144199e-08
-5.5175175175175175 0.0002078997126820386 4.32222905332742e-08
-5.501501501501501 0.00020733055770810207 4.298596015955264e-08
-5.485485485485485 0.00020681760720199957 4.277352264876058e-08
-5.46946946946947 0.000206426764843821 4.261200924388617e-08
-5.453453453453454 0.0002062327412648104 4.253194356959823e-08
-5.4374374374374375 0.00020631845602276584 4.256730529561796e-08
-5.421421421421421 0.00020677378840820533 4.275539957268127e-08
-5.405405405405405 0.0002076935681804691 4.3136618263535166e-08
-5.38938938938939 0.00020917475943576516 4.3754079985010225e-08
-5.373373373373374 0.000211312890305944 4.465313760945192e-08
-5.357357357357357 0.00021419790894033991 4.588074419441416e-08
-5.341341341341341 0.00021790977800308838 4.748467134935526e-08
-5.325325325325325 0.00022251421935361838 4.951257781455019e-08
-5.3093093093093096 0.00022805905046794397 5.2010930500340224e-08
-5.293293293293294 0.0002345714930734368 5.50237853627014e-08
-5.277277277277277 0.00024205669003006324 5.859144118831011e-08
-5.261261261261261 0.0002504974760496696 6.27489855072548e-08
-5.245245245245245 0.0002598552641112643 6.752475828633491e-08
-5.2292292292292295 0.0002700717785832957 7.293876558714468e-08
-5.213213213213214 0.00028107131083566665 7.900108177487992e-08
-5.197197197197197 0.0002927631890828907 8.571028488198439e-08
-5.181181181181181 0.0003050442182530578 9.305197508961915e-08
-5.165165165165165 0.0003178009293573467 1.0099743070039324e-07
-5.1491491491491495 0.00033091155789007266 1.095024591452349e-07
-5.133133133133134 0.00034424773377774576 1.1850650221111373e-07
-5.117117117117117 0.00035767590711502503 1.2793205453055602e-07
-5.101101101101101 0.00037105855630672287 1.3768445220842943e-07
-5.085085085085085 0.000384255233007716 1.476520840938141e-07
-5.069069069069069 0.000397123496551403 1.577070715132122e-07
-5.053053053053053 0.0004095197836703067 1.6770645321737481e-07
-5.037037037037037 0.00042130025028843244 1.7749390089309584e-07
-5.021021021021021 0.0004323216129009803 1.8690197698130507e-07
-5.005005005005005 0.0004424420085725264 1.9575493094969155e-07
-4.988988988988989 0.0004515218853148964 2.0387201291831848e-07
-4.972972972972973 0.00045942492863928233 2.1107126505520967e-07
-4.956956956956957 0.00046601902532369976 2.1717373196365113e-07
-4.940940940940941 0.0004711772617330445 2.220080119742499e-07
-4.924924924924925 0.0004747789511981225 2.2541505250078919e-07
-4.908908908908909 0.00047671068284295274 2.2725307513659426e-07
-4.892892892892893 0.00047686738271804927 2.2740250070036247e-07
-4.876876876876877 0.0004751533770585239 2.257707317301198e-07
-4.8608608608608606 0.00047148344688366324 2.2229664068530012e-07
-4.844844844844845 0.0004657838629723239 2.1695460700542062e-07
-4.828828828828829 0.0004579933905153342 2.0975794575573143e-07
-4.812812812812813 0.000448064253554141 2.0076157531302955e-07
-4.796796796796797 0.00043596305085370703 1.900637817096719e-07
-4.7807807807807805 0.00042167161748366894 1.778069529912936e-07
-4.764764764764765 0.00040518783075825564 1.6417717819458084e-07
-4.748748748748749 0.0003865263665684955 1.4940263205264293e-07
-4.732732732732733 0.0003657194249885393 1.3375069781394782e-07
-4.716716716716716 0.0003428174673691841 1.175238159334216e-07
-4.7007007007007005 0.00031789005171255723 1.010540849778123e-07
-4.684684684684685 0.00029102694345204707 8.4696681815041e-08
-4.668668668668669 0.0002623398745991511 6.882220980469832e-08
-4.652652652652653 0.00023196578395456196 5.380812492565452e-08
-4.636636636636636 0.00020007355931013157 4.0029429135024736e-08
-4.62062062062062 0.00016687976594380056 2.7848856281457654e-08
-4.604604604604605 0.00013269064450827954 1.7606807140022618e-08
-4.588588588588589 9.803731538996284e-05 9.611315208871046e-09
-4.5725725725725725 6.425217930270241e-05 4.12834254514662e-09
-4.556556556556556 3.7050155622543267e-05 1.3727140316546742e-09
-4.54054054054054 3.8729810169816544e-05 1.499998195790025e-09
-4.524524524524525 6.782059023297137e-05 4.599632459548611e-09
-4.508508508508509 0.00010339037772070354 1.068957020522975e-08
-4.4924924924924925 0.00014040191008384158 1.9712696355191138e-08
-4.476476476476476 0.0001775815804110392 3.1535217701282384e-08
-4.46046046046046 0.00021435294436428651 4.5947184757638917e-08
-4.444444444444445 0.0002503302710043837 6.266524458112818e-08
-4.428428428428429 0.0002851975811129095 8.133766027265459e-08
-4.412412412412412 0.00031867156212278275 1.0155156450577458e-07
-4.396396396396396 0.00035048872085486927 1.2284234344648248e-07
-4.38038038038038 0.0003804010726135872 1.4470497604556764e-07
-4.364364364364365 0.0004081753106774999 1.6660708424667356e-07
-4.348348348348349 0.0004335935707037915 1.8800338455566381e-07
-4.332332332332332 0.0004564550065755689 2.0835117302790264e-07
-4.316316316316316 0.0004765778281711095 2.2712642630429156e-07
-4.3003003003003 0.0004938016432966314 2.438400629224536e-07
-4.2842842842842845 0.0005079900427434711 2.580538835265136e-07
-4.268268268268269 0.000519033425923312 2.6939569722569026e-07
-4.252252252252252 0.0005268521094376927 2.775731452189465e-07
-4.236236236236236 0.0005313998047137684 2.8238575244983117e-07
-4.22022022022022 0.0005326676013349617 2.837347735119416e-07
-4.2042042042042045 0.0005306886561703085 2.816304497878479e-07
-4.188188188188189 0.0005255438705109427 2.761963598316225e-07
-4.172172172172172 0.0005173689425660878 2.6767062273195187e-07
-4.156156156156156 0.0005063633108371813 2.564038025619919e-07
-4.14014014014014 0.000492801642180437 2.4285345853573545e-07
-4.124124124124124 0.0004770486215034579 2.2757538727834942e-07
-4.108108108108109 0.0004595777491574077 2.1121170752058914e-07
-4.092092092092092 0.0004409943766017992 1.944760401944095e-07
-4.076076076076076 0.00042206176669220565 1.7813613490334583e-07
-4.06006006006006 0.00040372562918658517 1.6299438366210403e-07
-4.044044044044044 0.0003871262602658164 1.4986674138739657e-07
-4.028028028028028 0.0003735781536473948 1.3956063688259652e-07
-4.012012012012012 0.0003644893762157685 1.3285250537416003e-07
-3.9959959959959956 0.0003612002240983801 1.3046560188872e-07
-3.97997997997998 0.00036475849864839804 1.330487623362334e-07
-3.9639639639639643 0.0003757083511983629 1.4115676516019243e-07
-3.947947947947948 0.0003939960794267703 1.5523291060366592e-07
-3.931931931931932 0.00041903982809029394 1.755943775259431e-07
-3.9159159159159156 0.0004499120364463121 2.0242084053926767e-07
-3.8998998998999 0.0004855375732111746 2.3574673499979673e-07
-3.8838838838838843 0.0005248404012232142 2.7545744675614447e-07
-3.8678678678678677 0.0005668241180811824 3.212895808385101e-07
-3.851851851851852 0.0006106024339249484 3.7283533231507095e-07
-3.8358358358358355 0.0006554012874917813 4.2955084764588457e-07
-3.81981981981982 0.0007005485926356641 4.907683306438096e-07
-3.8038038038038042 0.0007454606082189308 5.557115184061382e-07
-3.7877877877877877 0.0007896290484415582 6.235140341427207e-07
-3.771771771771772 0.0008326103653035614 6.9324002041093e-07
-3.7557557557557555 0.0008740173752914778 7.63906372311404e-07
-3.73973973973974 0.0009135129061518696 8.345058297060346e-07
-3.723723723723724 0.000950805003097802 9.040301539158113e-07
-3.7077077077077076 0.0009856432469939837 9.714926103448432e-07
-3.691691691691692 0.0010178158015675591 1.035949005920613e-06
-3.6756756756756754 0.0010471468808390789 1.096516590051012e-06
-3.65965965965966 0.0010734943967502456 1.1523902198541738e-06
-3.643643643643644 0.0010967476070186262 1.2028553135010828e-06
-3.6276276276276276 0.0011168246358654718 1.2472972672760438e-06
-3.611611611611612 0.0011336697883089913 1.2852071889245532e-06
-3.5955955955955954 0.0011472506253760928 1.316183997425836e-06
-3.5795795795795797 0.0011575548159135389 1.3399331518446265e-06
-3.563563563563563 0.0011645868334979762 1.3562624927568427e-06
-3.5475475475475475 0.001168364626914186 1.3650759014243248e-06
-3.531531531531532 0.0011689164624675646 1.3663656962276852e-06
-3.5155155155155153 0.0011662782190117913 1.360204884141316e-06
-3.4994994994994997 0.0011604915157927603 1.3467405582269783e-06
-3.483483483483483 0.001151603174334186 1.3261898711365736e-06
-3.4674674674674675 0.0011396666664213288 1.2988401105519046e-06
-3.451451451451452 0.001124746392276824 1.2650544469397309e-06
-3.4354354354354353 0.001106925882502466 1.225284909353863e-06
-3.4194194194194196 0.0010863213450855835 1.1800940647885517e-06
-3.403403403403403 0.0010631024060517565 1.130186725753034e-06
-3.3873873873873874 0.0010375224267747413 1.0764527860605487e-06
-3.3713713713713718 0.001009961378063719 1.0200219851803661e-06
-3.3553553553553552 0.000980984723718901 9.623310281698485e-07
-3.3393393393393396 0.0009514215916886916 9.052030451314435e-07
-3.323323323323323 0.0009224634779479803 8.50938868147884e-07
-3.3073073073073074 0.0008957784573051633 8.024190445720184e-07
-3.2912912912912917 0.0008736217180738584 7.6321490629032e-07
-3.275275275275275 0.0008588983589890345 7.377063910740565e-07
-3.2592592592592595 0.000855104486703981 7.312036831812788e-07
-3.243243243243243 0.0008660653135678847 7.500691273654384e-07
-3.2272272272272273 0.0008954525654310863 8.01835296937114e-07
-3.2112112112112117 0.0009462106465656219 8.953145876741324e-07
-3.195195195195195 0.0010201447403411763 1.0406952912457662e-06
-3.1791791791791795 0.001117863498169787 1.2496188005403938e-06
-3.163163163163163 0.0012390449709791048 1.5352324401086105e-06
-3.1471471471471473 0.0013828276903363717 1.912212421161024e-06
-3.1311311311311307 0.0015481445709112237 2.3967516124418965e-06
-3.115115115115115 0.001733928260302106 3.006507211874288e-06
-3.0990990990990994 0.0019392019002266415 3.7605040098426172e-06
-3.083083083083083 0.002163097260326359 4.678989757631401e-06
-3.067067067067067 0.002404836832472659 5.783240190817131e-06
-3.0510510510510507 0.002663702779240539 7.09531249613377e-06
-3.035035035035035 0.002939004496708847 8.637747431674823e-06
-3.0190190190190194 0.0032300498271022418 1.0433221885563222e-05
-3.003003003003003 0.0035361215123238276 1.2504155349919351e-05
-2.986986986986987 0.0038564589391461178 1.487227554932e-05
-2.9709709709709706 0.0041902446518975334 1.7558150242755882e-05
-2.954954954954955 0.004536594973767473 2.0580693956012296e-05
-2.9389389389389393 0.004894554120002336 2.3956660033631837e-05
-2.9229229229229228 0.0052630912836394575 2.770012985992163e-05
-2.906906906906907 0.005641100275708093 3.182201232059393e-05
-2.8908908908908906 0.006027401388394863 3.6329567496824324e-05
-2.874874874874875 0.006420745217132558 4.122596914333062e-05
-2.8588588588588593 0.006819818227136249 4.650992065117981e-05
-2.8428428428428427 0.0072232498845606384 5.217533889480528e-05
-2.826826826826827 0.007629621195375902 5.82111195849292e-05
-2.8108108108108105 0.008037474509066833 6.460099648389914e-05
-2.794794794794795 0.008445324451654404 7.132350509371175e-05
-2.778778778778779 0.008851669855141433 7.835205922441953e-05
-2.7627627627627627 0.009255006549703357 8.565514623505205e-05
-2.746746746746747 0.009653840881877538 9.31966437726101e-05
-2.7307307307307305 0.010046703817490748 0.00010093625759638315
-2.714714714714715 0.010432165482759163 0.0001088300766596717
-2.698698698698699 0.010808849991410284 0.0001168312381368101
-2.6826826826826826 0.011175450400207433 0.00012489069164749647
-2.666666666666667 0.011530743630224586 0.00013295804866596484
-2.6506506506506504 0.011873605186872664 0.0001409825001337294
-2.6346346346346348 0.012203023508225098 0.0001489137827422944
-2.618618618618619 0.012518113768811259 0.000156703172328902
-2.6026026026026026 0.012818130964900283 0.00016430448143333552
-2.586586586586587 0.013102482107553718 0.00017167503737876532
-2.5705705705705704 0.013370737351562316 0.00017877661732446367
-2.5545545545545547 0.013622639892016845 0.0001855763176275687
-2.538538538538538 0.013858114465962718 0.00019204733655172514
-2.5225225225225225 0.014077274304682643 0.0001981696518492782
-2.506506506506507 0.014280426393051906 0.00020393057796737349
-2.4904904904904903 0.01446807490660045 0.00020932519150300167
-2.4744744744744747 0.014640922714953365 0.0002143566179452374
-2.458458458458458 0.01479987086279989 0.00021903617755555317
-2.4424424424424425 0.014946015967038309 0.00022338339328696407
-2.426426426426427 0.015080645501732898 0.0002274258687489367
-2.4104104104104103 0.015205230981230888 0.00023119904919258362
-2.3943943943943946 0.015321419096050852 0.00023474588311683171
-2.378378378378378 0.015431020905178353 0.00023811640617605137
-2.3623623623623624 0.015535999240562617 0.00024136727240276217
-2.3463463463463468 0.015638454532222353 0.0002445612601563859
-2.33033033033033 0.015740609311566695 0.0002477667814993802
-2.3143143143143146 0.015844791691241596 0.00025105742373883873
-2.298298298298298 0.015953418145933585 0.0002545115505390031
-2.2822822822822824 0.016068975923474185 0.0002582119872291931
-2.2662662662662667 0.016194005392922053 0.0002622458106659886
-2.25025025025025 0.016331082581043887 0.0002667042582688751
-2.2342342342342345 0.01648280205843133 0.0002716827636974281
-2.218218218218218 0.016651760213044802 0.0002772811181927418
-2.2022022022022023 0.016840538799005524 0.0002836037470408104
-2.1861861861861867 0.017051688484257612 0.00029076008016416376
-2.17017017017017 0.017287711959709844 0.0002988649848018948
-2.1541541541541545 0.017551046035660794 0.00030803921694588446
-2.138138138138138 0.01784404206071863 0.0003184098370646955
-2.1221221221221223 0.018168943973622294 0.0003301105251166259
-2.1061061061061057 0.018527863352825597 0.0003432817204209777
-2.09009009009009 0.01892275096659224 0.00035807050414366756
-2.0740740740740744 0.019355364540622737 0.000374630136500396
-2.058058058058058 0.019827232732568142 0.00039311915783142153
-2.042042042042042 0.020339615605663598 0.00041369996298615415
-2.0260260260260257 0.020893462194386245 0.0004365367624682473
-2.01001001001001 0.02148936602067765 0.00046179285197065514
-1.9939939939939944 0.022127519622234394 0.0004896271246323682
-1.9779779779779778 0.02280766927646324 0.0005201897778245252
-1.9619619619619622 0.023529071138526196 0.0005536171886418265
-1.9459459459459456 0.024290449964886246 0.0005900259594966423
-1.92992992992993 0.025089961480012673 0.0006295061670685198
-1.9139139139139143 0.025925159284592398 0.0006721138839314875
-1.8978978978978978 0.026792967021772408 0.0007178630818297836
-1.881881881881882 0.027689656334801666 0.000766717067939422
-1.8658658658658656 0.028610830981485497 0.0008185796494511303
-1.84984984984985 0.02955141732867769 0.000873286266133672
-1.8338338338338342 0.030505661338153654 0.0009305953736781227
-1.8178178178178177 0.03146713207304407 0.0009901804009023987
-1.801801801801802 0.03242873169735013 0.001051622639498721
-1.7857857857857855 0.03338271190362154 0.0011144054540401952
-1.7697697697697699 0.03432069667873955 0.001177910220514044
-1.7537537537537542 0.03523371129841815 0.001241414411860279
-1.7377377377377377 0.03611221742210392 0.0013040922471413063
-1.721721721721722 0.036946154137436044 0.0013650183055471826
-1.7057057057057055 0.03772498477477134 0.0014231744762567293
-1.6896896896896898 0.03843774927626886 0.0014774605694253076
-1.6736736736736741 0.039073121860551945 0.0015267088519295424
-1.6576576576576576 0.03961947367376503 0.0015697026941861609
-1.641641641641642 0.04006494006231773 0.0016051994221971122
-1.6256256256256254 0.04039749204361481 0.001631957363413922
-1.6096096096096097 0.04060501149083053 0.0016487669581704799
-1.593593593593594 0.040675369488841276 0.0016544856830537598
-1.5775775775775776 0.040596507263695784 0.0016480764020113047
-1.561561561561562 0.04035651904096687 0.0016286486291039216
-1.5455455455455454 0.03994373615344018 0.001595502057895644
-1.5295295295295297 0.039346811702069946 0.0015481715911181484
-1.5135135135135132 0.038554805085451664 0.0014864729951771694
-1.4974974974974975 0.03755726576800807 0.0014105482119687912
-1.4814814814814818 0.036344315783858265 0.0013209092897968093
-1.4654654654654653 0.034906730725647706 0.0012184798499528776
-1.4494494494494496 0.03323601945383809 0.0011046329891359042
-1.433433433433433 0.03132450371404338 0.0009812245329311174
-1.4174174174174174 0.029165400796979705 0.0008506206036484644
-1.4014014014014018 0.02675291661529128 0.0007157185474247282
-1.3853853853853852 0.02408236657603818 0.000579960379902681
-1.3693693693693696 0.021150367727876988 0.0004473380550244204
-1.353353353353353 0.017955223035674667 0.0003223900342608222
-1.3373373373373374 0.014497890518183893 0.0002101888294772464
-1.3213213213213217 0.010785147474027007 0.00011631940603651114
-1.3053053053053052 0.006844600584179481 4.68485571569501e-05
-1.2892892892892895 0.002878469861477534 8.285588743434495e-06
-1.273273273273273 0.0027449732596667472 7.534878196285488e-06
-1.2572572572572573 0.007200075222088666 5.184108320373516e-05
-1.2412412412412417 0.01219540772179966 0.00014872796950093076
-1.2252252252252251 0.01749091171867201 0.0003059319927503778
-1.2092092092092095 0.02305063779049612 0.0005313319025486478
-1.193193193193193 0.028859586459826978 0.0008328757306322287
-1.1771771771771773 0.03490711355137718 0.0012185065764887403
-1.1611611611611616 0.041183596359971285 0.0016960886091410402
-1.145145145145145 0.04767949939832645 0.002273334662875012
-1.1291291291291294 0.0543850780810135 0.002957736717877935
-1.113113113113113 0.06129029634962234 0.0037565004266245303
-1.0970970970970972 0.06838482783144086 0.0046764846775358086
-1.0810810810810807 0.07565809265778829 0.00572414698461448
-1.065065065065065 0.08309930963855593 0.006905495262404595
-1.0490490490490494 0.09069755397904647 0.008226046297782048
-1.0330330330330328 0.09844181516275906 0.00969079097253882
-1.0170170170170172 0.10632105169113383 0.011304166032708752
-1.0010010010010006 0.11432424043657385 0.013070031951399547
-0.984984984984985 0.12244041898248069 0.01499165620060542
-0.9689689689689693 0.13065871973425483 0.01707170104259455
-0.9529529529529528 0.13896839489841617 0.01931221478064214
-0.9369369369369371 0.14735883169569813 0.021714625278721093
-0.9209209209209206 0.15581955742326717 0.024279734475582855
-0.9049049049049049 0.1643402342227416 0.02700771258438557
-0.8888888888888893 0.1729106436490368 0.029898090687124193
-0.8728728728728727 0.1815206613708251 0.032949750504501746
-0.8568568568568571 0.19016022256513085 0.03616091024602011
-0.8408408408408405 0.19881927879342248 0.039529105619936666
-0.8248248248248249 0.20748774736095632 0.04305116530492403
-0.8088088088088092 0.21615545436121447 0.04672318045010307
-0.7927927927927927 0.2248120727888892 0.05054046807163681
-0.776776776776777 0.2334470572640743 0.05449752854525598
-0.7607607607607605 0.24204957704325475 0.058587997746818526
-0.7447447447447448 0.2506084490958488 0.06280459475822664
-0.7287287287287292 0.2591120730954695 0.06713906642383194
-0.7127127127127126 0.2675483702101504 0.07158213040210767
-0.696696696696697 0.27590472757374956 0.07612341869754498
-0.6806806806806804 0.2841679502803988 0.08075142396656322
-0.6646646646646648 0.29232422266479247 0.08545345115657516
-0.6486486486486491 0.30035908051378746 0.09021557724708783
-0.6326326326326326 0.3082573957003178 0.0950226220039423
-0.6166166166166169 0.31600337454116917 0.09985813272140645
-0.6006006006006004 0.32358057095846765 0.1047043859018079
-0.5845845845845847 0.3309719152744412 0.10954240870043187
-0.5685685685685691 0.33815975919445856 0.11435202273845421
-0.5525525525525525 0.3451259372393923 0.11911191255536895
-0.5365365365365369 0.351851844580561 0.12379972053474325
-0.5205205205205203 0.35831853091471444 0.12839216959687919
-0.5045045045045047 0.3645068096989587 0.1328652143169129
-0.48848848848848814 0.3703973817525945 0.13719422040917723
-0.4724724724724725 0.3759709719309178 0.14135417173467896
-0.4564564564564568 0.38120847729148416 0.145319903158892
-0.4404404404404403 0.3860911249121715 0.14906635673594607
-0.42442442442442463 0.39060063728830136 0.15256885785002716
-0.4084084084084081 0.3947194030382222 0.15580340713485055
-0.39239239239239243 0.39843065048760684 0.15874698324797754
-0.3763763763763768 0.40171862158603944 0.16137785092898754
-0.36036036036036023 0.40456874353812095 0.1636758682480139
-0.3443443443443446 0.406967795507287 0.165622786580061
-0.32832832832832803 0.40890406777478944 0.1672025366427696
-0.3123123123123124 0.4103675108088058 0.16840149392741535
-0.2962962962962967 0.4113498718183863 0.16920871704500284
-0.2802802802802802 0.4118448165318706 0.16961615290417018
-0.2642642642642645 0.4118480341465181 0.16961880323035156
-0.24824824824824798 0.4113573236415095 0.16921484771350565
-0.23223223223223233 0.41037265992549105 0.16840572001432275
-0.21621621621621667 0.40889623859706437 0.16719613393882735
-0.20020020020020013 0.40693249842608853 0.1655940582752985
-0.18418418418418447 0.4044881210089476 0.16361064003734901
-0.16816816816816793 0.40157200740532756 0.16126007713154447
-0.15215215215215228 0.3981952319206885 0.1585594427243709
-0.13613613613613662 0.39437097355065126 0.15552846477928847
-0.12012012012012008 0.3901144259442702 0.1521892653298275
-0.10410410410410442 0.38544268706624135 0.14856606501284444
-0.08808808808808788 0.38037463003758615 0.14468485917623053
-0.07207207207207222 0.37493075690490524 0.14057307247328515
-0.05605605605605568 0.36913303732522096 0.13625919924494295
-0.040040040040040026 0.3630047343528874 0.13177243716261033
-0.02402402402402437 0.3565702196739379 0.12714232155832036
-0.008008008008007828 0.34985478074948295 0.12239836761326878
0.008008008008008716 0.3428844224021111 0.11756972712602935
0.02402402402402437 0.3356856654074071 0.11268486596001365
0.040040040040040026 0.328285344637307 0.10777126750363543
0.05605605605605568 0.3207104092445572 0.10285516659781135
0.07207207207207134 0.3129877272802885 0.09796131742808027
0.08808808808808877 0.30514389700273253 0.09311279787801423
0.10410410410410442 0.2972050669680057 0.08833085183145674
0.12012012012012008 0.28919676679784456 0.08363476992632687
0.13613613613613573 0.28114375029885214 0.0790418083321033
0.1521521521521514 0.27306985236798675 0.07456714427227408
0.16816816816816882 0.26499786086486765 0.07022386626295575
0.18418418418418447 0.2569494043680493 0.06602299640509533
0.20020020020020013 0.248944856464793 0.06197354156027639
0.21621621621621578 0.24100325695704286 0.05808256986390243
0.23223223223223144 0.23314225010484863 0.05435530878395179
0.24824824824824887 0.22537803977685225 0.0507952608136564
0.2642642642642645 0.21772536113957175 0.047404332883356944
0.2802802802802802 0.21019746829662628 0.04418297567831121
0.29629629629629584 0.20280613708887701 0.04113032924091238
0.3123123123123115 0.19556168208919142 0.03824437150155397
0.3283283283283289 0.188472986673338 0.03552206670556824
0.3443443443443446 0.18154754492287695 0.03295951106752402
0.36036036036036023 0.17479151401785173 0.03055207337265286
0.3763763763763759 0.16820977570719275 0.028294528643464087
0.39239239239239154 0.16180600540290743 0.02618118338444571
0.408408408408409 0.15558274742996306 0.02420599129785568
0.42442442442442463 0.14954149497621047 0.02236265871971998
0.4404404404404403 0.14368277332429305 0.020644739350160177
0.45645645645645594 0.13800622500836277 0.019045718141058852
0.4724724724724716 0.13251069562015833 0.017559084453738244
0.488488488488489 0.1271943190889468 0.016178394808500814
0.5045045045045047 0.12205460137488995 0.014897325716783287
0.5205205205205203 0.11708850164225042 0.01370971721682728
0.536536536536536 0.11229251011406144 0.01260960782771659
0.5525525525525516 0.10766272194978818 0.011591261697637403
0.5685685685685691 0.10319490662862305 0.01064918875409023
0.5845845845845847 0.09888457245989625 0.009778158670576471
0.6006006006006004 0.09472702597543728 0.00897320945015117
0.616616616616616 0.09071742608373462 0.008229651395257855
0.6326326326326317 0.08685083297987144 0.0075430671892975235
0.6486486486486491 0.08312225190651426 0.0069093087620100135
0.6646646646646648 0.07952667194817731 0.006324491551153012
0.6806806806806804 0.076059100112633 0.005784986709943532
0.6966966966966961 0.07271459100931423 0.00528741174565184
0.7127127127127117 0.06948827247491833 0.004828620011548493
0.7287287287287292 0.06637536752180906 0.0044056894136552255
0.7447447447447448 0.06337121299618538 0.004015910636607895
0.7607607607607605 0.060471275331691166 0.003656775140241201
0.7767767767767761 0.057671163771798144 0.0033259631307935625
0.7927927927927936 0.05496664141265683 0.0030213316681876002
0.8088088088088092 0.052353634389117235 0.0027409030337493595
0.8248248248248249 0.04982823949216451 0.002482853450888503
0.8408408408408405 0.0473867304680418 0.002245502224450841
0.8568568568568562 0.045025563209632254 0.0020273013423445898
0.8728728728728736 0.042741380010993 0.0018268255652441122
0.8888888888888893 0.0405310130178286 0.0016427630162513915
0.9049049049049049 0.038391486971573185 0.0014739062718884734
0.9209209209209206 0.03632002131390974 0.001319143948242858
0.9369369369369362 0.03431403169309642 0.0011774527710348257
0.9529529529529537 0.032371130894483506 0.0010478901153877845
0.9689689689689693 0.030489129206113217 0.000929586999747066
0.984984984984985 0.028666034227439897 0.0008217415183287557
1.0010010010010006 0.026900050136411405 0.0007236126973414474
1.0170170170170163 0.02518957644931091 0.0006345147616956787
1.0330330330330337 0.02353320634174266 0.0005538118007230369
1.0490490490490494 0.02192972465233693 0.00048091282332731405
1.065065065065065 0.020378105770134217 0.0004152671947787774
1.0810810810810807 0.018877511723499288 0.0003563604488708531
1.0970970970970964 0.017427290961345102 0.00030371047025138065
1.1131131131131138 0.01602697857740224 0.00025686404232051036
1.1291291291291294 0.014676299127829244 0.00021539375608952143
1.145145145145145 0.013375173822772321 0.00017889527478937397
1.1611611611611607 0.01212373489514225 0.0001469849478076899
1.1771771771771764 0.010922351658467307 0.00011929776575122355
1.1931931931931938 0.009771675707934099 9.548564614102936e-05
1.2092092092092095 0.008672717944072187 7.521603653743171e-05
1.2252252252252251 0.007626979669044622 5.817081887202001e-05
1.2412412412412408 0.006636678051718518 4.4045495562162306e-05
1.2572572572572565 0.005705141079721113 3.2548634739521374e-05
1.2732732732732739 0.004837514732208857 2.340154878433773e-05
1.2892892892892895 0.004042051146148528 1.633817746808063e-05
1.3053053053053052 0.0033324382228277698 1.1105144508963506e-05
1.3213213213213209 0.0027316578054735717 7.461954366204691e-06
1.3373373373373365 0.0022762457578857894 5.181294750293051e-06
1.353353353353354 0.002012314512189043 4.049409695966626e-06
1.3693693693693696 0.001966343864456763 3.866508193286757e-06
1.3853853853853852 0.002108832457022875 4.447174331793137e-06
1.401401401401401 0.002370811397756821 5.620746683733651e-06
1.4174174174174166 0.0026891703560425048 7.23163720381777e-06
1.433433433433434 0.003023171049347306 9.139563193611691e-06
1.4494494494494496 0.0033495775523881854 1.1219669779462827e-05
1.4654654654654653 0.0036554787334090147 1.3362524770405575e-05
1.481481481481481 0.003933697060522398 1.5473972563962554e-05
1.4974974974974966 0.0041802917130438315 1.747483880614293e-05
1.513513513513514 0.004393231456693858 1.9300482632084435e-05
1.5295295295295297 0.004571673474628312 2.0900198358620107e-05
1.5455455455455454 0.0047155565224842756 2.2236473316743995e-05
1.561561561561561 0.00482536143286226 2.3284112957754525e-05
1.5775775775775767 0.0049019637202316405 2.4029248314467228e-05
1.593593593593594 0.004946538612086529 2.4468244240862927e-05
1.6096096096096097 0.004960496901112244 2.4606529505944172e-05
1.6256256256256254 0.004945439487285432 2.4457371722401998e-05
1.641641641641641 0.004903123618393455 2.4040621217247724e-05
1.6576576576576567 0.004835436722429752 2.338144829662218e-05
1.6736736736736741 0.004744375400820111 2.250909794390699e-05
1.6896896896896898 0.004632028159135384 2.145568486702314e-05
1.7057057057057055 0.004500561081376698 2.025505004720259e-05
1.721721721721721 0.004352206064243972 1.8941697625642005e-05
1.7377377377377385 0.004189251508149242 1.7549828198530702e-05
1.7537537537537542 0.0040140355612546235 1.6112481487016718e-05
1.7697697697697699 0.0038289421546864755 1.466079802393511e-05
1.7857857857857855 0.0036364001528300122 1.3223406071502136e-05
1.8018018018018012 0.003438885948675999 1.1825936568001222e-05
1.8178178178178186 0.003238929700330039 1.0490665603680036e-05
1.8338338338338342 0.003039125012690711 9.236280842762314e-06
1.84984984984985 0.0028421410102744656 8.077765522283961e-06
1.8658658658658656 0.0026507340938901596 7.026391236511686e-06
1.8818818818818812 0.002467753777883791 6.089808708259722e-06
1.8978978978978986 0.0022961324413847506 5.2722241883794955e-06
1.9139139139139143 0.0021388426841711747 4.574648027632554e-06
1.92992992992993 0.0019987999725102597 3.995201330107016e-06
1.9459459459459456 0.0018786874162850253 3.5294664081077036e-06
1.9619619619619613 0.00178069283857569 3.170866985354748e-06
1.9779779779779787 0.0017061842507056558 2.91106469735602e-06
1.9939939939939944 0.0016554030823244879 2.7403593649694157e-06
2.01001001001001 0.0016272927557666442 2.6480817129705992e-06
2.0260260260260257 0.0016195581525432043 2.622968609469157e-06
2.0420420420420413 0.0016289605435212604 2.65351245234908e-06
2.0580580580580587 0.0016517499703122553 2.728277964426537e-06
2.0740740740740744 0.0016840965891062442 2.836181321439286e-06
2.09009009009009 0.0017224192789918543 2.9667281726428197e-06
2.1061061061061057 0.0017635783722475572 3.110208675059343e-06
2.1221221221221214 0.0018049512760165399 3.2578491087937353e-06
2.138138138138139 0.0018444297057901543 3.4019209396011548e-06
2.1541541541541545 0.0018803747822044824 3.535809321550555e-06
2.17017017017017 0.001911555380014302 3.654043970861622e-06
2.1861861861861858 0.0019370844285689587 3.752296083404329e-06
2.2022022022022014 0.001956360271506669 3.827345511929648e-06
2.218218218218219 0.001969015685682211 3.877022770462586e-06
2.2342342342342345 0.001974874832431064 3.900130603769622e-06
2.25025025025025 0.0019739173907330244 3.896349865438271e-06
2.266266266266266 0.0019662487911024924 3.866134308512013e-06
2.2822822822822815 0.0019520754672809602 3.8105986299601788e-06
2.298298298298299 0.001931684174012302 3.73140374812959e-06
2.3143143143143146 0.0019054245864843964 3.6306428547792333e-06
2.33033033033033 0.0018736945572730862 3.5107312939547866e-06
2.346346346346346 0.0018369275438121068 3.37430280121558e-06
2.3623623623623615 0.0017955818302501565 3.224114109124501e-06
2.378378378378379 0.0017501312541207226 3.0629594066501737e-06
2.3943943943943946 0.0017010572144151713 2.8935956467139025e-06
2.4104104104104103 0.0016488417874837957 2.7186792401527586e-06
2.426426426426426 0.0015939618143201674 2.5407142655108397e-06
2.4424424424424416 0.0015368838502121474 2.362011969042914e-06
2.458458458458459 0.0014780598878552157 2.184661032086573e-06
2.4744744744744747 0.001417923779674883 2.010507844967506e-06
2.4904904904904903 0.0013568882957165538 1.8411458470525739e-06
2.506506506506506 0.0012953427611151556 1.6779128687734348e-06
2.5225225225225216 0.001233651222670105 1.521895339195445e-06
2.538538538538539 0.0011721510980409987 1.3739381966387191e-06
2.5545545545545547 0.0011111522640081613 1.2346593538104624e-06
2.5705705705705704 0.0010509365424560765 1.1044676162695327e-06
2.586586586586586 0.0009917575444944008 9.835830270615634e-07
2.6026026026026017 0.0009338408346191857 8.720587044022574e-07
2.618618618618619 0.0008773843781741544 7.698033470640474e-07
2.6346346346346348 0.0008225592366950412 6.766036978723289e-07
2.6506506506506504 0.0007695104770754662 5.921463743289116e-07
2.666666666666666 0.0007183582619234934 5.160385924737424e-07
2.6826826826826817 0.0006691990900073429 4.4782742206665585e-07
2.698698698698699 0.0006221071573274729 3.8701731519806916e-07
2.714714714714715 0.0005771358110993414 3.330857444532948e-07
2.7307307307307305 0.0005343190707780108 2.8549686939707706e-07
2.746746746746746 0.0004936731921883114 2.437132206853975e-07
2.762762762762762 0.00045519825282345485 2.072054493735259e-07
2.778778778778779 0.0004188797384203962 1.7546023525913953e-07
2.794794794794795 0.00038469011298912265 1.4798648303158394e-07
2.8108108108108105 0.0003525903565426301 1.2431995952685902e-07
2.826826826826826 0.0003225314568225677 1.0402654064008786e-07
2.8428428428428436 0.0002944558433205393 8.670424366561e-08
2.8588588588588593 0.00026829875383759005 7.198422131080374e-08
2.874874874874875 0.00024398952568619554 5.953088864457467e-08
2.8908908908908906 0.0002214528054048353 4.904134502167185e-08
2.9069069069069062 0.00020060967251135455 4.0244240705112924e-08
2.9229229229229237 0.00018137867435738934 3.289822351164388e-08
2.9389389389389393 0.00016367677055375112 2.679008521890529e-08
2.954954954954955 0.00014742018671010804 2.1732711449643113e-08
2.9709709709709706 0.0001325251783684363 1.7562922901585858e-08
2.9869869869869863 0.00011890870700722617 1.4139280602130358e-08
3.0030030030030037 0.00010648903085365598 1.1339913692150895e-08
3.0190190190190194 9.518621396670364e-05 9.060415329315087e-09
3.035035035035035 8.49225576501327e-05 7.211840797840114e-09
3.0510510510510507 7.562295872668149e-05 5.7188318865773724e-09
3.0670670670670663 6.721519956075998e-05 4.517883051992788e-09
3.0830830830830838 5.963017496498569e-05 3.5557577663548065e-09
3.0990990990990994 5.2802061274902484e-05 2.7880576748785567e-09
3.115115115115115 4.6668432935790754e-05 2.1779426326823994e-09
3.1311311311311307 4.11703319254892e-05 1.6949962308549553e-09
3.1471471471471464 3.625229524745286e-05 1.3142289107084935e-09
3.163163163163164 3.186234557883122e-05 1.015209065784865e-09
3.1791791791791795 2.7951949958721465e-05 7.813115064948689e-10
3.195195195195195 2.447595116120391e-05 5.99072185245639e-10
3.211211211211211 2.1392476125087234e-05 4.576380347624273e-10
3.2272272272272264 1.8662825515609886e-05 3.4830105622609945e-10
3.243243243243244 1.625134818025054e-05 2.6410631767573257e-10
3.2592592592592595 1.4125303938089938e-05 1.995242113434191e-10
3.275275275275275 1.2254717815949765e-05 1.501781087485566e-10
3.291291291291291 1.0612228520184959e-05 1.1261939416462706e-10
3.3073073073073065 9.172933615109138e-06 8.414271110719921e-11
3.323323323323324 7.914233571511695e-06 6.263509302444274e-11
3.3393393393393396 6.815676554749295e-06 4.6453446898959214e-11
3.3553553553553552 5.858805544003924e-06 3.4325602402451105e-11
3.371371371371371 5.027009114415817e-06 2.5270820636419702e-11
3.3873873873873865 4.305376973260307e-06 1.8536270881880086e-11
3.403403403403404 3.680561120999275e-06 1.3546530165411438e-11
3.4194194194194196 3.1406433082785303e-06 9.863640389834711e-12
3.4354354354354353 2.6750092807566092e-06 7.155674652133992e-12
3.451451451451451 2.274230144695951e-06 5.172122751043766e-12
3.4674674674674666 1.9299510468870314e-06 3.724711043380349e-12
3.483483483483484 1.634787241858395e-06 2.6725293261429784e-12
3.4994994994994997 1.3822275164053723e-06 1.9105529071081636e-12
3.5155155155155153 1.1665448550744787e-06 1.3608268989007363e-12
3.531531531531531 9.827141591031467e-07 9.65727118501805e-13
3.5475475475475466 8.263367741083073e-07 6.828324642437236e-13
3.563563563563564 6.935715371990697e-07 4.810414772126806e-13
3.5795795795795797 5.810720208134329e-07 3.3764469337220666e-13
3.5955955955955954 4.8592962713253e-07 2.3612760252515966e-13
3.611611611611611 4.0562217214221524e-07 1.6452934653336889e-13
3.6276276276276267 3.379675910843286e-07 1.1422209262334392e-13
3.643643643643644 2.810823960400894e-07 7.900731336363766e-14
3.65965965965966 2.333445206665837e-07 5.4449665325117714e-14
3.6756756756756754 1.9336019570430977e-07 3.738816528280898e-14
3.691691691691691 1.5993451091975677e-07 2.5579047783141797e-14
3.7077077077077067 1.3204533386242227e-07 1.7435970194838564e-14
3.723723723723724 1.0882027251205614e-07 1.1841851709598162e-14
3.73973973973974 8.951638696609083e-08 8.013183535462915e-15
3.7557557557557555 7.350237424935661e-08 5.402599020292482e-15
3.771771771771771 6.024296967592039e-08 3.6292153953738635e-15
3.7877877877877886 4.928532758542678e-08 2.42904351520283e-15
3.8038038038038042 4.024716340924626e-08 1.6198341624905705e-15
3.81981981981982 3.2806457649689364e-08 1.076263663520862e-15
3.8358358358358355 2.6692540286776628e-08 7.124917069611934e-16
3.851851851851851 2.1678391216524186e-08 4.699526457366729e-16
3.8678678678678686 1.757400846863301e-08 3.0884577365558474e-16
3.8838838838838843 1.4220711081142013e-08 2.0222862365331525e-16
3.8998998998999 1.1486257586338964e-08 1.319341133397294e-16
3.9159159159159156 9.260674072331166e-09 8.576008427394669e-17
3.9319319319319312 7.452697734882397e-09 5.55427035275212e-17
3.9479479479479487 5.986752747703495e-09 3.584120846213535e-17
3.9639639639639643 4.800385192371779e-09 2.304369799514224e-17
3.97997997997998 3.8420927472280875e-09 1.4761676678302675e-17
3.9959959959959956 3.069492890692192e-09 9.42178660600991e-18
4.012012012012011 2.447780585781843e-09 5.991629796130501e-18
4.028028028028029 1.948432839256803e-09 3.796390529094326e-18
4.044044044044044 1.5481232317750636e-09 2.3966855407616674e-18
4.06006006006006 1.227814555520613e-09 1.5075285827482805e-18
4.076076076076076 9.72002132380486e-10 9.447881453522117e-19
4.092092092092091 7.680842762038559e-10 5.899534553516012e-19
4.108108108108109 6.058397615276106e-10 3.670418166478321e-19
4.124124124124124 4.769951197835371e-10 2.275243442973108e-19
4.14014014014014 3.748671503603398e-10 1.4052538041928161e-19
4.156156156156156 2.940682523382465e-10 8.647613703327062e-20
4.172172172172171 2.3026409396645308e-10 5.302155297019153e-20
4.188188188188189 1.7997477813881802e-10 3.239092076611678e-20
4.2042042042042045 1.4041206686019507e-10 1.9715548519951888e-20
4.22022022022022 1.093464262487487e-10 1.195664093337304e-20
4.236236236236236 8.499867307612634e-11 7.224774424702205e-21
4.2522522522522515 6.595186832121266e-11 4.349648935058573e-21
4.268268268268269 5.107983406341659e-11 2.6091494479461736e-21
4.2842842842842845 3.9489286093613405e-11 1.559403716183249e-21
4.3003003003003 3.0473092392131775e-11 9.28609359939399e-22
4.316316316316316 2.3472601540505445e-11 5.509630230793387e-22
4.3323323323323315 1.8047347744377625e-11 3.2570676060649223e-22
4.348348348348349 1.385074131704179e-11 1.9184303503160855e-22
4.364364364364365 1.0610604582065212e-11 1.1258492959694326e-22
4.38038038038038 8.113621256253214e-12 6.583084988992398e-23
4.396396396396396 6.1929393685873515e-12 3.8352498022999104e-23
4.4124124124124116 4.718309540342274e-12 2.2262444918484918e-23
4.428428428428429 3.5882569972064675e-12 1.2875588278001175e-23
4.444444444444445 2.7238812414789033e-12 7.419529017680651e-24
4.46046046046046 2.063955456554255e-12 4.259912126640084e-24
4.476476476476476 1.561061454746524e-12 2.4369128654953335e-24
4.492492492492492 1.1785478351291322e-12 1.3889749996875639e-24
4.508508508508509 8.881410985590155e-13 7.8879461094961505e-25
4.524524524524525 6.680735288067527e-13 4.463222398923071e-25
4.54054054054054 5.016191506177351e-13 2.5162177226645807e-25
4.556556556556556 3.75951225629656e-13 1.413393240524405e-25
4.572572572572572 2.8125254268938375e-13 7.910299276924363e-26
4.588588588588589 2.100240211675685e-13 4.411008946739526e-26
4.604604604604605 1.5654854808811713e-13 2.4507447908497525e-26
4.62062062062062 1.1647606360626279e-13 1.3566673393210172e-26
4.636636636636636 8.650314446721655e-14 7.482794002716137e-27
4.652652652652652 6.412607762099496e-14 4.112153831053871e-27
4.668668668668669 4.745096318899357e-14 2.2515939075632228e-27
4.684684684684685 3.504797782204292e-14 1.228360749414412e-27
4.7007007007007005 2.583976010949594e-14 6.676932025162977e-28
4.716716716716716 1.9016105181047814e-14 3.6161225625667346e-28
4.732732732732732 1.3968901264355714e-14 1.9513020253331872e-28
4.748748748748749 1.0242607003936312e-14 1.0491099823708518e-28
4.764764764764765 7.496634871625941e-15 5.619953439847809e-29
4.7807807807807805 5.4768367575335955e-15 2.9995740868671114e-29
4.796796796796796 3.993933455113519e-15 1.595150444387501e-29
4.812812812812812 2.907230353970001e-15 8.451988331044537e-30
4.828828828828829 2.112348921465278e-15 4.462017966015522e-30
4.844844844844845 1.5320024669337128e-15 2.3470315586909822e-30
4.8608608608608606 1.109074876747661e-15 1.2300470822328395e-30
4.876876876876876 8.014378832312425e-16 6.423026806781747e-31
4.892892892892894 5.780780307977471e-16 3.3417420969100097e-31
4.908908908908909 4.1620822768755517e-16 1.7322928879481576e-31
4.924924924924925 2.9911793731548996e-16 8.947154042387339e-32
4.940940940940941 2.1457635026116485e-16 4.60430100914021e-32
4.956956956956956 1.5364868663556635e-16 2.3607918904834468e-32
4.972972972972974 1.0982050914071959e-16 1.2060544227926873e-32
4.988988988988989 7.835120070685758e-17 6.13891065220628e-33
5.005005005005005 5.579759282920669e-17 3.113371365533937e-33
5.021021021021021 3.9663668051458065e-17 1.5732065632962554e-33
5.037037037037036 2.814348604258431e-17 7.92055806629138e-34
5.053053053053054 1.9932901140255615e-17 3.973205478672036e-34
5.069069069069069 1.4091938544735653e-17 1.9858273194860645e-34
5.085085085085085 9.944399767487663e-18 9.88910867356087e-35
5.101101101101101 7.004772193022685e-18 4.906683347614383e-35
5.117117117117116 4.9251228108862955e-18 2.425683470231252e-35
5.133133133133134 3.4565888176733417e-18 1.1948006254464391e-35
5.1491491491491495 2.4215084287593832e-18 5.863703070552737e-36
5.165165165165165 1.6932920057754486e-18 2.8672378168230417e-36
5.181181181181181 1.1819125381856556e-18 1.396917247920459e-36
5.197197197197196 8.23467438157654e-19 6.780986217059298e-37
5.213213213213214 5.726841075646238e-19 3.279670870570896e-37
5.2292292292292295 3.97549710429394e-19 1.5804577226249501e-37
5.245245245245245 2.754706676821008e-19 7.588408875322241e-38
5.261261261261261 1.905315463080448e-19 3.6302270138534613e-38
5.2772772772772765 1.3154248229416873e-19 1.7303424648111697e-38
5.293293293293294 9.065103868735422e-20 8.217610815096192e-39
5.3093093093093096 6.235727769964142e-20 3.888430082110197e-39
5.325325325325325 4.281629862225351e-20 1.833235427709988e-39
5.341341341341341 2.9345310263524626e-20 8.61147234462524e-40
5.3573573573573565 2.0075940593006397e-20 4.030433906939221e-40
5.373373373373374 1.3709471395357633e-20 1.8794960594012918e-40
5.38938938938939 9.3448670998619e-21 8.732654111408135e-41
5.405405405405405 6.358185009542558e-21 4.04265166155717e-41
5.421421421421421 4.318180622903622e-21 1.864668389202031e-41
5.437437437437437 2.9273594982847044e-21 8.569433632197677e-42
5.453453453453454 1.9808834686052332e-21 3.9238993161935005e-42
5.46946946946947 1.3379793408977446e-21 1.7901887166691627e-42
5.485485485485485 9.020850808946834e-22 8.137574931727675e-43
5.501501501501501 6.070901763882453e-22 3.685584822671108e-43
5.517517517517517 4.0781812456045004e-22 1.6631562272000275e-43
5.533533533533534 2.73455997913129e-22 7.477818279466521e-44
5.54954954954955 1.8302735209148868e-22 3.3499011613621764e-44
5.565565565565565 1.2227907723722442e-22 1.4952172729987101e-44
5.581581581581581 8.154473423828442e-23 6.649543681992435e-45
5.597597597597597 5.428093296449991e-23 2.946419683496533e-45
5.613613613613614 3.606669095602286e-23 1.3008061965172615e-45
5.62962962962963 2.392064614112762e-23 5.721973118090438e-46
5.645645645645645 1.583605960696e-23 2.5078078387519002e-46
5.661661661661661 1.046475251881827e-23 1.0951104528011334e-46
5.677677677677677 6.902690637899776e-24 4.764713804254923e-47
5.693693693693694 4.5448072670315516e-24 2.0655273094462803e-47
5.70970970970971 2.986896300263094e-24 8.921549508525359e-48
5.7257257257257255 1.9594420891479013e-24 3.8394133007242916e-48
5.741741741741741 1.2830758581227212e-24 1.6462836576973577e-48
5.757757757757757 8.386482555681944e-25 7.033308965675756e-49
5.773773773773774 5.471607999940739e-25 2.9938494105015497e-49
5.78978978978979 3.5633437268852187e-25 1.2697418515932242e-49
5.8058058058058055 2.316370749518142e-25 5.365573449223238e-50
5.821821821821821 1.5030244333881797e-25 2.259082447361858e-50
5.837837837837839 9.734902868192569e-26 9.47683338531439e-51
5.853853853853854 6.293682328185965e-26 3.96104372481203e-51
5.86986986986987 4.0614922369767254e-26 1.6495719191022204e-51
5.885885885885886 2.616218728842612e-26 6.844600437146853e-52
5.901901901901901 1.6821707878606342e-26 2.829698559531667e-52
5.917917917917919 1.0796269997978423e-26 1.1655944586924902e-52
5.933933933933934 6.916478016924044e-27 4.783766815859355e-53
5.94994994994995 4.4228669858965e-27 1.956175237493319e-53
5.965965965965966 2.8231267025467184e-27 7.970044378632307e-54
5.981981981981981 1.798723774074996e-27 3.2354072154225977e-54
5.997997997997999 1.1439477636627486e-27 1.3086164859890038e-54
6.014014014014014 7.261987987079211e-28 5.2736469524482776e-55
6.03003003003003 4.6016382299854715e-28 2.1175074399663826e-55
6.046046046046046 2.9105631902236305e-28 8.471378084284758e-56
6.062062062062061 1.8375924862806302e-28 3.376746145635028e-56
6.078078078078079 1.1580544881811458e-28 1.3410901975964958e-56
6.094094094094094 7.284779243678555e-29 5.30680086291299e-57
6.11011011011011 4.574160622055982e-29 2.092294539636757e-57
6.126126126126126 2.866909870904343e-29 8.219172207888757e-58
6.142142142142141 1.793594579989594e-29 3.216981517368049e-58
6.158158158158159 1.1200621968759756e-29 1.2545393248706368e-58
6.1741741741741745 6.981803317503434e-30 4.874557756430195e-59
6.19019019019019 4.344108809189355e-30 1.8871281346076554e-59
6.206206206206206 2.697996568913149e-30 7.279185485867123e-60
6.222222222222221 1.6725908060511763e-30 2.797560004486924e-60
6.238238238238239 1.035012586718502e-30 1.0712510546657246e-60
6.2542542542542545 6.393065752430556e-31 4.087128971490047e-61
6.27027027027027 3.9416705716146286e-31 1.5536766895132794e-61
6.286286286286286 2.4258229060195536e-31 5.884616771369152e-62
6.3023023023023015 1.4902031399002204e-31 2.2207053981684754e-62
6.318318318318319 9.13775415653261e-32 8.349855102522899e-63
6.334334334334335 5.592951829168438e-32 3.128111016339858e-63
6.35035035035035 3.417041883349713e-32 1.1676175232566152e-63
6.366366366366366 2.083853286098262e-32 4.342444517982525e-64
6.3823823823823815 1.2685032672100052e-32 1.6091005389224574e-64
6.398398398398399 7.70767963253174e-33 5.940832531774461e-65
6.414414414414415 4.6748032126166534e-33 2.185378507669098e-65
6.43043043043043 2.8301576405374362e-33 8.009792270292428e-66
6.446446446446446 1.7102733683029026e-33 2.9250349943261555e-66
6.462462462462462 1.0316397169326442e-33 1.0642805055528663e-66
6.478478478478479 6.211524292559786e-34 3.858303403706036e-67
6.494494494494495 3.7331542626953954e-34 1.3936440749080801e-67
6.51051051051051 2.239552762444982e-34 5.015596575774951e-68
6.526526526526526 1.3410787308091014e-34 1.7984921622285505e-68
6.542542542542542 8.01594751262058e-35 6.425541452508806e-69
6.558558558558559 4.7825890901136916e-35 2.2873158404874508e-69
6.574574574574575 2.8482551199065393e-35 8.112557228073815e-70
6.59059059059059 1.6931768367716152e-35 2.8668478005799323e-70
6.606606606606606 1.0046929719747253e-35 1.009407967935406e-70
6.622622622622622 5.950754366625373e-36 3.541147753191094e-71
6.638638638638639 3.518181961518227e-36 1.237760431435224e-71
6.654654654654655 2.0762143341056634e-36 4.310665961145823e-72
6.67067067067067 1.2230203588114131e-36 1.4957787980671977e-72
6.686686686686686 7.191223752254567e-37 5.171369905499025e-73
6.702702702702702 4.2206518625941185e-37 1.78139021452192e-73
6.718718718718719 2.472656988331103e-37 6.114032581942641e-74
6.734734734734735 1.4459585097993073e-37 2.090796012061034e-74
6.7507507507507505 8.44025178791803e-38 7.123785024345349e-75
6.766766766766766 4.917706297576374e-38 2.4183835229222326e-75
6.782782782782782 2.8600747676668336e-38 8.180027676644493e-76
6.798798798798799 1.6603505845620495e-38 2.7567640636555396e-76
6.814814814814815 9.621212928657958e-39 9.256773821857502e-77
6.8308308308308305 5.5650294496026024e-39 3.096955277494424e-77
6.846846846846846 3.213014767040423e-39 1.0323463893219824e-77
6.862862862862862 1.8516785264184532e-39 3.4287133651992137e-78
6.878878878878879 1.0651875278180762e-39 1.134624469419185e-78
6.894894894894895 6.116375910139416e-40 3.741005427413377e-79
6.910910910910911 3.5056606958974608e-40 1.2289656914760268e-79
6.926926926926926 2.0056410221607266e-40 4.022595909773925e-80
6.942942942942944 1.1453656177963378e-40 1.3118623984299865e-80
6.958958958958959 6.528940251821755e-41 4.262706081185832e-81
6.974974974974975 3.7149148217165594e-41 1.3800592132609375e-81
6.990990990990991 2.1099037326190204e-41 4.451693760919675e-82
7.007007007007006 1.1961455651905953e-41 1.430764213125129e-82
7.023023023023024 6.768821201428483e-42 4.581694045690772e-83
7.039039039039039 3.823399369548817e-42 1.4618382739066291e-83
7.055055055055055 2.1557276889578648e-42 4.647161868939616e-84
7.071071071071071 1.2132372883971554e-42 1.4719447179572824e-84
7.087087087087086 6.81561756323536e-43 4.6452642768282307e-85
7.103103103103104 3.821838147307055e-43 1.4606446824211422e-85
7.119119119119119 2.139178290606245e-43 4.576083759001057e-86
7.135135135135135 1.1951689119060128e-43 1.4284287279866028e-86
7.151151151151151 6.665292417429487e-44 4.4426123009843016e-87
7.167167167167166 3.710365906701338e-44 1.376681516161164e-87
7.183183183183184 2.0616829910745892e-44 4.250536755686265e-88
7.1991991991991995 1.1434959985563603e-44 1.3075830987144078e-88
7.215215215215215 6.330747969456003e-45 4.007836985277132e-89
7.231231231231231 3.498509144733532e-45 1.2239566235784153e-89
7.2472472472472464 1.929828058443608e-45 3.7242363351562267e-90
7.263263263263264 1.0625804798386062e-45 1.1290772761340424e-90
7.2792792792792795 5.839997542028706e-46 3.4105571290901317e-91
7.295295295295295 3.2038421386225375e-46 1.0264604449213435e-91
7.311311311311311 1.7544345363807204e-46 3.078040542445434e-92
7.3273273273273265 9.589828502382763e-47 9.19648107051128e-93
7.343343343343344 5.232293861184746e-47 2.7376899049791572e-93
7.35935935935936 2.8495811406981873e-47 8.120112677422781e-94
7.375375375375375 1.5490931815494887e-47 2.399689685123117e-94
7.391391391391391 8.405850676300802e-48 7.065832559226664e-95
7.4074074074074066 4.552955579865605e-48 2.072940451222935e-95
7.423423423423424 2.4615732826692125e-48 6.059343025950881e-96
7.43943943943944 1.3284332578636529e-48 1.7647349205982386e-96
7.455455455455455 7.156065779436472e-49 5.120927743962172e-97
7.471471471471471 3.847835721811424e-49 1.4805839742048038e-97
7.487487487487487 2.0652200571947262e-49 4.2651338846393874e-98
7.503503503503504 1.1064295348195496e-49 1.2241863155210049e-98
7.51951951951952 5.916826031337503e-50 3.5008830285113105e-99
7.535535535535535 3.158358714952891e-50 9.975229772318878e-100
7.551551551551551 1.6828357203251856e-50 2.831936061602386e-100
7.567567567567567 8.950135362306424e-51 8.010492300360793e-101
7.583583583583584 4.7514383576536313e-51 2.257616646658224e-101
7.5995995995996 2.517840465283208e-51 6.3395206086175614e-102
7.615615615615615 1.331799760851202e-51 1.7736906030033189e-102
7.631631631631631 7.03165039610638e-52 4.944410729306302e-103
7.647647647647647 3.705810619700068e-52 1.3733032349081803e-103
7.663663663663664 1.9494710351970286e-52 3.800437317072175e-104
7.67967967967968 1.0236652630833567e-52 1.0478905708435179e-104
7.6956956956956954 5.365457504395622e-53 2.8788134231475306e-105
7.711711711711711 2.807134144197371e-53 7.880002103518706e-106
7.727727727727727 1.465977105389636e-53 2.1490888735265757e-106
7.743743743743744 7.641855527763604e-54 5.839795590721115e-107
7.75975975975976 3.976290191900274e-54 1.5810883690202318e-107
7.7757757757757755 2.0652134029187115e-54 4.265106399595085e-108
7.791791791791791 1.0706793134663735e-54 1.1463541922848247e-108
7.807807807807807 5.540660024281464e-55 3.069891350467067e-109
7.823823823823824 2.8620103986668106e-55 8.191103522076957e-110
7.83983983983984 1.475667546063918e-55 2.177594706506306e-110
7.8558558558558556 7.594749582963701e-56 5.7680221227927316e-111
7.871871871871871 3.901629311458702e-56 1.5222711284033703e-111
7.887887887887889 2.000719319377129e-56 4.002877794928882e-112
7.903903903903904 1.0240801312975859e-56 1.0487401153184807e-112
7.91991991991992 5.232260143964625e-57 2.7376546214120714e-113
7.935935935935936 2.668408595706658e-57 7.120404433641178e-114
7.951951951951951 1.3583852189957295e-57 1.8452104031860757e-114
7.967967967967969 6.902416751867892e-58 4.764335701646651e-115
7.983983983983984 3.500958974523896e-58 1.2256713741299408e-115
8.0 1.7724764745489325e-58 3.1416728528294126e-116
