9.509680000000000000e+05
7.398100000000000000e+04
1.019250000000000000e+05
5.477490000000000000e+05
3.786820000000000000e+05
8.092820000000000000e+05
5.449310000000000000e+05
1.047260000000000000e+05
5.890070000000000000e+05
9.768410000000000000e+05
7.542410000000000000e+05
7.252180000000000000e+05
9.826300000000000000e+05
3.206930000000000000e+05
2.699290000000000000e+05
2.431460000000000000e+05
8.236320000000000000e+05
5.336890000000000000e+05
1.562640000000000000e+05
3.610000000000000000e+03
6.521000000000000000e+03
1.544360000000000000e+05
1.295600000000000000e+04
4.441860000000000000e+05
4.175570000000000000e+05
3.115170000000000000e+05
6.548550000000000000e+05
2.278580000000000000e+05
5.978210000000000000e+05
1.762810000000000000e+05
4.726380000000000000e+05
6.052390000000000000e+05
3.460000000000000000e+05
4.980110000000000000e+05
9.544970000000000000e+05
5.965610000000000000e+05
3.336670000000000000e+05
3.907280000000000000e+05
6.674270000000000000e+05
9.994490000000000000e+05
3.222860000000000000e+05
7.621790000000000000e+05
3.313040000000000000e+05
9.931140000000000000e+05
7.175600000000000000e+04
5.077820000000000000e+05
3.589170000000000000e+05
5.804620000000000000e+05
9.402670000000000000e+05
6.580270000000000000e+05
3.362830000000000000e+05
4.871130000000000000e+05
3.488330000000000000e+05
7.489860000000000000e+05
4.577990000000000000e+05
7.608630000000000000e+05
8.930900000000000000e+04
3.820680000000000000e+05
7.657840000000000000e+05
5.255900000000000000e+04
3.495910000000000000e+05
8.224050000000000000e+05
5.834200000000000000e+05
8.270330000000000000e+05
7.494850000000000000e+05
5.884280000000000000e+05
7.278590000000000000e+05
3.240710000000000000e+05
3.085510000000000000e+05
5.034910000000000000e+05
3.315470000000000000e+05
7.684240000000000000e+05
3.601800000000000000e+05
6.947530000000000000e+05
6.781360000000000000e+05
9.600230000000000000e+05
9.849100000000000000e+04
4.209970000000000000e+05
6.597970000000000000e+05
9.767350000000000000e+05
5.075280000000000000e+05
1.449720000000000000e+05
2.456980000000000000e+05
1.721530000000000000e+05
2.254200000000000000e+05
6.776800000000000000e+04
3.128980000000000000e+05
5.758920000000000000e+05
4.399380000000000000e+05
3.025160000000000000e+05
1.895000000000000000e+03
9.832430000000000000e+05
9.557540000000000000e+05
6.904820000000000000e+05
8.124320000000000000e+05
1.146000000000000000e+03
1.774190000000000000e+05
6.725120000000000000e+05
5.425860000000000000e+05
4.289760000000000000e+05
9.309690000000000000e+05
4.246850000000000000e+05
5.683300000000000000e+04
3.510860000000000000e+05
6.013750000000000000e+05
2.199750000000000000e+05
7.916130000000000000e+05
1.057950000000000000e+05
2.599780000000000000e+05
9.549780000000000000e+05
7.028370000000000000e+05
9.551000000000000000e+05
8.255660000000000000e+05
6.036900000000000000e+05
3.440010000000000000e+05
6.511590000000000000e+05
6.157060000000000000e+05
1.918900000000000000e+04
9.673620000000000000e+05
5.668000000000000000e+03
5.384550000000000000e+05
1.406430000000000000e+05
6.072170000000000000e+05
7.168000000000000000e+05
1.612680000000000000e+05
1.405130000000000000e+05
8.325360000000000000e+05
6.548610000000000000e+05
6.647670000000000000e+05
4.068620000000000000e+05
6.853000000000000000e+03
7.975720000000000000e+05
4.615340000000000000e+05
1.477680000000000000e+05
1.921880000000000000e+05
6.547340000000000000e+05
6.390440000000000000e+05
2.032070000000000000e+05
5.745350000000000000e+05
5.562510000000000000e+05
4.357220000000000000e+05
9.991390000000000000e+05
7.945820000000000000e+05
5.967320000000000000e+05
7.284090000000000000e+05
6.993100000000000000e+05
3.515670000000000000e+05
8.503300000000000000e+04
4.008450000000000000e+05
5.232500000000000000e+04
4.084190000000000000e+05
4.724170000000000000e+05
4.210410000000000000e+05
6.116120000000000000e+05
6.573460000000000000e+05
8.618300000000000000e+05
4.496350000000000000e+05
2.752630000000000000e+05
2.242450000000000000e+05
7.155500000000000000e+04
7.164710000000000000e+05
6.970390000000000000e+05
3.914810000000000000e+05
9.020340000000000000e+05
6.811570000000000000e+05
2.359800000000000000e+05
2.085710000000000000e+05
4.215220000000000000e+05
8.707690000000000000e+05
1.796300000000000000e+05
4.696190000000000000e+05
4.832560000000000000e+05
9.525150000000000000e+05
1.757460000000000000e+05
4.888670000000000000e+05
7.522450000000000000e+05
8.791660000000000000e+05
7.191040000000000000e+05
3.175800000000000000e+04
8.465920000000000000e+05
4.304450000000000000e+05
3.418860000000000000e+05
5.203550000000000000e+05
5.077650000000000000e+05
8.175950000000000000e+05
5.720620000000000000e+05
8.270110000000000000e+05
5.898610000000000000e+05
7.118500000000000000e+05
9.179910000000000000e+05
9.695000000000000000e+03
7.174070000000000000e+05
9.446450000000000000e+05
7.584580000000000000e+05
9.470010000000000000e+05
7.812760000000000000e+05
4.842800000000000000e+04
7.712700000000000000e+04
2.657390000000000000e+05
8.520240000000000000e+05
4.169240000000000000e+05
9.157100000000000000e+04
2.584280000000000000e+05
8.177390000000000000e+05
6.543580000000000000e+05
1.993050000000000000e+05
7.613200000000000000e+04
9.442700000000000000e+04
5.443430000000000000e+05
9.461750000000000000e+05
9.534840000000000000e+05
5.226280000000000000e+05
1.431650000000000000e+05
1.886690000000000000e+05
4.296000000000000000e+04
3.666310000000000000e+05
1.476850000000000000e+05
5.389030000000000000e+05
3.287470000000000000e+05
1.098080000000000000e+05
2.923200000000000000e+05
6.852430000000000000e+05
2.579000000000000000e+03
3.497560000000000000e+05
1.404000000000000000e+05
7.366360000000000000e+05
8.379220000000000000e+05
3.126280000000000000e+05
6.494740000000000000e+05
8.515570000000000000e+05
4.887290000000000000e+05
4.535700000000000000e+05
9.917470000000000000e+05
5.258130000000000000e+05
4.468690000000000000e+05
4.438050000000000000e+05
6.644100000000000000e+05
9.789860000000000000e+05
8.427900000000000000e+04
1.674520000000000000e+05
6.898050000000000000e+05
7.119980000000000000e+05
7.588160000000000000e+05
5.130710000000000000e+05
9.240470000000000000e+05
8.142310000000000000e+05
2.992920000000000000e+05
2.078680000000000000e+05
5.252250000000000000e+05
1.061030000000000000e+05
4.355860000000000000e+05
5.583810000000000000e+05
7.547900000000000000e+05
1.372500000000000000e+05
4.208570000000000000e+05
6.875600000000000000e+05
5.759330000000000000e+05
9.783220000000000000e+05
6.677410000000000000e+05
2.525880000000000000e+05
2.994450000000000000e+05
7.860860000000000000e+05
3.134900000000000000e+05
2.394920000000000000e+05
9.273300000000000000e+05
5.716870000000000000e+05
4.362060000000000000e+05
7.973450000000000000e+05
6.404860000000000000e+05
5.061920000000000000e+05
5.967020000000000000e+05
1.703310000000000000e+05
2.627360000000000000e+05
5.909110000000000000e+05
6.349890000000000000e+05
3.575030000000000000e+05
6.946300000000000000e+04
5.778810000000000000e+05
5.149100000000000000e+04
8.119860000000000000e+05
6.749170000000000000e+05
6.494610000000000000e+05
8.149450000000000000e+05
7.030150000000000000e+05
7.817770000000000000e+05
6.584000000000000000e+04
8.155490000000000000e+05
9.936130000000000000e+05
8.580780000000000000e+05
7.706060000000000000e+05
3.331750000000000000e+05
4.230030000000000000e+05
1.836310000000000000e+05
4.233540000000000000e+05
2.265830000000000000e+05
4.810360000000000000e+05
2.175000000000000000e+03
7.710340000000000000e+05
1.074340000000000000e+05
2.504110000000000000e+05
1.042800000000000000e+05
6.092810000000000000e+05
3.087720000000000000e+05
6.337700000000000000e+04
5.240070000000000000e+05
3.501060000000000000e+05
8.748400000000000000e+04
9.192940000000000000e+05
5.795870000000000000e+05
5.979400000000000000e+04
8.994710000000000000e+05
9.588680000000000000e+05
4.252130000000000000e+05
2.597270000000000000e+05
8.952700000000000000e+05
6.082930000000000000e+05
3.436300000000000000e+05
6.410990000000000000e+05
4.307920000000000000e+05
3.599050000000000000e+05
6.408510000000000000e+05
6.831980000000000000e+05
2.741570000000000000e+05
8.258650000000000000e+05
1.647200000000000000e+04
6.416180000000000000e+05
8.716510000000000000e+05
2.785700000000000000e+05
5.302700000000000000e+05
3.917180000000000000e+05
9.450770000000000000e+05
5.648700000000000000e+04
6.021060000000000000e+05
8.814340000000000000e+05
1.654850000000000000e+05
2.935350000000000000e+05
5.422880000000000000e+05
6.114290000000000000e+05
1.506080000000000000e+05
2.681330000000000000e+05
8.818020000000000000e+05
5.136620000000000000e+05
6.564700000000000000e+05
6.050470000000000000e+05
1.887660000000000000e+05
4.180230000000000000e+05
2.163840000000000000e+05
6.088220000000000000e+05
5.684380000000000000e+05
8.335370000000000000e+05
2.197000000000000000e+04
6.653680000000000000e+05
8.415710000000000000e+05
1.362550000000000000e+05
5.168330000000000000e+05
9.386630000000000000e+05
8.827090000000000000e+05
3.673010000000000000e+05
2.071440000000000000e+05
8.149100000000000000e+04
8.235200000000000000e+04
3.587700000000000000e+05
3.953990000000000000e+05
3.634230000000000000e+05
2.828290000000000000e+05
8.198060000000000000e+05
4.185570000000000000e+05
4.194420000000000000e+05
9.999680000000000000e+05
8.395780000000000000e+05
7.324460000000000000e+05
7.684780000000000000e+05
6.359930000000000000e+05
9.345780000000000000e+05
8.578850000000000000e+05
3.635220000000000000e+05
9.149820000000000000e+05
3.519290000000000000e+05
8.437510000000000000e+05
2.652470000000000000e+05
8.143970000000000000e+05
1.357420000000000000e+05
7.387880000000000000e+05
3.849060000000000000e+05
5.510650000000000000e+05
5.193200000000000000e+05
8.635340000000000000e+05
7.607720000000000000e+05
8.931130000000000000e+05
5.237570000000000000e+05
4.564600000000000000e+05
3.852440000000000000e+05
9.803590000000000000e+05
9.368550000000000000e+05
6.840250000000000000e+05
2.283090000000000000e+05
8.001490000000000000e+05
2.291090000000000000e+05
8.641000000000000000e+04
6.612570000000000000e+05
8.957240000000000000e+05
3.916640000000000000e+05
8.039740000000000000e+05
4.915630000000000000e+05
8.917700000000000000e+05
4.106710000000000000e+05
3.850900000000000000e+04
5.988690000000000000e+05
3.459060000000000000e+05
5.571500000000000000e+04
5.314800000000000000e+05
5.378560000000000000e+05
4.047370000000000000e+05
7.063310000000000000e+05
1.323350000000000000e+05
3.936120000000000000e+05
9.949550000000000000e+05
5.122350000000000000e+05
2.817200000000000000e+04
4.188930000000000000e+05
9.455500000000000000e+04
6.877430000000000000e+05
9.304140000000000000e+05
4.898080000000000000e+05
9.802670000000000000e+05
7.883820000000000000e+05
3.933990000000000000e+05
3.665710000000000000e+05
3.340590000000000000e+05
3.101260000000000000e+05
8.683970000000000000e+05
4.531270000000000000e+05
4.822100000000000000e+04
5.600980000000000000e+05
5.581090000000000000e+05
3.797890000000000000e+05
6.038100000000000000e+05
5.164470000000000000e+05
1.404440000000000000e+05
6.948710000000000000e+05
3.273920000000000000e+05
6.253200000000000000e+05
4.422070000000000000e+05
3.168050000000000000e+05
3.618340000000000000e+05
2.064860000000000000e+05
2.227840000000000000e+05
9.987010000000000000e+05
1.220400000000000000e+05
3.971010000000000000e+05
8.416100000000000000e+05
3.481820000000000000e+05
2.379010000000000000e+05
8.986000000000000000e+03
6.626780000000000000e+05
9.600000000000000000e+04
3.617200000000000000e+04
5.293770000000000000e+05
3.720510000000000000e+05
5.512800000000000000e+04
4.225390000000000000e+05
7.536740000000000000e+05
5.473880000000000000e+05
6.899980000000000000e+05
6.783300000000000000e+04
2.222300000000000000e+05
4.798870000000000000e+05
2.426010000000000000e+05
5.436630000000000000e+05
4.903920000000000000e+05
8.038250000000000000e+05
5.574990000000000000e+05
3.037480000000000000e+05
5.096730000000000000e+05
5.427000000000000000e+03
2.134780000000000000e+05
4.472400000000000000e+04
9.385660000000000000e+05
4.066580000000000000e+05
1.370530000000000000e+05
8.784710000000000000e+05
5.687980000000000000e+05
2.333930000000000000e+05
2.472560000000000000e+05
7.780300000000000000e+04
6.967050000000000000e+05
7.594410000000000000e+05
2.966280000000000000e+05
6.805450000000000000e+05
1.243130000000000000e+05
9.819050000000000000e+05
8.104250000000000000e+05
6.708450000000000000e+05
6.531500000000000000e+04
7.264330000000000000e+05
4.149150000000000000e+05
1.073740000000000000e+05
9.537790000000000000e+05
7.181470000000000000e+05
3.960300000000000000e+05
9.123560000000000000e+05
8.849920000000000000e+05
6.792300000000000000e+04
1.921370000000000000e+05
8.721770000000000000e+05
4.868200000000000000e+05
6.920610000000000000e+05
4.889870000000000000e+05
8.721110000000000000e+05
5.665040000000000000e+05
6.463580000000000000e+05
1.986000000000000000e+04
8.839250000000000000e+05
3.940130000000000000e+05
9.219510000000000000e+05
8.434080000000000000e+05
6.268240000000000000e+05
3.050540000000000000e+05
9.278200000000000000e+05
8.776510000000000000e+05
9.291770000000000000e+05
6.954730000000000000e+05
6.391530000000000000e+05
4.898440000000000000e+05
7.607470000000000000e+05
7.438590000000000000e+05
4.655830000000000000e+05
1.723750000000000000e+05
5.487410000000000000e+05
3.127370000000000000e+05
1.385990000000000000e+05
3.598980000000000000e+05
4.542780000000000000e+05
8.932710000000000000e+05
5.052120000000000000e+05
7.435970000000000000e+05
1.620800000000000000e+04
3.553000000000000000e+04
5.844270000000000000e+05
1.704350000000000000e+05
2.363490000000000000e+05
3.633170000000000000e+05
3.443340000000000000e+05
2.066720000000000000e+05
2.377990000000000000e+05
1.197200000000000000e+05
6.064330000000000000e+05
8.267180000000000000e+05
7.715540000000000000e+05
1.200800000000000000e+04
7.527510000000000000e+05
6.921500000000000000e+04
2.497850000000000000e+05
1.334550000000000000e+05
1.433170000000000000e+05
7.224830000000000000e+05
1.348690000000000000e+05
1.172110000000000000e+05
5.288700000000000000e+05
2.231030000000000000e+05
7.327500000000000000e+05
5.636380000000000000e+05
5.157100000000000000e+05
2.350290000000000000e+05
2.601290000000000000e+05
3.259500000000000000e+05
6.978730000000000000e+05
5.586730000000000000e+05
1.513940000000000000e+05
2.560840000000000000e+05
7.520930000000000000e+05
9.986570000000000000e+05
1.570500000000000000e+04
3.251470000000000000e+05
5.133330000000000000e+05
5.958140000000000000e+05
1.844500000000000000e+04
8.532060000000000000e+05
4.017750000000000000e+05
9.657160000000000000e+05
8.150490000000000000e+05
9.860830000000000000e+05
1.685040000000000000e+05
2.251150000000000000e+05
4.523300000000000000e+04
8.580510000000000000e+05
9.758570000000000000e+05
4.363760000000000000e+05
5.435770000000000000e+05
4.164850000000000000e+05
3.283080000000000000e+05
9.317450000000000000e+05
1.487400000000000000e+05
1.802460000000000000e+05
6.634030000000000000e+05
6.603100000000000000e+05
7.035070000000000000e+05
6.005800000000000000e+04
3.419910000000000000e+05
4.492340000000000000e+05
3.788290000000000000e+05
8.975190000000000000e+05
2.585990000000000000e+05
3.400410000000000000e+05
4.336310000000000000e+05
6.996780000000000000e+05
9.046940000000000000e+05
4.258010000000000000e+05
2.525400000000000000e+04
6.452090000000000000e+05
4.686380000000000000e+05
9.854760000000000000e+05
4.359620000000000000e+05
5.133480000000000000e+05
2.484390000000000000e+05
9.729260000000000000e+05
1.388710000000000000e+05
6.456600000000000000e+05
1.604510000000000000e+05
4.913160000000000000e+05
2.725300000000000000e+04
6.480340000000000000e+05
7.995030000000000000e+05
4.882870000000000000e+05
4.137470000000000000e+05
4.583070000000000000e+05
2.709840000000000000e+05
3.624810000000000000e+05
3.981800000000000000e+05
7.259530000000000000e+05
9.778470000000000000e+05
8.074960000000000000e+05
9.364060000000000000e+05
7.416640000000000000e+05
7.425300000000000000e+04
1.127720000000000000e+05
5.028810000000000000e+05
2.856520000000000000e+05
7.999780000000000000e+05
8.137260000000000000e+05
8.891220000000000000e+05
1.017800000000000000e+04
2.449740000000000000e+05
9.875910000000000000e+05
6.639400000000000000e+04
6.872340000000000000e+05
6.001470000000000000e+05
1.478690000000000000e+05
1.219130000000000000e+05
4.129600000000000000e+04
2.112100000000000000e+04
8.011260000000000000e+05
9.657200000000000000e+05
9.956000000000000000e+05
8.180220000000000000e+05
4.817620000000000000e+05
1.088230000000000000e+05
2.558740000000000000e+05
2.957550000000000000e+05
6.363420000000000000e+05
3.127220000000000000e+05
7.514900000000000000e+05
9.325350000000000000e+05
1.969900000000000000e+05
5.271430000000000000e+05
7.458330000000000000e+05
3.281230000000000000e+05
2.091580000000000000e+05
3.979370000000000000e+05
3.343830000000000000e+05
1.347340000000000000e+05
9.406510000000000000e+05
5.185770000000000000e+05
9.770710000000000000e+05
7.977960000000000000e+05
7.489880000000000000e+05
3.042680000000000000e+05
7.579080000000000000e+05
3.076230000000000000e+05
4.840890000000000000e+05
3.337860000000000000e+05
1.163920000000000000e+05
3.932610000000000000e+05
7.320690000000000000e+05
5.109560000000000000e+05
1.755800000000000000e+05
3.419470000000000000e+05
6.515500000000000000e+04
9.063180000000000000e+05
7.928760000000000000e+05
3.065500000000000000e+05
4.524030000000000000e+05
5.252210000000000000e+05
5.807150000000000000e+05
8.085700000000000000e+05
7.743540000000000000e+05
4.684160000000000000e+05
8.839200000000000000e+04
7.988310000000000000e+05
5.519710000000000000e+05
7.585220000000000000e+05
7.689530000000000000e+05
5.548640000000000000e+05
1.963480000000000000e+05
4.958350000000000000e+05
9.239700000000000000e+05
7.173120000000000000e+05
5.671460000000000000e+05
8.043710000000000000e+05
6.156310000000000000e+05
6.866580000000000000e+05
2.388670000000000000e+05
7.112940000000000000e+05
7.071410000000000000e+05
3.705020000000000000e+05
8.163210000000000000e+05
2.108800000000000000e+05
1.963660000000000000e+05
3.170110000000000000e+05
7.542690000000000000e+05
9.537300000000000000e+05
2.348390000000000000e+05
1.960760000000000000e+05
7.752630000000000000e+05
9.688660000000000000e+05
8.052840000000000000e+05
9.526940000000000000e+05
2.543800000000000000e+04
8.039370000000000000e+05
4.676100000000000000e+04
2.735410000000000000e+05
4.899200000000000000e+04
6.014300000000000000e+05
4.147020000000000000e+05
7.324500000000000000e+04
2.738370000000000000e+05
9.749390000000000000e+05
8.426920000000000000e+05
5.025000000000000000e+05
3.427960000000000000e+05
1.888820000000000000e+05
8.909900000000000000e+04
4.979210000000000000e+05
2.665560000000000000e+05
1.642200000000000000e+04
7.709610000000000000e+05
1.715870000000000000e+05
6.903470000000000000e+05
4.052200000000000000e+05
7.873020000000000000e+05
6.036800000000000000e+04
1.104310000000000000e+05
6.605550000000000000e+05
7.817740000000000000e+05
9.741000000000000000e+04
7.645440000000000000e+05
9.387490000000000000e+05
6.354920000000000000e+05
2.607650000000000000e+05
3.166710000000000000e+05
5.659180000000000000e+05
2.239100000000000000e+04
7.851430000000000000e+05
5.721330000000000000e+05
1.725640000000000000e+05
7.651190000000000000e+05
5.464020000000000000e+05
6.984900000000000000e+04
7.082110000000000000e+05
9.171280000000000000e+05
4.601730000000000000e+05
2.614330000000000000e+05
2.576600000000000000e+05
4.544960000000000000e+05
1.187980000000000000e+05
9.162000000000000000e+05
3.473030000000000000e+05
6.371000000000000000e+03
6.986780000000000000e+05
4.525390000000000000e+05
8.135510000000000000e+05
4.033410000000000000e+05
1.712500000000000000e+05
3.837170000000000000e+05
8.942200000000000000e+05
2.921500000000000000e+05
6.846790000000000000e+05
9.351130000000000000e+05
1.385460000000000000e+05
6.075590000000000000e+05
4.610050000000000000e+05
8.595710000000000000e+05
5.166230000000000000e+05
9.865160000000000000e+05
5.001270000000000000e+05
7.334270000000000000e+05
1.700340000000000000e+05
3.383470000000000000e+05
8.226850000000000000e+05
9.292880000000000000e+05
3.257960000000000000e+05
4.678500000000000000e+04
7.546900000000000000e+05
4.187690000000000000e+05
6.273550000000000000e+05
9.553630000000000000e+05
4.506190000000000000e+05
2.362960000000000000e+05
9.490300000000000000e+05
7.995120000000000000e+05
6.051270000000000000e+05
3.584010000000000000e+05
2.889610000000000000e+05
1.461990000000000000e+05
9.111570000000000000e+05
5.871020000000000000e+05
7.510170000000000000e+05
6.326470000000000000e+05
9.840070000000000000e+05
8.101020000000000000e+05
2.262230000000000000e+05
8.780610000000000000e+05
5.528630000000000000e+05
5.521370000000000000e+05
4.335140000000000000e+05
7.066780000000000000e+05
8.844770000000000000e+05
4.715850000000000000e+05
9.584390000000000000e+05
9.819610000000000000e+05
6.543790000000000000e+05
2.658910000000000000e+05
8.258400000000000000e+05
6.930160000000000000e+05
9.853700000000000000e+05
6.786570000000000000e+05
5.248800000000000000e+05
3.251100000000000000e+05
8.688700000000000000e+05
6.871110000000000000e+05
4.030540000000000000e+05
6.238850000000000000e+05
3.641020000000000000e+05
6.890960000000000000e+05
1.917890000000000000e+05
6.520760000000000000e+05
6.709030000000000000e+05
4.099250000000000000e+05
4.021190000000000000e+05
3.386670000000000000e+05
4.476720000000000000e+05
9.744880000000000000e+05
2.886690000000000000e+05
4.710770000000000000e+05
6.101480000000000000e+05
6.226770000000000000e+05
4.095600000000000000e+04
3.121660000000000000e+05
9.016970000000000000e+05
2.566160000000000000e+05
5.690960000000000000e+05
8.271720000000000000e+05
3.662960000000000000e+05
7.754500000000000000e+05
4.081380000000000000e+05
7.557100000000000000e+04
2.680180000000000000e+05
9.900000000000000000e+03
2.407400000000000000e+05
1.536700000000000000e+04
2.422740000000000000e+05
2.866980000000000000e+05
3.566870000000000000e+05
2.986720000000000000e+05
6.071680000000000000e+05
3.429730000000000000e+05
9.747190000000000000e+05
4.362100000000000000e+04
7.016100000000000000e+04
6.288180000000000000e+05
3.664400000000000000e+04
8.554980000000000000e+05
9.804010000000000000e+05
6.939880000000000000e+05
2.395270000000000000e+05
6.875360000000000000e+05
7.172480000000000000e+05
3.255440000000000000e+05
3.906840000000000000e+05
3.196720000000000000e+05
9.782820000000000000e+05
8.909300000000000000e+04
5.944170000000000000e+05
2.098900000000000000e+05
7.165400000000000000e+04
8.497660000000000000e+05
5.764530000000000000e+05
4.340080000000000000e+05
3.399820000000000000e+05
6.354330000000000000e+05
5.095240000000000000e+05
