0.0000000   0.00083004187  -4.3394477e-05  -1.7861787e-05  8.0994131e-06  1.4659781e-05  -1.9585954e-06  -2.1108049e-05  2.3523759e-06  -8.4945974e-05  0.00010360456  -8.5157078e-06  -0.00039222655  0.00013273197  4.8404047e-05  1.7002232e-06  -1.0469347e-06  
-0.00083004187  0.0000000   0.0021767196  0.00010996213  -4.6530239e-05  6.8341685e-06  6.6681779e-06  -3.4973272e-06  -1.9152647e-05  -1.2115355e-07  -3.9494169e-05  -4.6605662e-07  3.5442451e-07  9.1885434e-07  7.5127226e-07  -4.3478913e-06  -4.6858568e-06  
4.3394477e-05  -0.0021767196  0.0000000   2.7798495e-05  -1.1259635e-05  1.2448145e-05  1.6166746e-05  6.8341685e-06  6.6681779e-06  -1.0244189e-06  -7.1743703e-07  -8.6582746e-07  -5.5152498e-07  -3.9494169e-05  4.1203228e-07  3.9587490e-06  -1.2125332e-06  
1.7861787e-05  -0.00010996213  -2.7798495e-05  0.0000000   -0.00020340205  3.6278045e-07  1.1267784e-06  -3.7618839e-07  -3.9742696e-07  6.8341685e-06  -2.5932377e-06  6.6681779e-06  7.0637601e-06  1.7789260e-06  7.6421126e-07  -3.9494169e-05  -3.8180481e-08  
-8.0994131e-06  4.6530239e-05  1.1259635e-05  0.00020340205  0.0000000   -2.8550333e-07  -4.4349293e-07  3.7143178e-07  1.2318058e-07  -8.3065470e-07  -1.0336719e-07  -1.4314836e-06  6.8341685e-06  -2.0408380e-06  6.6681779e-06  -2.3505564e-08  -3.9494169e-05  
-1.4659781e-05  -6.8341685e-06  -1.2448145e-05  -3.6278045e-07  2.8550333e-07  0.0000000   -0.0010989958  0.0021767196  8.6372136e-07  0.00010996213  -2.5369033e-05  -2.7337640e-05  -4.6530239e-05  5.4933164e-05  8.2605128e-06  2.1493779e-06  -1.0807270e-06  
1.9585954e-06  -6.6681779e-06  -1.6166746e-05  -1.1267784e-06  4.4349293e-07  0.0010989958  0.0000000   -1.9789517e-06  0.0021767196  2.6797996e-05  -8.4942701e-06  0.00010996213  -1.1754630e-05  2.9903284e-05  -4.6530239e-05  1.2697139e-06  -5.4531957e-07  
2.1108049e-05  3.4973272e-06  -6.8341685e-06  3.7618839e-07  -3.7143178e-07  -0.0021767196  1.9789517e-06  0.0000000   -0.0010989958  2.7798495e-05  -5.7922758e-05  0.00010484316  -1.1259635e-05  -2.5369033e-05  -4.1358452e-05  3.2099933e-06  -1.0963513e-06  
-2.3523759e-06  1.9152647e-05  -6.6681779e-06  3.9742696e-07  -1.2318058e-07  -8.6372136e-07  -0.0021767196  0.0010989958  0.0000000   -0.00010509508  -2.8506018e-05  2.7798495e-05  3.9245238e-05  -8.4942701e-06  -1.1259635e-05  1.1761573e-06  -4.8319742e-07  
8.4945974e-05  1.2115355e-07  1.0244189e-06  -6.8341685e-06  8.3065470e-07  -0.00010996213  -2.6797996e-05  -2.7798495e-05  0.00010509508  0.0000000   -3.6277319e-06  -0.0010989958  -0.00020340205  1.6435493e-06  -2.0310668e-06  -2.5369033e-05  -4.8378756e-06  
-0.00010360456  3.9494169e-05  7.1743703e-07  2.5932377e-06  1.0336719e-07  2.5369033e-05  8.4942701e-06  5.7922758e-05  2.8506018e-05  3.6277319e-06  0.0000000   1.7027622e-06  -1.0232066e-06  0.0021767196  -6.7587712e-07  0.00010996213  -4.6530239e-05  
8.5157078e-06  4.6605662e-07  8.6582746e-07  -6.6681779e-06  1.4314836e-06  2.7337640e-05  -0.00010996213  -0.00010484316  -2.7798495e-05  0.0010989958  -1.7027622e-06  0.0000000   2.1197706e-06  4.1408439e-07  -0.00020340205  -8.4942701e-06  -2.6672968e-06  
0.00039222655  -3.5442451e-07  5.5152498e-07  -7.0637601e-06  -6.8341685e-06  4.6530239e-05  1.1754630e-05  1.1259635e-05  -3.9245238e-05  0.00020340205  1.0232066e-06  -2.1197706e-06  0.0000000   -6.2925974e-07  -0.0010989958  6.8672907e-06  -2.5369033e-05  
-0.00013273197  -9.1885434e-07  3.9494169e-05  -1.7789260e-06  2.0408380e-06  -5.4933164e-05  -2.9903284e-05  2.5369033e-05  8.4942701e-06  -1.6435493e-06  -0.0021767196  -4.1408439e-07  6.2925974e-07  0.0000000   2.4513026e-07  2.7798495e-05  -1.1259635e-05  
-4.8404047e-05  -7.5127226e-07  -4.1203228e-07  -7.6421126e-07  -6.6681779e-06  -8.2605128e-06  4.6530239e-05  4.1358452e-05  1.1259635e-05  2.0310668e-06  6.7587712e-07  0.00020340205  0.0010989958  -2.4513026e-07  0.0000000   2.4879055e-06  -8.4942701e-06  
-1.7002232e-06  4.3478913e-06  -3.9587490e-06  3.9494169e-05  2.3505564e-08  -2.1493779e-06  -1.2697139e-06  -3.2099933e-06  -1.1761573e-06  2.5369033e-05  -0.00010996213  8.4942701e-06  -6.8672907e-06  -2.7798495e-05  -2.4879055e-06  0.0000000   -0.00020340205  
1.0469347e-06  4.6858568e-06  1.2125332e-06  3.8180481e-08  3.9494169e-05  1.0807270e-06  5.4531957e-07  1.0963513e-06  4.8319742e-07  4.8378756e-06  4.6530239e-05  2.6672968e-06  2.5369033e-05  1.1259635e-05  8.4942701e-06  0.00020340205  0.0000000   
