0.0000000   2.2529985e-05  -0.00055311213  -0.00039601034  0.00025040747  2.0213505e-05  -0.00032426910  0.00018967478  7.1256969e-05  -4.4075508e-05  4.9560460e-06  4.1921148e-05  -1.0725924e-05  2.1362431e-06  -3.9440404e-06  4.6214101e-05  -7.8630018e-06  
-2.2529985e-05  0.0000000   5.1860070e-05  -6.5633877e-05  1.9600044e-05  -0.00014648355  -1.2040406e-05  -1.2439579e-05  -3.3078465e-06  2.1259956e-06  -1.7910622e-07  3.9490393e-06  9.9338670e-06  9.0361575e-07  -7.6148271e-08  -2.2729019e-06  5.4098115e-08  
0.00055311213  -5.1860070e-05  0.0000000   0.013443456  -0.0019833909  -1.4692255e-06  -1.8551323e-06  -0.00014648355  5.8012086e-07  -1.2040406e-05  -2.4522107e-05  2.7654645e-07  -1.6726520e-06  -3.3479845e-06  3.9490393e-06  -5.8252918e-05  9.6416913e-06  
0.00039601034  6.5633877e-05  -0.013443456  0.0000000   -0.0010425345  8.3494163e-07  2.0411311e-06  -1.0018402e-06  -0.00014648355  2.7515081e-05  -1.2040406e-05  -7.4577395e-07  3.8000440e-06  -2.7677858e-06  6.0696520e-05  3.9490393e-06  5.2099285e-06  
-0.00025040747  -1.9600044e-05  0.0019833909  0.0010425345  0.0000000   9.2097791e-06  -1.9290981e-07  -1.0956241e-06  3.2728837e-06  -4.5325802e-06  -2.7729019e-06  6.9264478e-08  -0.00014648355  -1.2040406e-05  -9.9531851e-06  -4.4981072e-06  3.9490393e-06  
-2.0213505e-05  0.00014648355  1.4692255e-06  -8.3494163e-07  -9.2097791e-06  0.0000000   1.3078698e-05  5.1860070e-05  -6.5633877e-05  -2.9580875e-06  3.7600341e-06  1.8049743e-05  1.9600044e-05  -1.7343453e-06  3.5172578e-06  -4.3228176e-06  8.3191072e-08  
0.00032426910  1.2040406e-05  1.8551323e-06  -2.0411311e-06  1.9290981e-07  -1.3078698e-05  0.0000000   -3.4469601e-06  4.6911335e-06  5.1860070e-05  -6.5633877e-05  -0.00068566821  -3.3778328e-07  1.9600044e-05  -7.5455430e-06  2.8663181e-06  4.4393842e-05  
-0.00018967478  1.2439579e-05  0.00014648355  1.0018402e-06  1.0956241e-06  -5.1860070e-05  3.4469601e-06  0.0000000   0.013443456  1.3078698e-05  -0.00079888469  -3.0747582e-06  -0.0019833909  0.00012036394  1.8049743e-05  0.00087630057  -0.00012941352  
-7.1256969e-05  3.3078465e-06  -5.8012086e-07  0.00014648355  -3.2728837e-06  6.5633877e-05  -4.6911335e-06  -0.013443456  0.0000000   0.00079797949  1.3078698e-05  4.3227546e-06  -0.0010425345  6.2495092e-05  -0.00087664919  1.8049743e-05  -6.8556952e-05  
4.4075508e-05  -2.1259956e-06  1.2040406e-05  -2.7515081e-05  4.5325802e-06  2.9580875e-06  -5.1860070e-05  -1.3078698e-05  -0.00079797949  0.0000000   0.013443456  -9.6007214e-06  0.00011758704  -0.0019833909  -0.00068566821  4.2167685e-05  -1.4364826e-05  
-4.9560460e-06  1.7910622e-07  2.4522107e-05  1.2040406e-05  2.7729019e-06  -3.7600341e-06  6.5633877e-05  0.00079888469  -1.3078698e-05  -0.013443456  0.0000000   3.4594737e-06  6.2180718e-05  -0.0010425345  -4.4975227e-05  -0.00068566821  1.3813459e-05  
-4.1921148e-05  -3.9490393e-06  -2.7654645e-07  7.4577395e-07  -6.9264478e-08  -1.8049743e-05  0.00068566821  3.0747582e-06  -4.3227546e-06  9.6007214e-06  -3.4594737e-06  0.0000000   2.4347210e-06  -4.3135516e-05  5.1860070e-05  -6.5633877e-05  1.9600044e-05  
1.0725924e-05  -9.9338670e-06  1.6726520e-06  -3.8000440e-06  0.00014648355  -1.9600044e-05  3.3778328e-07  0.0019833909  0.0010425345  -0.00011758704  -6.2180718e-05  -2.4347210e-06  0.0000000   1.3078698e-05  0.00012955351  6.7501485e-05  1.8049743e-05  
-2.1362431e-06  -9.0361575e-07  3.3479845e-06  2.7677858e-06  1.2040406e-05  1.7343453e-06  -1.9600044e-05  -0.00012036394  -6.2495092e-05  0.0019833909  0.0010425345  4.3135516e-05  -1.3078698e-05  0.0000000   -1.5537281e-06  2.0005541e-05  -0.00068566821  
3.9440404e-06  7.6148271e-08  -3.9490393e-06  -6.0696520e-05  9.9531851e-06  -3.5172578e-06  7.5455430e-06  -1.8049743e-05  0.00087664919  0.00068566821  4.4975227e-05  -5.1860070e-05  -0.00012955351  1.5537281e-06  0.0000000   0.013443456  -0.0019833909  
-4.6214101e-05  2.2729019e-06  5.8252918e-05  -3.9490393e-06  4.4981072e-06  4.3228176e-06  -2.8663181e-06  -0.00087630057  -1.8049743e-05  -4.2167685e-05  0.00068566821  6.5633877e-05  -6.7501485e-05  -2.0005541e-05  -0.013443456  0.0000000   -0.0010425345  
7.8630018e-06  -5.4098115e-08  -9.6416913e-06  -5.2099285e-06  -3.9490393e-06  -8.3191072e-08  -4.4393842e-05  0.00012941352  6.8556952e-05  1.4364826e-05  -1.3813459e-05  -1.9600044e-05  -1.8049743e-05  0.00068566821  0.0019833909  0.0010425345  0.0000000   
