0.0000000   6.6807140e-05  2.5039226e-05  0.0012920152  2.2549132e-05  6.9423449e-06  1.2616317e-05  -1.7495055e-08  -8.3716111e-06  -1.6065166e-06  0.00014783490  -1.3750975e-06  0.00050141192  -6.5959744e-06  -6.3476043e-05  -2.4109205e-05  -0.00013219913  
-6.6807140e-05  0.0000000   -0.00072278102  3.7636132e-05  -0.00032561170  0.00010281258  1.2727578e-05  -3.4895675e-08  -6.9121681e-06  -2.1135869e-07  -2.2998961e-07  -6.2803624e-08  4.1562677e-06  7.2981806e-08  -3.9403359e-06  3.3789035e-07  -2.1951436e-06  
-2.5039226e-05  0.00072278102  0.0000000   2.6398535e-05  0.0018811356  -3.4286613e-08  -2.9518068e-07  0.00010281258  3.9207827e-06  1.2727578e-05  -6.5626842e-06  2.3336934e-07  -2.0101360e-05  8.8701579e-07  4.1562677e-06  1.6152548e-06  1.5766198e-05  
-0.0012920152  -3.7636132e-05  -2.6398535e-05  0.0000000   7.3161687e-05  7.0393562e-07  4.2605023e-06  2.6154262e-06  0.00010281258  2.3112382e-08  1.2727578e-05  1.0871901e-06  3.0249214e-08  3.8405187e-06  -5.9310131e-07  4.1562677e-06  3.1506824e-07  
-2.2549132e-05  0.00032561170  -0.0018811356  -7.3161687e-05  0.0000000   5.2282094e-07  6.2292679e-07  -1.4569819e-07  3.6712283e-06  -5.6009670e-07  5.5239786e-06  0.00010281258  1.8792476e-05  1.2727578e-05  -1.1680273e-05  -8.5590684e-07  4.1562677e-06  
-6.9423449e-06  -0.00010281258  3.4286613e-08  -7.0393562e-07  -5.2282094e-07  0.0000000   0.00064612836  -0.00072278102  3.7636132e-05  -6.9038939e-09  -4.3964344e-05  -0.00032561170  -2.0574122e-05  5.9553769e-07  -3.7441911e-06  1.7822730e-06  -1.0968283e-06  
-1.2616317e-05  -1.2727578e-05  2.9518068e-07  -4.2605023e-06  -6.2292679e-07  -0.00064612836  0.0000000   -1.0305576e-06  4.3181814e-05  -0.00072278102  3.7636132e-05  -1.0284331e-06  -1.5750303e-05  -0.00032561170  -2.1444472e-05  2.3746095e-06  -9.2628790e-06  
1.7495055e-08  3.4895675e-08  -0.00010281258  -2.6154262e-06  1.4569819e-07  0.00072278102  1.0305576e-06  0.0000000   2.6398535e-05  0.00064612836  2.2299182e-05  0.0018811356  4.4342104e-06  1.6418184e-06  -2.0574122e-05  -5.7363604e-07  1.0559793e-05  
8.3716111e-06  6.9121681e-06  -3.9207827e-06  -0.00010281258  -3.6712283e-06  -3.7636132e-05  -4.3181814e-05  -2.6398535e-05  0.0000000   2.2159312e-05  0.00064612836  7.3161687e-05  1.3000605e-06  2.4982435e-05  -8.7001491e-07  -2.0574122e-05  -4.1630095e-07  
1.6065166e-06  2.1135869e-07  -1.2727578e-05  -2.3112382e-08  5.6009670e-07  6.9038939e-09  0.00072278102  -0.00064612836  -2.2159312e-05  0.0000000   2.6398535e-05  1.0526257e-06  2.1822768e-05  0.0018811356  -1.5750303e-05  2.3098074e-07  5.6370943e-05  
-0.00014783490  2.2998961e-07  6.5626842e-06  -1.2727578e-05  -5.5239786e-06  4.3964344e-05  -3.7636132e-05  -2.2299182e-05  -0.00064612836  -2.6398535e-05  0.0000000   -2.5231737e-05  -2.7366191e-08  7.3161687e-05  -1.4003960e-06  -1.5750303e-05  1.5631910e-06  
1.3750975e-06  6.2803624e-08  -2.3336934e-07  -1.0871901e-06  -0.00010281258  0.00032561170  1.0284331e-06  -0.0018811356  -7.3161687e-05  -1.0526257e-06  2.5231737e-05  0.0000000   2.9421644e-06  0.00064612836  -1.0813349e-05  -1.2739885e-06  -2.0574122e-05  
-0.00050141192  -4.1562677e-06  2.0101360e-05  -3.0249214e-08  -1.8792476e-05  2.0574122e-05  1.5750303e-05  -4.4342104e-06  -1.3000605e-06  -2.1822768e-05  2.7366191e-08  -2.9421644e-06  0.0000000   -8.4523890e-06  -0.00072278102  3.7636132e-05  -0.00032561170  
6.5959744e-06  -7.2981806e-08  -8.8701579e-07  -3.8405187e-06  -1.2727578e-05  -5.9553769e-07  0.00032561170  -1.6418184e-06  -2.4982435e-05  -0.0018811356  -7.3161687e-05  -0.00064612836  8.4523890e-06  0.0000000   -5.6260191e-05  -2.7922124e-06  -1.5750303e-05  
6.3476043e-05  3.9403359e-06  -4.1562677e-06  5.9310131e-07  1.1680273e-05  3.7441911e-06  2.1444472e-05  2.0574122e-05  8.7001491e-07  1.5750303e-05  1.4003960e-06  1.0813349e-05  0.00072278102  5.6260191e-05  0.0000000   2.6398535e-05  0.0018811356  
2.4109205e-05  -3.3789035e-07  -1.6152548e-06  -4.1562677e-06  8.5590684e-07  -1.7822730e-06  -2.3746095e-06  5.7363604e-07  2.0574122e-05  -2.3098074e-07  1.5750303e-05  1.2739885e-06  -3.7636132e-05  2.7922124e-06  -2.6398535e-05  0.0000000   7.3161687e-05  
0.00013219913  2.1951436e-06  -1.5766198e-05  -3.1506824e-07  -4.1562677e-06  1.0968283e-06  9.2628790e-06  -1.0559793e-05  4.1630095e-07  -5.6370943e-05  -1.5631910e-06  2.0574122e-05  0.00032561170  1.5750303e-05  -0.0018811356  -7.3161687e-05  0.0000000   
