0.0000000   -5.2212555e-06  0.00041771896  0.00075076718  -0.00011450945  0.00017558322  -1.2912995e-05  -0.00031363917  0.00023441677  -8.1680270e-05  -5.9269391e-05  -0.00010541929  0.00010781948  5.0432467e-05  -0.00011790164  0.00027119515  0.00016623388  
5.2212555e-06  0.0000000   -0.0012339662  0.00031996683  -0.00069748793  0.00061954788  -0.00018335546  -9.1976762e-07  -5.2195582e-07  5.7203904e-07  -8.3319216e-05  4.3005953e-08  8.1365336e-07  7.3125817e-07  -6.7977945e-07  -2.4728521e-07  2.2236065e-07  
-0.00041771896  0.0012339662  0.0000000   0.00047719211  -0.0012089758  -3.8727769e-07  1.0388540e-06  0.00061954788  -0.00018335546  1.6578356e-06  -5.7246130e-07  -2.8348363e-07  4.3695585e-08  -8.3319216e-05  -1.0221096e-06  -4.9086294e-07  8.7298373e-07  
-0.00075076718  -0.00031996683  -0.00047719211  0.0000000   0.0020346674  -2.2920288e-10  8.1317382e-09  1.2958618e-06  -1.1093362e-06  0.00061954788  1.5713219e-07  -0.00018335546  8.9077842e-07  2.0331167e-07  6.7948313e-07  -8.3319216e-05  -7.5424596e-07  
0.00011450945  0.00069748793  0.0012089758  -0.0020346674  0.0000000   1.0936575e-06  5.0575334e-08  9.2541625e-07  4.2048228e-07  -3.2563581e-07  -4.5514128e-07  -1.0622966e-06  0.00061954788  -7.5113654e-07  -0.00018335546  8.2396947e-07  -8.3319216e-05  
-0.00017558322  -0.00061954788  3.8727769e-07  2.2920288e-10  -1.0936575e-06  0.0000000   0.0010549213  -0.0012339662  -1.6535606e-06  0.00031996683  -0.00029975744  8.9601003e-07  -0.00069748793  -1.1252500e-06  1.1992362e-06  2.1997235e-07  -1.1524027e-06  
1.2912995e-05  0.00018335546  -1.0388540e-06  -8.1317382e-09  -5.0575334e-08  -0.0010549213  0.0000000   4.7316338e-07  -0.0012339662  -6.1359823e-07  0.00092322671  0.00031996683  -2.1568613e-06  -1.1682556e-06  -0.00069748793  6.7026237e-07  1.2859343e-06  
0.00031363917  9.1976762e-07  -0.00061954788  -1.2958618e-06  -9.2541625e-07  0.0012339662  -4.7316338e-07  0.0000000   0.0010549213  0.00047719211  1.7366225e-06  2.6935034e-06  -0.0012089758  -0.00029975744  -1.4517245e-08  6.4448960e-09  -1.7311029e-06  
-0.00023441677  5.2195582e-07  0.00018335546  1.1093362e-06  -4.2048228e-07  1.6535606e-06  0.0012339662  -0.0010549213  0.0000000   -2.0484364e-06  -6.3401173e-07  0.00047719211  -1.0285834e-06  0.00092322671  -0.0012089758  2.2288773e-06  3.5971797e-07  
8.1680270e-05  -5.7203904e-07  -1.6578356e-06  -0.00061954788  3.2563581e-07  -0.00031996683  6.1359823e-07  -0.00047719211  2.0484364e-06  0.0000000   -5.9407243e-07  0.0010549213  0.0020346674  -1.2737493e-06  1.5520694e-06  -0.00029975744  2.2125651e-06  
5.9269391e-05  8.3319216e-05  5.7246130e-07  -1.5713219e-07  4.5514128e-07  0.00029975744  -0.00092322671  -1.7366225e-06  6.3401173e-07  5.9407243e-07  0.0000000   -6.2611688e-07  -3.5485903e-07  -0.0012339662  -1.6241793e-06  0.00031996683  -0.00069748793  
0.00010541929  -4.3005953e-08  2.8348363e-07  0.00018335546  1.0622966e-06  -8.9601003e-07  -0.00031996683  -2.6935034e-06  -0.00047719211  -0.0010549213  6.2611688e-07  0.0000000   7.5351463e-07  1.9534052e-06  0.0020346674  0.00092322671  7.3643268e-07  
-0.00010781948  -8.1365336e-07  -4.3695585e-08  -8.9077842e-07  -0.00061954788  0.00069748793  2.1568613e-06  0.0012089758  1.0285834e-06  -0.0020346674  3.5485903e-07  -7.5351463e-07  0.0000000   1.3177850e-06  0.0010549213  -2.6063662e-06  -0.00029975744  
-5.0432467e-05  -7.3125817e-07  8.3319216e-05  -2.0331167e-07  7.5113654e-07  1.1252500e-06  1.1682556e-06  0.00029975744  -0.00092322671  1.2737493e-06  0.0012339662  -1.9534052e-06  -1.3177850e-06  0.0000000   -6.7498035e-07  0.00047719211  -0.0012089758  
0.00011790164  6.7977945e-07  1.0221096e-06  -6.7948313e-07  0.00018335546  -1.1992362e-06  0.00069748793  1.4517245e-08  0.0012089758  -1.5520694e-06  1.6241793e-06  -0.0020346674  -0.0010549213  6.7498035e-07  0.0000000   6.6048043e-08  0.00092322671  
-0.00027119515  2.4728521e-07  4.9086294e-07  8.3319216e-05  -8.2396947e-07  -2.1997235e-07  -6.7026237e-07  -6.4448960e-09  -2.2288773e-06  0.00029975744  -0.00031996683  -0.00092322671  2.6063662e-06  -0.00047719211  -6.6048043e-08  0.0000000   0.0020346674  
-0.00016623388  -2.2236065e-07  -8.7298373e-07  7.5424596e-07  8.3319216e-05  1.1524027e-06  -1.2859343e-06  1.7311029e-06  -3.5971797e-07  -2.2125651e-06  0.00069748793  -7.3643268e-07  0.00029975744  0.0012089758  -0.00092322671  -0.0020346674  0.0000000   
