      DE/eV    lambda/nm    sigma/A^2        +/-error/A^2
      3.4084   3.6376E+02       0.00000000       0.00000000
      3.4134   3.6323E+02       0.00000000       0.00000000
      3.4184   3.6270E+02       0.00000000       0.00000000
      3.4234   3.6217E+02       0.00000001       0.00000001
      3.4284   3.6164E+02       0.00000002       0.00000002
      3.4334   3.6111E+02       0.00000005       0.00000006
      3.4384   3.6059E+02       0.00000013       0.00000015
      3.4434   3.6006E+02       0.00000034       0.00000038
      3.4484   3.5954E+02       0.00000084       0.00000093
      3.4534   3.5902E+02       0.00000197       0.00000221
      3.4584   3.5850E+02       0.00000447       0.00000500
      3.4634   3.5798E+02       0.00000975       0.00001090
      3.4684   3.5747E+02       0.00002040       0.00002280
      3.4734   3.5695E+02       0.00004101       0.00004585
      3.4784   3.5644E+02       0.00007924       0.00008859
      3.4834   3.5593E+02       0.00014709       0.00016445
      3.4884   3.5542E+02       0.00026233       0.00029329
      3.4934   3.5491E+02       0.00044951       0.00050257
      3.4984   3.5440E+02       0.00074006       0.00082741
      3.5034   3.5390E+02       0.00117064       0.00130881
      3.5084   3.5339E+02       0.00177912       0.00198912
      3.5134   3.5289E+02       0.00259788       0.00290452
      3.5184   3.5239E+02       0.00364470       0.00407490
      3.5234   3.5189E+02       0.00491286       0.00549274
      3.5284   3.5139E+02       0.00636260       0.00711360
      3.5334   3.5089E+02       0.00791707       0.00885155
      3.5384   3.5040E+02       0.00946506       0.01058226
      3.5434   3.4990E+02       0.01087205       0.01215532
      3.5484   3.4941E+02       0.01199854       0.01341477
      3.5534   3.4892E+02       0.01272256       0.01422425
      3.5584   3.4843E+02       0.01296134       0.01449121
      3.5634   3.4794E+02       0.01268686       0.01418434
      3.5684   3.4745E+02       0.01193129       0.01333959
      3.5734   3.4696E+02       0.01078077       0.01205327
      3.5784   3.4648E+02       0.00935926       0.01046397
      3.5834   3.4600E+02       0.00780660       0.00872805
      3.5884   3.4551E+02       0.00625621       0.00699466
      3.5934   3.4503E+02       0.00481715       0.00538574
      3.5984   3.4455E+02       0.00356368       0.00398431
      3.6034   3.4408E+02       0.00253300       0.00283198
      3.6084   3.4360E+02       0.00172982       0.00193400
      3.6134   3.4312E+02       0.00113500       0.00126897
      3.6184   3.4265E+02       0.00071552       0.00079997
      3.6234   3.4218E+02       0.00043338       0.00048454
      3.6284   3.4170E+02       0.00025221       0.00028197
      3.6334   3.4123E+02       0.00014102       0.00015766
      3.6384   3.4077E+02       0.00007575       0.00008470
      3.6434   3.4030E+02       0.00003910       0.00004372
      3.6484   3.3983E+02       0.00001939       0.00002168
      3.6534   3.3937E+02       0.00000924       0.00001033
      3.6584   3.3890E+02       0.00000423       0.00000473
      3.6634   3.3844E+02       0.00000186       0.00000208
      3.6684   3.3798E+02       0.00000079       0.00000088
      3.6734   3.3752E+02       0.00000032       0.00000036
      3.6784   3.3706E+02       0.00000012       0.00000014
      3.6834   3.3660E+02       0.00000005       0.00000005
      3.6884   3.3615E+02       0.00000002       0.00000002
      3.6934   3.3569E+02       0.00000001       0.00000001
      3.6984   3.3524E+02       0.00000000       0.00000000
      3.7034   3.3478E+02       0.00000000       0.00000000
      3.7084   3.3433E+02       0.00000000       0.00000000
      3.7134   3.3388E+02       0.00000000       0.00000000
      3.7184   3.3343E+02       0.00000000       0.00000000
      3.7234   3.3299E+02       0.00000000       0.00000000
      3.7284   3.3254E+02       0.00000000       0.00000000
      3.7334   3.3209E+02       0.00000000       0.00000000
      3.7384   3.3165E+02       0.00000000       0.00000000
      3.7434   3.3121E+02       0.00000000       0.00000000
      3.7484   3.3077E+02       0.00000000       0.00000000
      3.7534   3.3033E+02       0.00000000       0.00000000
      3.7584   3.2989E+02       0.00000000       0.00000000
      3.7634   3.2945E+02       0.00000000       0.00000000
      3.7684   3.2901E+02       0.00000000       0.00000000
      3.7734   3.2857E+02       0.00000000       0.00000000
      3.7784   3.2814E+02       0.00000000       0.00000000
      3.7834   3.2771E+02       0.00000000       0.00000000
      3.7884   3.2727E+02       0.00000000       0.00000000
      3.7934   3.2684E+02       0.00000000       0.00000000
      3.7984   3.2641E+02       0.00000000       0.00000000
      3.8034   3.2598E+02       0.00000000       0.00000000
      3.8084   3.2555E+02       0.00000000       0.00000000
      3.8134   3.2513E+02       0.00000000       0.00000000
      3.8184   3.2470E+02       0.00000000       0.00000000
      3.8234   3.2428E+02       0.00000000       0.00000000
      3.8284   3.2385E+02       0.00000000       0.00000000
      3.8334   3.2343E+02       0.00000000       0.00000000
      3.8384   3.2301E+02       0.00000000       0.00000001
      3.8434   3.2259E+02       0.00000000       0.00000002
      3.8484   3.2217E+02       0.00000001       0.00000005
      3.8534   3.2175E+02       0.00000002       0.00000013
      3.8584   3.2134E+02       0.00000004       0.00000035
      3.8634   3.2092E+02       0.00000011       0.00000091
      3.8684   3.2051E+02       0.00000028       0.00000226
      3.8734   3.2009E+02       0.00000066       0.00000538
      3.8784   3.1968E+02       0.00000151       0.00001232
      3.8834   3.1927E+02       0.00000330       0.00002711
      3.8884   3.1886E+02       0.00000696       0.00005731
      3.8934   3.1845E+02       0.00001407       0.00011643
      3.8984   3.1804E+02       0.00002734       0.00022729
      3.9034   3.1763E+02       0.00005104       0.00042640
      3.9084   3.1722E+02       0.00009156       0.00076875
      3.9134   3.1682E+02       0.00015780       0.00133194
      3.9184   3.1642E+02       0.00026129       0.00221776
      3.9234   3.1601E+02       0.00041570       0.00354881
      3.9284   3.1561E+02       0.00063543       0.00545754
      3.9334   3.1521E+02       0.00093320       0.00806606
      3.9384   3.1481E+02       0.00131679       0.01145730
      3.9434   3.1441E+02       0.00178520       0.01564109
      3.9484   3.1401E+02       0.00232533       0.02052211
      3.9534   3.1361E+02       0.00291013       0.02587946
      3.9584   3.1322E+02       0.00349920       0.03136710
      3.9634   3.1282E+02       0.00404253       0.03654167
      3.9684   3.1243E+02       0.00448712       0.04091722
      3.9734   3.1204E+02       0.00478531       0.04403900
      3.9784   3.1164E+02       0.00490323       0.04556094
      3.9834   3.1125E+02       0.00482706       0.04530885
      3.9884   3.1086E+02       0.00456575       0.04331322
      3.9934   3.1047E+02       0.00414926       0.03980318
      3.9984   3.1008E+02       0.00362292       0.03516322
      4.0034   3.0970E+02       0.00303931       0.02986400
      4.0084   3.0931E+02       0.00244974       0.02438438
      4.0134   3.0893E+02       0.00189712       0.01914242
      4.0184   3.0854E+02       0.00141155       0.01444848
      4.0234   3.0816E+02       0.00100909       0.01048595
      4.0284   3.0778E+02       0.00069309       0.00731771
      4.0334   3.0739E+02       0.00045738       0.00491075
      4.0384   3.0701E+02       0.00029000       0.00316922
      4.0434   3.0663E+02       0.00017666       0.00196705
      4.0484   3.0625E+02       0.00010340       0.00117427
      4.0534   3.0588E+02       0.00005815       0.00067429
      4.0584   3.0550E+02       0.00003142       0.00037246
      4.0634   3.0512E+02       0.00001631       0.00019793
      4.0684   3.0475E+02       0.00000813       0.00010120
      4.0734   3.0438E+02       0.00000390       0.00004979
      4.0784   3.0400E+02       0.00000180       0.00002358
      4.0834   3.0363E+02       0.00000080       0.00001074
      4.0884   3.0326E+02       0.00000035       0.00000471
      4.0934   3.0289E+02       0.00000018       0.00000197
      4.0984   3.0252E+02       0.00000018       0.00000076
      4.1034   3.0215E+02       0.00000035       0.00000036
      4.1084   3.0178E+02       0.00000084       0.00000088
      4.1134   3.0142E+02       0.00000203       0.00000224
      4.1184   3.0105E+02       0.00000476       0.00000531
      4.1234   3.0068E+02       0.00001073       0.00001199
      4.1284   3.0032E+02       0.00002327       0.00002601
      4.1334   2.9996E+02       0.00004850       0.00005418
      4.1384   2.9959E+02       0.00009711       0.00010845
      4.1434   2.9923E+02       0.00018683       0.00020858
      4.1484   2.9887E+02       0.00034541       0.00038541
      4.1534   2.9851E+02       0.00061366       0.00068424
      4.1584   2.9815E+02       0.00104774       0.00116714
      4.1634   2.9780E+02       0.00171930       0.00191279
      4.1684   2.9744E+02       0.00271194       0.00301191
      4.1734   2.9708E+02       0.00411246       0.00455668
      4.1784   2.9673E+02       0.00599668       0.00662355
      4.1834   2.9637E+02       0.00841069       0.00925069
      4.1884   2.9602E+02       0.01135086       0.01241393
      4.1934   2.9567E+02       0.01474760       0.01600719
      4.1984   2.9531E+02       0.01845858       0.01983474
      4.2034   2.9496E+02       0.02227592       0.02362147
      4.2084   2.9461E+02       0.02594880       0.02704410
      4.2134   2.9426E+02       0.02921836       0.02978067
      4.2184   2.9391E+02       0.03185721       0.03156994
      4.2234   2.9356E+02       0.03370384       0.03226776
      4.2284   2.9322E+02       0.03468265       0.03188591
      4.2334   2.9287E+02       0.03480482       0.03060041
      4.2384   2.9253E+02       0.03415110       0.02871997
      4.2434   2.9218E+02       0.03284330       0.02661129
      4.2484   2.9184E+02       0.03101452       0.02459107
      4.2534   2.9149E+02       0.02878708       0.02282152
      4.2584   2.9115E+02       0.02626319       0.02127107
      4.2634   2.9081E+02       0.02352783       0.01977505
      4.2684   2.9047E+02       0.02065883       0.01815225
      4.2734   2.9013E+02       0.01773708       0.01629745
      4.2784   2.8979E+02       0.01485144       0.01421151
      4.2834   2.8945E+02       0.01209569       0.01198163
      4.2884   2.8912E+02       0.00955929       0.00974000
      4.2934   2.8878E+02       0.00731551       0.00762230
      4.2984   2.8844E+02       0.00541165       0.00573738
      4.3034   2.8811E+02       0.00386426       0.00415172
      4.3084   2.8777E+02       0.00266054       0.00288744
      4.3134   2.8744E+02       0.00176466       0.00192976
      4.3184   2.8711E+02       0.00112681       0.00123927
      4.3234   2.8677E+02       0.00069235       0.00076468
      4.3284   2.8644E+02       0.00040919       0.00045335
      4.3334   2.8611E+02       0.00023258       0.00025824
      4.3384   2.8578E+02       0.00012717       0.00014133
      4.3434   2.8545E+02       0.00006705       0.00007432
      4.3484   2.8513E+02       0.00003449       0.00003756
      4.3534   2.8480E+02       0.00001828       0.00001836
      4.3584   2.8447E+02       0.00001206       0.00000984
      4.3634   2.8415E+02       0.00001315       0.00001153
      4.3684   2.8382E+02       0.00002199       0.00002300
      4.3734   2.8350E+02       0.00004214       0.00004645
      4.3784   2.8317E+02       0.00008103       0.00009033
      4.3834   2.8285E+02       0.00015107       0.00016879
      4.3884   2.8253E+02       0.00027110       0.00030306
      4.3934   2.8221E+02       0.00046762       0.00052280
      4.3984   2.8188E+02       0.00077503       0.00086650
      4.4034   2.8156E+02       0.00123418       0.00137985
      4.4084   2.8125E+02       0.00188828       0.00211116
      4.4134   2.8093E+02       0.00277579       0.00310342
      4.4184   2.8061E+02       0.00392043       0.00438318
      4.4234   2.8029E+02       0.00531999       0.00594793
      4.4284   2.7998E+02       0.00693611       0.00775481
      4.4334   2.7966E+02       0.00868861       0.00971416
      4.4384   2.7934E+02       0.01045715       0.01169145
      4.4434   2.7903E+02       0.01209219       0.01351948
      4.4484   2.7872E+02       0.01343462       0.01502037
      4.4534   2.7840E+02       0.01434085       0.01603355
      4.4584   2.7809E+02       0.01470797       0.01644402
      4.4634   2.7778E+02       0.01449305       0.01620372
      4.4684   2.7747E+02       0.01372130       0.01534088
      4.4734   2.7716E+02       0.01248129       0.01395451
      4.4784   2.7685E+02       0.01090819       0.01219573
      4.4834   2.7654E+02       0.00915956       0.01024070
      4.4884   2.7623E+02       0.00738967       0.00826191
      4.4934   2.7593E+02       0.00572802       0.00640412
      4.4984   2.7562E+02       0.00426592       0.00476944
      4.5034   2.7531E+02       0.00305246       0.00341275
      4.5084   2.7501E+02       0.00209853       0.00234623
      4.5134   2.7470E+02       0.00138615       0.00154976
      4.5184   2.7440E+02       0.00087970       0.00098353
      4.5234   2.7410E+02       0.00053640       0.00059971
      4.5284   2.7379E+02       0.00031424       0.00035133
      4.5334   2.7349E+02       0.00017688       0.00019776
      4.5384   2.7319E+02       0.00009566       0.00010695
      4.5434   2.7289E+02       0.00004970       0.00005557
      4.5484   2.7259E+02       0.00002481       0.00002774
      4.5534   2.7229E+02       0.00001190       0.00001331
      4.5584   2.7199E+02       0.00000548       0.00000613
      4.5634   2.7169E+02       0.00000243       0.00000272
      4.5684   2.7140E+02       0.00000103       0.00000116
      4.5734   2.7110E+02       0.00000042       0.00000047
      4.5784   2.7080E+02       0.00000017       0.00000019
      4.5834   2.7051E+02       0.00000006       0.00000007
      4.5884   2.7021E+02       0.00000002       0.00000003
      4.5934   2.6992E+02       0.00000001       0.00000001
      4.5984   2.6962E+02       0.00000000       0.00000000
      4.6034   2.6933E+02       0.00000000       0.00000000
      4.6084   2.6904E+02       0.00000000       0.00000000
