0.0000000   -0.00042363543  1.5785117e-06  4.8021776e-05  -3.6492237e-05  -7.7067512e-06  -7.4760150e-07  -6.6401192e-06  -1.3547718e-05  -1.9228026e-05  2.4335396e-06  0.0000000   -0.00042363543  1.5785117e-06  4.8021776e-05  -3.6492237e-05  -7.7067512e-06  -7.4760150e-07  -6.6401192e-06  -1.3547718e-05  -1.9228026e-05  2.4335396e-06  
0.00042363543  0.0000000   -5.2000257e-07  1.7710345e-05  -2.9844237e-05  4.2660096e-05  -1.1033888e-06  5.0952837e-05  3.8457868e-05  -2.5532104e-06  3.7457477e-05  0.00042363543  0.0000000   -5.2000257e-07  1.7710345e-05  -2.9844237e-05  4.2660096e-05  -1.1033888e-06  5.0952837e-05  3.8457868e-05  -2.5532104e-06  3.7457477e-05  
-1.5785117e-06  5.2000257e-07  0.0000000   -2.4438464e-07  1.2468854e-06  -2.8609934e-07  1.9274541e-05  1.3257003e-06  -9.6240813e-07  4.6563492e-07  -2.1603873e-07  -1.5785117e-06  5.2000257e-07  0.0000000   -2.4438464e-07  1.2468854e-06  -2.8609934e-07  1.9274541e-05  1.3257003e-06  -9.6240813e-07  4.6563492e-07  -2.1603873e-07  
-4.8021776e-05  -1.7710345e-05  2.4438464e-07  0.0000000   -8.8357713e-05  -9.4840638e-05  -1.1034069e-06  -2.0467473e-05  6.8615771e-05  -1.4309462e-06  -9.0000514e-06  -4.8021776e-05  -1.7710345e-05  2.4438464e-07  0.0000000   -8.8357713e-05  -9.4840638e-05  -1.1034069e-06  -2.0467473e-05  6.8615771e-05  -1.4309462e-06  -9.0000514e-06  
3.6492237e-05  2.9844237e-05  -1.2468854e-06  8.8357713e-05  0.0000000   -1.8883091e-05  1.6582857e-06  -0.00012091516  7.6310629e-05  5.8839756e-05  4.3163068e-05  3.6492237e-05  2.9844237e-05  -1.2468854e-06  8.8357713e-05  0.0000000   -1.8883091e-05  1.6582857e-06  -0.00012091516  7.6310629e-05  5.8839756e-05  4.3163068e-05  
7.7067512e-06  -4.2660096e-05  2.8609934e-07  9.4840638e-05  1.8883091e-05  0.0000000   7.5955960e-06  -0.00050517011  8.8704768e-05  1.9923996e-05  2.7975505e-06  7.7067512e-06  -4.2660096e-05  2.8609934e-07  9.4840638e-05  1.8883091e-05  0.0000000   7.5955960e-06  -0.00050517011  8.8704768e-05  1.9923996e-05  2.7975505e-06  
7.4760150e-07  1.1033888e-06  -1.9274541e-05  1.1034069e-06  -1.6582857e-06  -7.5955960e-06  0.0000000   -8.7266078e-06  -1.7493625e-06  3.7737782e-07  -2.3296669e-07  7.4760150e-07  1.1033888e-06  -1.9274541e-05  1.1034069e-06  -1.6582857e-06  -7.5955960e-06  0.0000000   -8.7266078e-06  -1.7493625e-06  3.7737782e-07  -2.3296669e-07  
6.6401192e-06  -5.0952837e-05  -1.3257003e-06  2.0467473e-05  0.00012091516  0.00050517011  8.7266078e-06  0.0000000   0.00017330693  -2.8411632e-06  8.6722138e-06  6.6401192e-06  -5.0952837e-05  -1.3257003e-06  2.0467473e-05  0.00012091516  0.00050517011  8.7266078e-06  0.0000000   0.00017330693  -2.8411632e-06  8.6722138e-06  
1.3547718e-05  -3.8457868e-05  9.6240813e-07  -6.8615771e-05  -7.6310629e-05  -8.8704768e-05  1.7493625e-06  -0.00017330693  0.0000000   -0.00011375090  -0.00016794364  1.3547718e-05  -3.8457868e-05  9.6240813e-07  -6.8615771e-05  -7.6310629e-05  -8.8704768e-05  1.7493625e-06  -0.00017330693  0.0000000   -0.00011375090  -0.00016794364  
1.9228026e-05  2.5532104e-06  -4.6563492e-07  1.4309462e-06  -5.8839756e-05  -1.9923996e-05  -3.7737782e-07  2.8411632e-06  0.00011375090  0.0000000   -3.9300496e-06  1.9228026e-05  2.5532104e-06  -4.6563492e-07  1.4309462e-06  -5.8839756e-05  -1.9923996e-05  -3.7737782e-07  2.8411632e-06  0.00011375090  0.0000000   -3.9300496e-06  
-2.4335396e-06  -3.7457477e-05  2.1603873e-07  9.0000514e-06  -4.3163068e-05  -2.7975505e-06  2.3296669e-07  -8.6722138e-06  0.00016794364  3.9300496e-06  0.0000000   -2.4335396e-06  -3.7457477e-05  2.1603873e-07  9.0000514e-06  -4.3163068e-05  -2.7975505e-06  2.3296669e-07  -8.6722138e-06  0.00016794364  3.9300496e-06  0.0000000   
0.0000000   -0.00042363543  1.5785117e-06  4.8021776e-05  -3.6492237e-05  -7.7067512e-06  -7.4760150e-07  -6.6401192e-06  -1.3547718e-05  -1.9228026e-05  2.4335396e-06  0.0000000   -0.00042363543  1.5785117e-06  4.8021776e-05  -3.6492237e-05  -7.7067512e-06  -7.4760150e-07  -6.6401192e-06  -1.3547718e-05  -1.9228026e-05  2.4335396e-06  
0.00042363543  0.0000000   -5.2000257e-07  1.7710345e-05  -2.9844237e-05  4.2660096e-05  -1.1033888e-06  5.0952837e-05  3.8457868e-05  -2.5532104e-06  3.7457477e-05  0.00042363543  0.0000000   -5.2000257e-07  1.7710345e-05  -2.9844237e-05  4.2660096e-05  -1.1033888e-06  5.0952837e-05  3.8457868e-05  -2.5532104e-06  3.7457477e-05  
-1.5785117e-06  5.2000257e-07  0.0000000   -2.4438464e-07  1.2468854e-06  -2.8609934e-07  1.9274541e-05  1.3257003e-06  -9.6240813e-07  4.6563492e-07  -2.1603873e-07  -1.5785117e-06  5.2000257e-07  0.0000000   -2.4438464e-07  1.2468854e-06  -2.8609934e-07  1.9274541e-05  1.3257003e-06  -9.6240813e-07  4.6563492e-07  -2.1603873e-07  
-4.8021776e-05  -1.7710345e-05  2.4438464e-07  0.0000000   -8.8357713e-05  -9.4840638e-05  -1.1034069e-06  -2.0467473e-05  6.8615771e-05  -1.4309462e-06  -9.0000514e-06  -4.8021776e-05  -1.7710345e-05  2.4438464e-07  0.0000000   -8.8357713e-05  -9.4840638e-05  -1.1034069e-06  -2.0467473e-05  6.8615771e-05  -1.4309462e-06  -9.0000514e-06  
3.6492237e-05  2.9844237e-05  -1.2468854e-06  8.8357713e-05  0.0000000   -1.8883091e-05  1.6582857e-06  -0.00012091516  7.6310629e-05  5.8839756e-05  4.3163068e-05  3.6492237e-05  2.9844237e-05  -1.2468854e-06  8.8357713e-05  0.0000000   -1.8883091e-05  1.6582857e-06  -0.00012091516  7.6310629e-05  5.8839756e-05  4.3163068e-05  
7.7067512e-06  -4.2660096e-05  2.8609934e-07  9.4840638e-05  1.8883091e-05  0.0000000   7.5955960e-06  -0.00050517011  8.8704768e-05  1.9923996e-05  2.7975505e-06  7.7067512e-06  -4.2660096e-05  2.8609934e-07  9.4840638e-05  1.8883091e-05  0.0000000   7.5955960e-06  -0.00050517011  8.8704768e-05  1.9923996e-05  2.7975505e-06  
7.4760150e-07  1.1033888e-06  -1.9274541e-05  1.1034069e-06  -1.6582857e-06  -7.5955960e-06  0.0000000   -8.7266078e-06  -1.7493625e-06  3.7737782e-07  -2.3296669e-07  7.4760150e-07  1.1033888e-06  -1.9274541e-05  1.1034069e-06  -1.6582857e-06  -7.5955960e-06  0.0000000   -8.7266078e-06  -1.7493625e-06  3.7737782e-07  -2.3296669e-07  
6.6401192e-06  -5.0952837e-05  -1.3257003e-06  2.0467473e-05  0.00012091516  0.00050517011  8.7266078e-06  0.0000000   0.00017330693  -2.8411632e-06  8.6722138e-06  6.6401192e-06  -5.0952837e-05  -1.3257003e-06  2.0467473e-05  0.00012091516  0.00050517011  8.7266078e-06  0.0000000   0.00017330693  -2.8411632e-06  8.6722138e-06  
1.3547718e-05  -3.8457868e-05  9.6240813e-07  -6.8615771e-05  -7.6310629e-05  -8.8704768e-05  1.7493625e-06  -0.00017330693  0.0000000   -0.00011375090  -0.00016794364  1.3547718e-05  -3.8457868e-05  9.6240813e-07  -6.8615771e-05  -7.6310629e-05  -8.8704768e-05  1.7493625e-06  -0.00017330693  0.0000000   -0.00011375090  -0.00016794364  
1.9228026e-05  2.5532104e-06  -4.6563492e-07  1.4309462e-06  -5.8839756e-05  -1.9923996e-05  -3.7737782e-07  2.8411632e-06  0.00011375090  0.0000000   -3.9300496e-06  1.9228026e-05  2.5532104e-06  -4.6563492e-07  1.4309462e-06  -5.8839756e-05  -1.9923996e-05  -3.7737782e-07  2.8411632e-06  0.00011375090  0.0000000   -3.9300496e-06  
-2.4335396e-06  -3.7457477e-05  2.1603873e-07  9.0000514e-06  -4.3163068e-05  -2.7975505e-06  2.3296669e-07  -8.6722138e-06  0.00016794364  3.9300496e-06  0.0000000   -2.4335396e-06  -3.7457477e-05  2.1603873e-07  9.0000514e-06  -4.3163068e-05  -2.7975505e-06  2.3296669e-07  -8.6722138e-06  0.00016794364  3.9300496e-06  0.0000000   
