0.0000000   -0.00016520501  9.1054681e-07  9.9192615e-05  2.1238518e-05  -1.4234018e-06  0.00013199577  -9.8682911e-07  1.0176480e-05  -3.4800945e-06  -2.5136357e-07  0.0000000   -0.00016520501  9.1054681e-07  9.9192615e-05  2.1238518e-05  -1.4234018e-06  0.00013199577  -9.8682911e-07  1.0176480e-05  -3.4800945e-06  -2.5136357e-07  
0.00016520501  0.0000000   -3.2423685e-07  -0.00011207335  5.5104045e-05  -2.7470708e-06  4.2463281e-05  8.4590136e-07  3.8195266e-06  -2.3330218e-05  1.5757615e-07  0.00016520501  0.0000000   -3.2423685e-07  -0.00011207335  5.5104045e-05  -2.7470708e-06  4.2463281e-05  8.4590136e-07  3.8195266e-06  -2.3330218e-05  1.5757615e-07  
-9.1054681e-07  3.2423685e-07  0.0000000   -8.6736011e-07  9.2981781e-08  -1.8827032e-05  6.7823501e-08  -5.4649078e-05  7.9175004e-07  1.5215560e-07  -2.0833219e-05  -9.1054681e-07  3.2423685e-07  0.0000000   -8.6736011e-07  9.2981781e-08  -1.8827032e-05  6.7823501e-08  -5.4649078e-05  7.9175004e-07  1.5215560e-07  -2.0833219e-05  
-9.9192615e-05  0.00011207335  8.6736011e-07  0.0000000   -7.8625005e-05  9.3623750e-07  -6.3153100e-05  1.5721769e-06  -4.0739272e-05  1.5748760e-05  -2.5565113e-07  -9.9192615e-05  0.00011207335  8.6736011e-07  0.0000000   -7.8625005e-05  9.3623750e-07  -6.3153100e-05  1.5721769e-06  -4.0739272e-05  1.5748760e-05  -2.5565113e-07  
-2.1238518e-05  -5.5104045e-05  -9.2981781e-08  7.8625005e-05  0.0000000   -5.0847423e-08  2.2804684e-06  -1.5517835e-06  -3.8955356e-05  -0.00010141882  -1.8136739e-07  -2.1238518e-05  -5.5104045e-05  -9.2981781e-08  7.8625005e-05  0.0000000   -5.0847423e-08  2.2804684e-06  -1.5517835e-06  -3.8955356e-05  -0.00010141882  -1.8136739e-07  
1.4234018e-06  2.7470708e-06  1.8827032e-05  -9.3623750e-07  5.0847423e-08  0.0000000   6.2315992e-06  -0.00078248233  -1.2235554e-06  1.8164349e-06  -5.1982880e-06  1.4234018e-06  2.7470708e-06  1.8827032e-05  -9.3623750e-07  5.0847423e-08  0.0000000   6.2315992e-06  -0.00078248233  -1.2235554e-06  1.8164349e-06  -5.1982880e-06  
-0.00013199577  -4.2463281e-05  -6.7823501e-08  6.3153100e-05  -2.2804684e-06  -6.2315992e-06  0.0000000   -8.2810667e-06  -0.00013359820  7.4390539e-05  -3.2566376e-07  -0.00013199577  -4.2463281e-05  -6.7823501e-08  6.3153100e-05  -2.2804684e-06  -6.2315992e-06  0.0000000   -8.2810667e-06  -0.00013359820  7.4390539e-05  -3.2566376e-07  
9.8682911e-07  -8.4590136e-07  5.4649078e-05  -1.5721769e-06  1.5517835e-06  0.00078248233  8.2810667e-06  0.0000000   2.3296237e-06  6.2734648e-06  3.1461063e-05  9.8682911e-07  -8.4590136e-07  5.4649078e-05  -1.5721769e-06  1.5517835e-06  0.00078248233  8.2810667e-06  0.0000000   2.3296237e-06  6.2734648e-06  3.1461063e-05  
-1.0176480e-05  -3.8195266e-06  -7.9175004e-07  4.0739272e-05  3.8955356e-05  1.2235554e-06  0.00013359820  -2.3296237e-06  0.0000000   -0.0012346698  -4.1552430e-06  -1.0176480e-05  -3.8195266e-06  -7.9175004e-07  4.0739272e-05  3.8955356e-05  1.2235554e-06  0.00013359820  -2.3296237e-06  0.0000000   -0.0012346698  -4.1552430e-06  
3.4800945e-06  2.3330218e-05  -1.5215560e-07  -1.5748760e-05  0.00010141882  -1.8164349e-06  -7.4390539e-05  -6.2734648e-06  0.0012346698  0.0000000   1.7620704e-06  3.4800945e-06  2.3330218e-05  -1.5215560e-07  -1.5748760e-05  0.00010141882  -1.8164349e-06  -7.4390539e-05  -6.2734648e-06  0.0012346698  0.0000000   1.7620704e-06  
2.5136357e-07  -1.5757615e-07  2.0833219e-05  2.5565113e-07  1.8136739e-07  5.1982880e-06  3.2566376e-07  -3.1461063e-05  4.1552430e-06  -1.7620704e-06  0.0000000   2.5136357e-07  -1.5757615e-07  2.0833219e-05  2.5565113e-07  1.8136739e-07  5.1982880e-06  3.2566376e-07  -3.1461063e-05  4.1552430e-06  -1.7620704e-06  0.0000000   
0.0000000   -0.00016520501  9.1054681e-07  9.9192615e-05  2.1238518e-05  -1.4234018e-06  0.00013199577  -9.8682911e-07  1.0176480e-05  -3.4800945e-06  -2.5136357e-07  0.0000000   -0.00016520501  9.1054681e-07  9.9192615e-05  2.1238518e-05  -1.4234018e-06  0.00013199577  -9.8682911e-07  1.0176480e-05  -3.4800945e-06  -2.5136357e-07  
0.00016520501  0.0000000   -3.2423685e-07  -0.00011207335  5.5104045e-05  -2.7470708e-06  4.2463281e-05  8.4590136e-07  3.8195266e-06  -2.3330218e-05  1.5757615e-07  0.00016520501  0.0000000   -3.2423685e-07  -0.00011207335  5.5104045e-05  -2.7470708e-06  4.2463281e-05  8.4590136e-07  3.8195266e-06  -2.3330218e-05  1.5757615e-07  
-9.1054681e-07  3.2423685e-07  0.0000000   -8.6736011e-07  9.2981781e-08  -1.8827032e-05  6.7823501e-08  -5.4649078e-05  7.9175004e-07  1.5215560e-07  -2.0833219e-05  -9.1054681e-07  3.2423685e-07  0.0000000   -8.6736011e-07  9.2981781e-08  -1.8827032e-05  6.7823501e-08  -5.4649078e-05  7.9175004e-07  1.5215560e-07  -2.0833219e-05  
-9.9192615e-05  0.00011207335  8.6736011e-07  0.0000000   -7.8625005e-05  9.3623750e-07  -6.3153100e-05  1.5721769e-06  -4.0739272e-05  1.5748760e-05  -2.5565113e-07  -9.9192615e-05  0.00011207335  8.6736011e-07  0.0000000   -7.8625005e-05  9.3623750e-07  -6.3153100e-05  1.5721769e-06  -4.0739272e-05  1.5748760e-05  -2.5565113e-07  
-2.1238518e-05  -5.5104045e-05  -9.2981781e-08  7.8625005e-05  0.0000000   -5.0847423e-08  2.2804684e-06  -1.5517835e-06  -3.8955356e-05  -0.00010141882  -1.8136739e-07  -2.1238518e-05  -5.5104045e-05  -9.2981781e-08  7.8625005e-05  0.0000000   -5.0847423e-08  2.2804684e-06  -1.5517835e-06  -3.8955356e-05  -0.00010141882  -1.8136739e-07  
1.4234018e-06  2.7470708e-06  1.8827032e-05  -9.3623750e-07  5.0847423e-08  0.0000000   6.2315992e-06  -0.00078248233  -1.2235554e-06  1.8164349e-06  -5.1982880e-06  1.4234018e-06  2.7470708e-06  1.8827032e-05  -9.3623750e-07  5.0847423e-08  0.0000000   6.2315992e-06  -0.00078248233  -1.2235554e-06  1.8164349e-06  -5.1982880e-06  
-0.00013199577  -4.2463281e-05  -6.7823501e-08  6.3153100e-05  -2.2804684e-06  -6.2315992e-06  0.0000000   -8.2810667e-06  -0.00013359820  7.4390539e-05  -3.2566376e-07  -0.00013199577  -4.2463281e-05  -6.7823501e-08  6.3153100e-05  -2.2804684e-06  -6.2315992e-06  0.0000000   -8.2810667e-06  -0.00013359820  7.4390539e-05  -3.2566376e-07  
9.8682911e-07  -8.4590136e-07  5.4649078e-05  -1.5721769e-06  1.5517835e-06  0.00078248233  8.2810667e-06  0.0000000   2.3296237e-06  6.2734648e-06  3.1461063e-05  9.8682911e-07  -8.4590136e-07  5.4649078e-05  -1.5721769e-06  1.5517835e-06  0.00078248233  8.2810667e-06  0.0000000   2.3296237e-06  6.2734648e-06  3.1461063e-05  
-1.0176480e-05  -3.8195266e-06  -7.9175004e-07  4.0739272e-05  3.8955356e-05  1.2235554e-06  0.00013359820  -2.3296237e-06  0.0000000   -0.0012346698  -4.1552430e-06  -1.0176480e-05  -3.8195266e-06  -7.9175004e-07  4.0739272e-05  3.8955356e-05  1.2235554e-06  0.00013359820  -2.3296237e-06  0.0000000   -0.0012346698  -4.1552430e-06  
3.4800945e-06  2.3330218e-05  -1.5215560e-07  -1.5748760e-05  0.00010141882  -1.8164349e-06  -7.4390539e-05  -6.2734648e-06  0.0012346698  0.0000000   1.7620704e-06  3.4800945e-06  2.3330218e-05  -1.5215560e-07  -1.5748760e-05  0.00010141882  -1.8164349e-06  -7.4390539e-05  -6.2734648e-06  0.0012346698  0.0000000   1.7620704e-06  
2.5136357e-07  -1.5757615e-07  2.0833219e-05  2.5565113e-07  1.8136739e-07  5.1982880e-06  3.2566376e-07  -3.1461063e-05  4.1552430e-06  -1.7620704e-06  0.0000000   2.5136357e-07  -1.5757615e-07  2.0833219e-05  2.5565113e-07  1.8136739e-07  5.1982880e-06  3.2566376e-07  -3.1461063e-05  4.1552430e-06  -1.7620704e-06  0.0000000   
