0.0000000   5.3212639e-07  5.2720361e-05  1.8499175e-05  4.7195061e-07  4.2827131e-06  -2.6915649e-07  1.0209798e-06  -1.1086794e-06  2.4525360e-07  -1.7073581e-07  0.0000000   5.3212639e-07  5.2720361e-05  1.8499175e-05  4.7195061e-07  4.2827131e-06  -2.6915649e-07  1.0209798e-06  -1.1086794e-06  2.4525360e-07  -1.7073581e-07  
-5.3212639e-07  0.0000000   -7.4954881e-07  -4.1344768e-07  2.8756953e-05  -0.00011091857  -2.1277123e-05  -4.2307973e-05  8.5142079e-06  -5.1660651e-06  1.1900492e-05  -5.3212639e-07  0.0000000   -7.4954881e-07  -4.1344768e-07  2.8756953e-05  -0.00011091857  -2.1277123e-05  -4.2307973e-05  8.5142079e-06  -5.1660651e-06  1.1900492e-05  
-5.2720361e-05  7.4954881e-07  0.0000000   -0.00018278340  2.5740255e-07  7.0304603e-08  4.8949786e-07  3.5162935e-07  4.0757255e-06  7.3928005e-07  -6.6012126e-07  -5.2720361e-05  7.4954881e-07  0.0000000   -0.00018278340  2.5740255e-07  7.0304603e-08  4.8949786e-07  3.5162935e-07  4.0757255e-06  7.3928005e-07  -6.6012126e-07  
-1.8499175e-05  4.1344768e-07  0.00018278340  0.0000000   -3.9650523e-07  -8.7706164e-07  -1.6653499e-06  -8.5302135e-07  -1.2974891e-06  3.6435755e-06  -5.3438438e-07  -1.8499175e-05  4.1344768e-07  0.00018278340  0.0000000   -3.9650523e-07  -8.7706164e-07  -1.6653499e-06  -8.5302135e-07  -1.2974891e-06  3.6435755e-06  -5.3438438e-07  
-4.7195061e-07  -2.8756953e-05  -2.5740255e-07  3.9650523e-07  0.0000000   -9.2729328e-05  -8.1642692e-05  2.6805490e-06  9.8254351e-05  2.2596697e-05  -7.7483388e-05  -4.7195061e-07  -2.8756953e-05  -2.5740255e-07  3.9650523e-07  0.0000000   -9.2729328e-05  -8.1642692e-05  2.6805490e-06  9.8254351e-05  2.2596697e-05  -7.7483388e-05  
-4.2827131e-06  0.00011091857  -7.0304603e-08  8.7706164e-07  9.2729328e-05  0.0000000   -0.0011575616  -0.00045069370  7.6304277e-05  -8.4052082e-05  1.3215641e-05  -4.2827131e-06  0.00011091857  -7.0304603e-08  8.7706164e-07  9.2729328e-05  0.0000000   -0.0011575616  -0.00045069370  7.6304277e-05  -8.4052082e-05  1.3215641e-05  
2.6915649e-07  2.1277123e-05  -4.8949786e-07  1.6653499e-06  8.1642692e-05  0.0011575616  0.0000000   0.00033929855  -0.00020108877  -2.8538779e-05  -1.6889748e-05  2.6915649e-07  2.1277123e-05  -4.8949786e-07  1.6653499e-06  8.1642692e-05  0.0011575616  0.0000000   0.00033929855  -0.00020108877  -2.8538779e-05  -1.6889748e-05  
-1.0209798e-06  4.2307973e-05  -3.5162935e-07  8.5302135e-07  -2.6805490e-06  0.00045069370  -0.00033929855  0.0000000   0.00049902295  6.9555792e-05  -4.2273034e-05  -1.0209798e-06  4.2307973e-05  -3.5162935e-07  8.5302135e-07  -2.6805490e-06  0.00045069370  -0.00033929855  0.0000000   0.00049902295  6.9555792e-05  -4.2273034e-05  
1.1086794e-06  -8.5142079e-06  -4.0757255e-06  1.2974891e-06  -9.8254351e-05  -7.6304277e-05  0.00020108877  -0.00049902295  0.0000000   0.0016709229  2.8482535e-05  1.1086794e-06  -8.5142079e-06  -4.0757255e-06  1.2974891e-06  -9.8254351e-05  -7.6304277e-05  0.00020108877  -0.00049902295  0.0000000   0.0016709229  2.8482535e-05  
-2.4525360e-07  5.1660651e-06  -7.3928005e-07  -3.6435755e-06  -2.2596697e-05  8.4052082e-05  2.8538779e-05  -6.9555792e-05  -0.0016709229  0.0000000   -0.00040825872  -2.4525360e-07  5.1660651e-06  -7.3928005e-07  -3.6435755e-06  -2.2596697e-05  8.4052082e-05  2.8538779e-05  -6.9555792e-05  -0.0016709229  0.0000000   -0.00040825872  
1.7073581e-07  -1.1900492e-05  6.6012126e-07  5.3438438e-07  7.7483388e-05  -1.3215641e-05  1.6889748e-05  4.2273034e-05  -2.8482535e-05  0.00040825872  0.0000000   1.7073581e-07  -1.1900492e-05  6.6012126e-07  5.3438438e-07  7.7483388e-05  -1.3215641e-05  1.6889748e-05  4.2273034e-05  -2.8482535e-05  0.00040825872  0.0000000   
0.0000000   5.3212639e-07  5.2720361e-05  1.8499175e-05  4.7195061e-07  4.2827131e-06  -2.6915649e-07  1.0209798e-06  -1.1086794e-06  2.4525360e-07  -1.7073581e-07  0.0000000   5.3212639e-07  5.2720361e-05  1.8499175e-05  4.7195061e-07  4.2827131e-06  -2.6915649e-07  1.0209798e-06  -1.1086794e-06  2.4525360e-07  -1.7073581e-07  
-5.3212639e-07  0.0000000   -7.4954881e-07  -4.1344768e-07  2.8756953e-05  -0.00011091857  -2.1277123e-05  -4.2307973e-05  8.5142079e-06  -5.1660651e-06  1.1900492e-05  -5.3212639e-07  0.0000000   -7.4954881e-07  -4.1344768e-07  2.8756953e-05  -0.00011091857  -2.1277123e-05  -4.2307973e-05  8.5142079e-06  -5.1660651e-06  1.1900492e-05  
-5.2720361e-05  7.4954881e-07  0.0000000   -0.00018278340  2.5740255e-07  7.0304603e-08  4.8949786e-07  3.5162935e-07  4.0757255e-06  7.3928005e-07  -6.6012126e-07  -5.2720361e-05  7.4954881e-07  0.0000000   -0.00018278340  2.5740255e-07  7.0304603e-08  4.8949786e-07  3.5162935e-07  4.0757255e-06  7.3928005e-07  -6.6012126e-07  
-1.8499175e-05  4.1344768e-07  0.00018278340  0.0000000   -3.9650523e-07  -8.7706164e-07  -1.6653499e-06  -8.5302135e-07  -1.2974891e-06  3.6435755e-06  -5.3438438e-07  -1.8499175e-05  4.1344768e-07  0.00018278340  0.0000000   -3.9650523e-07  -8.7706164e-07  -1.6653499e-06  -8.5302135e-07  -1.2974891e-06  3.6435755e-06  -5.3438438e-07  
-4.7195061e-07  -2.8756953e-05  -2.5740255e-07  3.9650523e-07  0.0000000   -9.2729328e-05  -8.1642692e-05  2.6805490e-06  9.8254351e-05  2.2596697e-05  -7.7483388e-05  -4.7195061e-07  -2.8756953e-05  -2.5740255e-07  3.9650523e-07  0.0000000   -9.2729328e-05  -8.1642692e-05  2.6805490e-06  9.8254351e-05  2.2596697e-05  -7.7483388e-05  
-4.2827131e-06  0.00011091857  -7.0304603e-08  8.7706164e-07  9.2729328e-05  0.0000000   -0.0011575616  -0.00045069370  7.6304277e-05  -8.4052082e-05  1.3215641e-05  -4.2827131e-06  0.00011091857  -7.0304603e-08  8.7706164e-07  9.2729328e-05  0.0000000   -0.0011575616  -0.00045069370  7.6304277e-05  -8.4052082e-05  1.3215641e-05  
2.6915649e-07  2.1277123e-05  -4.8949786e-07  1.6653499e-06  8.1642692e-05  0.0011575616  0.0000000   0.00033929855  -0.00020108877  -2.8538779e-05  -1.6889748e-05  2.6915649e-07  2.1277123e-05  -4.8949786e-07  1.6653499e-06  8.1642692e-05  0.0011575616  0.0000000   0.00033929855  -0.00020108877  -2.8538779e-05  -1.6889748e-05  
-1.0209798e-06  4.2307973e-05  -3.5162935e-07  8.5302135e-07  -2.6805490e-06  0.00045069370  -0.00033929855  0.0000000   0.00049902295  6.9555792e-05  -4.2273034e-05  -1.0209798e-06  4.2307973e-05  -3.5162935e-07  8.5302135e-07  -2.6805490e-06  0.00045069370  -0.00033929855  0.0000000   0.00049902295  6.9555792e-05  -4.2273034e-05  
1.1086794e-06  -8.5142079e-06  -4.0757255e-06  1.2974891e-06  -9.8254351e-05  -7.6304277e-05  0.00020108877  -0.00049902295  0.0000000   0.0016709229  2.8482535e-05  1.1086794e-06  -8.5142079e-06  -4.0757255e-06  1.2974891e-06  -9.8254351e-05  -7.6304277e-05  0.00020108877  -0.00049902295  0.0000000   0.0016709229  2.8482535e-05  
-2.4525360e-07  5.1660651e-06  -7.3928005e-07  -3.6435755e-06  -2.2596697e-05  8.4052082e-05  2.8538779e-05  -6.9555792e-05  -0.0016709229  0.0000000   -0.00040825872  -2.4525360e-07  5.1660651e-06  -7.3928005e-07  -3.6435755e-06  -2.2596697e-05  8.4052082e-05  2.8538779e-05  -6.9555792e-05  -0.0016709229  0.0000000   -0.00040825872  
1.7073581e-07  -1.1900492e-05  6.6012126e-07  5.3438438e-07  7.7483388e-05  -1.3215641e-05  1.6889748e-05  4.2273034e-05  -2.8482535e-05  0.00040825872  0.0000000   1.7073581e-07  -1.1900492e-05  6.6012126e-07  5.3438438e-07  7.7483388e-05  -1.3215641e-05  1.6889748e-05  4.2273034e-05  -2.8482535e-05  0.00040825872  0.0000000   
