0.0000000   -0.0012700488  2.5036200e-06  5.7105874e-05  -2.5949879e-05  -1.6774223e-05  -0.00030297724  -0.00017439298  -4.0306607e-05  3.5120995e-07  -1.3432777e-05  0.0000000   -0.0012700488  2.5036200e-06  5.7105874e-05  -2.5949879e-05  -1.6774223e-05  -0.00030297724  -0.00017439298  -4.0306607e-05  3.5120995e-07  -1.3432777e-05  
0.0012700488  0.0000000   5.5248397e-06  9.2712119e-05  6.1274569e-05  -0.00028181644  -0.00018962434  3.7173631e-05  -9.1870164e-06  5.2970528e-08  -4.2728426e-05  0.0012700488  0.0000000   5.5248397e-06  9.2712119e-05  6.1274569e-05  -0.00028181644  -0.00018962434  3.7173631e-05  -9.1870164e-06  5.2970528e-08  -4.2728426e-05  
-2.5036200e-06  -5.5248397e-06  0.0000000   -1.6217725e-07  3.1190746e-05  1.0458270e-05  5.5371957e-06  3.0258524e-07  1.4621643e-06  -6.1037508e-05  -1.3478629e-06  -2.5036200e-06  -5.5248397e-06  0.0000000   -1.6217725e-07  3.1190746e-05  1.0458270e-05  5.5371957e-06  3.0258524e-07  1.4621643e-06  -6.1037508e-05  -1.3478629e-06  
-5.7105874e-05  -9.2712119e-05  1.6217725e-07  0.0000000   -2.9808293e-05  0.00012814970  6.3733643e-05  8.2844534e-06  2.8469052e-05  3.0970409e-06  1.4916943e-05  -5.7105874e-05  -9.2712119e-05  1.6217725e-07  0.0000000   -2.9808293e-05  0.00012814970  6.3733643e-05  8.2844534e-06  2.8469052e-05  3.0970409e-06  1.4916943e-05  
2.5949879e-05  -6.1274569e-05  -3.1190746e-05  2.9808293e-05  0.0000000   -0.00094635252  -0.0022968202  0.00027214605  2.8510680e-05  2.5745905e-05  5.5741486e-06  2.5949879e-05  -6.1274569e-05  -3.1190746e-05  2.9808293e-05  0.0000000   -0.00094635252  -0.0022968202  0.00027214605  2.8510680e-05  2.5745905e-05  5.5741486e-06  
1.6774223e-05  0.00028181644  -1.0458270e-05  -0.00012814970  0.00094635252  0.0000000   0.0084345688  -0.00060278315  -3.6313637e-06  6.5875999e-06  -2.1530959e-05  1.6774223e-05  0.00028181644  -1.0458270e-05  -0.00012814970  0.00094635252  0.0000000   0.0084345688  -0.00060278315  -3.6313637e-06  6.5875999e-06  -2.1530959e-05  
0.00030297724  0.00018962434  -5.5371957e-06  -6.3733643e-05  0.0022968202  -0.0084345688  0.0000000   0.00099831930  0.00024975255  -7.4899312e-06  -1.8879632e-06  0.00030297724  0.00018962434  -5.5371957e-06  -6.3733643e-05  0.0022968202  -0.0084345688  0.0000000   0.00099831930  0.00024975255  -7.4899312e-06  -1.8879632e-06  
0.00017439298  -3.7173631e-05  -3.0258524e-07  -8.2844534e-06  -0.00027214605  0.00060278315  -0.00099831930  0.0000000   2.7088295e-05  -2.8415110e-09  9.9590610e-06  0.00017439298  -3.7173631e-05  -3.0258524e-07  -8.2844534e-06  -0.00027214605  0.00060278315  -0.00099831930  0.0000000   2.7088295e-05  -2.8415110e-09  9.9590610e-06  
4.0306607e-05  9.1870164e-06  -1.4621643e-06  -2.8469052e-05  -2.8510680e-05  3.6313637e-06  -0.00024975255  -2.7088295e-05  0.0000000   2.2828162e-07  4.2627913e-05  4.0306607e-05  9.1870164e-06  -1.4621643e-06  -2.8469052e-05  -2.8510680e-05  3.6313637e-06  -0.00024975255  -2.7088295e-05  0.0000000   2.2828162e-07  4.2627913e-05  
-3.5120995e-07  -5.2970528e-08  6.1037508e-05  -3.0970409e-06  -2.5745905e-05  -6.5875999e-06  7.4899312e-06  2.8415110e-09  -2.2828162e-07  0.0000000   -1.7884123e-07  -3.5120995e-07  -5.2970528e-08  6.1037508e-05  -3.0970409e-06  -2.5745905e-05  -6.5875999e-06  7.4899312e-06  2.8415110e-09  -2.2828162e-07  0.0000000   -1.7884123e-07  
1.3432777e-05  4.2728426e-05  1.3478629e-06  -1.4916943e-05  -5.5741486e-06  2.1530959e-05  1.8879632e-06  -9.9590610e-06  -4.2627913e-05  1.7884123e-07  0.0000000   1.3432777e-05  4.2728426e-05  1.3478629e-06  -1.4916943e-05  -5.5741486e-06  2.1530959e-05  1.8879632e-06  -9.9590610e-06  -4.2627913e-05  1.7884123e-07  0.0000000   
0.0000000   -0.0012700488  2.5036200e-06  5.7105874e-05  -2.5949879e-05  -1.6774223e-05  -0.00030297724  -0.00017439298  -4.0306607e-05  3.5120995e-07  -1.3432777e-05  0.0000000   -0.0012700488  2.5036200e-06  5.7105874e-05  -2.5949879e-05  -1.6774223e-05  -0.00030297724  -0.00017439298  -4.0306607e-05  3.5120995e-07  -1.3432777e-05  
0.0012700488  0.0000000   5.5248397e-06  9.2712119e-05  6.1274569e-05  -0.00028181644  -0.00018962434  3.7173631e-05  -9.1870164e-06  5.2970528e-08  -4.2728426e-05  0.0012700488  0.0000000   5.5248397e-06  9.2712119e-05  6.1274569e-05  -0.00028181644  -0.00018962434  3.7173631e-05  -9.1870164e-06  5.2970528e-08  -4.2728426e-05  
-2.5036200e-06  -5.5248397e-06  0.0000000   -1.6217725e-07  3.1190746e-05  1.0458270e-05  5.5371957e-06  3.0258524e-07  1.4621643e-06  -6.1037508e-05  -1.3478629e-06  -2.5036200e-06  -5.5248397e-06  0.0000000   -1.6217725e-07  3.1190746e-05  1.0458270e-05  5.5371957e-06  3.0258524e-07  1.4621643e-06  -6.1037508e-05  -1.3478629e-06  
-5.7105874e-05  -9.2712119e-05  1.6217725e-07  0.0000000   -2.9808293e-05  0.00012814970  6.3733643e-05  8.2844534e-06  2.8469052e-05  3.0970409e-06  1.4916943e-05  -5.7105874e-05  -9.2712119e-05  1.6217725e-07  0.0000000   -2.9808293e-05  0.00012814970  6.3733643e-05  8.2844534e-06  2.8469052e-05  3.0970409e-06  1.4916943e-05  
2.5949879e-05  -6.1274569e-05  -3.1190746e-05  2.9808293e-05  0.0000000   -0.00094635252  -0.0022968202  0.00027214605  2.8510680e-05  2.5745905e-05  5.5741486e-06  2.5949879e-05  -6.1274569e-05  -3.1190746e-05  2.9808293e-05  0.0000000   -0.00094635252  -0.0022968202  0.00027214605  2.8510680e-05  2.5745905e-05  5.5741486e-06  
1.6774223e-05  0.00028181644  -1.0458270e-05  -0.00012814970  0.00094635252  0.0000000   0.0084345688  -0.00060278315  -3.6313637e-06  6.5875999e-06  -2.1530959e-05  1.6774223e-05  0.00028181644  -1.0458270e-05  -0.00012814970  0.00094635252  0.0000000   0.0084345688  -0.00060278315  -3.6313637e-06  6.5875999e-06  -2.1530959e-05  
0.00030297724  0.00018962434  -5.5371957e-06  -6.3733643e-05  0.0022968202  -0.0084345688  0.0000000   0.00099831930  0.00024975255  -7.4899312e-06  -1.8879632e-06  0.00030297724  0.00018962434  -5.5371957e-06  -6.3733643e-05  0.0022968202  -0.0084345688  0.0000000   0.00099831930  0.00024975255  -7.4899312e-06  -1.8879632e-06  
0.00017439298  -3.7173631e-05  -3.0258524e-07  -8.2844534e-06  -0.00027214605  0.00060278315  -0.00099831930  0.0000000   2.7088295e-05  -2.8415110e-09  9.9590610e-06  0.00017439298  -3.7173631e-05  -3.0258524e-07  -8.2844534e-06  -0.00027214605  0.00060278315  -0.00099831930  0.0000000   2.7088295e-05  -2.8415110e-09  9.9590610e-06  
4.0306607e-05  9.1870164e-06  -1.4621643e-06  -2.8469052e-05  -2.8510680e-05  3.6313637e-06  -0.00024975255  -2.7088295e-05  0.0000000   2.2828162e-07  4.2627913e-05  4.0306607e-05  9.1870164e-06  -1.4621643e-06  -2.8469052e-05  -2.8510680e-05  3.6313637e-06  -0.00024975255  -2.7088295e-05  0.0000000   2.2828162e-07  4.2627913e-05  
-3.5120995e-07  -5.2970528e-08  6.1037508e-05  -3.0970409e-06  -2.5745905e-05  -6.5875999e-06  7.4899312e-06  2.8415110e-09  -2.2828162e-07  0.0000000   -1.7884123e-07  -3.5120995e-07  -5.2970528e-08  6.1037508e-05  -3.0970409e-06  -2.5745905e-05  -6.5875999e-06  7.4899312e-06  2.8415110e-09  -2.2828162e-07  0.0000000   -1.7884123e-07  
1.3432777e-05  4.2728426e-05  1.3478629e-06  -1.4916943e-05  -5.5741486e-06  2.1530959e-05  1.8879632e-06  -9.9590610e-06  -4.2627913e-05  1.7884123e-07  0.0000000   1.3432777e-05  4.2728426e-05  1.3478629e-06  -1.4916943e-05  -5.5741486e-06  2.1530959e-05  1.8879632e-06  -9.9590610e-06  -4.2627913e-05  1.7884123e-07  0.0000000   
