0.0000000   3.0265747e-07  -3.1917638e-06  0.00011148505  -3.5481417e-05  3.8121854e-07  1.3567125e-07  -1.0855238e-05  -4.3091506e-07  -3.5010736e-06  -6.5394694e-08  0.0000000   3.0265747e-07  -3.1917638e-06  0.00011148505  -3.5481417e-05  3.8121854e-07  1.3567125e-07  -1.0855238e-05  -4.3091506e-07  -3.5010736e-06  -6.5394694e-08  
-3.0265747e-07  0.0000000   -6.4941108e-06  -9.2794140e-08  3.6218784e-07  -2.3701039e-05  -0.00016286621  -2.7007151e-06  1.3520973e-05  -3.9846227e-07  9.3614071e-06  -3.0265747e-07  0.0000000   -6.4941108e-06  -9.2794140e-08  3.6218784e-07  -2.3701039e-05  -0.00016286621  -2.7007151e-06  1.3520973e-05  -3.9846227e-07  9.3614071e-06  
3.1917638e-06  6.4941108e-06  0.0000000   -1.4359934e-06  3.8033376e-06  4.8062468e-05  4.9294955e-06  7.9477621e-07  -0.00011714768  -1.0489377e-07  -1.8319489e-05  3.1917638e-06  6.4941108e-06  0.0000000   -1.4359934e-06  3.8033376e-06  4.8062468e-05  4.9294955e-06  7.9477621e-07  -0.00011714768  -1.0489377e-07  -1.8319489e-05  
-0.00011148505  9.2794140e-08  1.4359934e-06  0.0000000   -0.00014032814  8.1712058e-07  1.6417758e-07  2.8193703e-05  -1.4075995e-06  -7.2130633e-05  2.3946070e-07  -0.00011148505  9.2794140e-08  1.4359934e-06  0.0000000   -0.00014032814  8.1712058e-07  1.6417758e-07  2.8193703e-05  -1.4075995e-06  -7.2130633e-05  2.3946070e-07  
3.5481417e-05  -3.6218784e-07  -3.8033376e-06  0.00014032814  0.0000000   4.1625415e-07  -1.6930482e-06  8.8236599e-05  3.3985893e-06  -0.00018866002  2.7975073e-07  3.5481417e-05  -3.6218784e-07  -3.8033376e-06  0.00014032814  0.0000000   4.1625415e-07  -1.6930482e-06  8.8236599e-05  3.3985893e-06  -0.00018866002  2.7975073e-07  
-3.8121854e-07  2.3701039e-05  -4.8062468e-05  -8.1712058e-07  -4.1625415e-07  0.0000000   0.00015039623  2.8108120e-06  -1.6708507e-05  8.6180214e-08  9.7672244e-06  -3.8121854e-07  2.3701039e-05  -4.8062468e-05  -8.1712058e-07  -4.1625415e-07  0.0000000   0.00015039623  2.8108120e-06  -1.6708507e-05  8.6180214e-08  9.7672244e-06  
-1.3567125e-07  0.00016286621  -4.9294955e-06  -1.6417758e-07  1.6930482e-06  -0.00015039623  0.0000000   1.5573629e-06  -1.3513440e-05  1.9012075e-07  -1.3033233e-05  -1.3567125e-07  0.00016286621  -4.9294955e-06  -1.6417758e-07  1.6930482e-06  -0.00015039623  0.0000000   1.5573629e-06  -1.3513440e-05  1.9012075e-07  -1.3033233e-05  
1.0855238e-05  2.7007151e-06  -7.9477621e-07  -2.8193703e-05  -8.8236599e-05  -2.8108120e-06  -1.5573629e-06  0.0000000   -1.2050428e-06  -1.2220820e-05  5.7765509e-07  1.0855238e-05  2.7007151e-06  -7.9477621e-07  -2.8193703e-05  -8.8236599e-05  -2.8108120e-06  -1.5573629e-06  0.0000000   -1.2050428e-06  -1.2220820e-05  5.7765509e-07  
4.3091506e-07  -1.3520973e-05  0.00011714768  1.4075995e-06  -3.3985893e-06  1.6708507e-05  1.3513440e-05  1.2050428e-06  0.0000000   -9.1333549e-07  -0.00024943147  4.3091506e-07  -1.3520973e-05  0.00011714768  1.4075995e-06  -3.3985893e-06  1.6708507e-05  1.3513440e-05  1.2050428e-06  0.0000000   -9.1333549e-07  -0.00024943147  
3.5010736e-06  3.9846227e-07  1.0489377e-07  7.2130633e-05  0.00018866002  -8.6180214e-08  -1.9012075e-07  1.2220820e-05  9.1333549e-07  0.0000000   -3.6183348e-06  3.5010736e-06  3.9846227e-07  1.0489377e-07  7.2130633e-05  0.00018866002  -8.6180214e-08  -1.9012075e-07  1.2220820e-05  9.1333549e-07  0.0000000   -3.6183348e-06  
6.5394694e-08  -9.3614071e-06  1.8319489e-05  -2.3946070e-07  -2.7975073e-07  -9.7672244e-06  1.3033233e-05  -5.7765509e-07  0.00024943147  3.6183348e-06  0.0000000   6.5394694e-08  -9.3614071e-06  1.8319489e-05  -2.3946070e-07  -2.7975073e-07  -9.7672244e-06  1.3033233e-05  -5.7765509e-07  0.00024943147  3.6183348e-06  0.0000000   
0.0000000   3.0265747e-07  -3.1917638e-06  0.00011148505  -3.5481417e-05  3.8121854e-07  1.3567125e-07  -1.0855238e-05  -4.3091506e-07  -3.5010736e-06  -6.5394694e-08  0.0000000   3.0265747e-07  -3.1917638e-06  0.00011148505  -3.5481417e-05  3.8121854e-07  1.3567125e-07  -1.0855238e-05  -4.3091506e-07  -3.5010736e-06  -6.5394694e-08  
-3.0265747e-07  0.0000000   -6.4941108e-06  -9.2794140e-08  3.6218784e-07  -2.3701039e-05  -0.00016286621  -2.7007151e-06  1.3520973e-05  -3.9846227e-07  9.3614071e-06  -3.0265747e-07  0.0000000   -6.4941108e-06  -9.2794140e-08  3.6218784e-07  -2.3701039e-05  -0.00016286621  -2.7007151e-06  1.3520973e-05  -3.9846227e-07  9.3614071e-06  
3.1917638e-06  6.4941108e-06  0.0000000   -1.4359934e-06  3.8033376e-06  4.8062468e-05  4.9294955e-06  7.9477621e-07  -0.00011714768  -1.0489377e-07  -1.8319489e-05  3.1917638e-06  6.4941108e-06  0.0000000   -1.4359934e-06  3.8033376e-06  4.8062468e-05  4.9294955e-06  7.9477621e-07  -0.00011714768  -1.0489377e-07  -1.8319489e-05  
-0.00011148505  9.2794140e-08  1.4359934e-06  0.0000000   -0.00014032814  8.1712058e-07  1.6417758e-07  2.8193703e-05  -1.4075995e-06  -7.2130633e-05  2.3946070e-07  -0.00011148505  9.2794140e-08  1.4359934e-06  0.0000000   -0.00014032814  8.1712058e-07  1.6417758e-07  2.8193703e-05  -1.4075995e-06  -7.2130633e-05  2.3946070e-07  
3.5481417e-05  -3.6218784e-07  -3.8033376e-06  0.00014032814  0.0000000   4.1625415e-07  -1.6930482e-06  8.8236599e-05  3.3985893e-06  -0.00018866002  2.7975073e-07  3.5481417e-05  -3.6218784e-07  -3.8033376e-06  0.00014032814  0.0000000   4.1625415e-07  -1.6930482e-06  8.8236599e-05  3.3985893e-06  -0.00018866002  2.7975073e-07  
-3.8121854e-07  2.3701039e-05  -4.8062468e-05  -8.1712058e-07  -4.1625415e-07  0.0000000   0.00015039623  2.8108120e-06  -1.6708507e-05  8.6180214e-08  9.7672244e-06  -3.8121854e-07  2.3701039e-05  -4.8062468e-05  -8.1712058e-07  -4.1625415e-07  0.0000000   0.00015039623  2.8108120e-06  -1.6708507e-05  8.6180214e-08  9.7672244e-06  
-1.3567125e-07  0.00016286621  -4.9294955e-06  -1.6417758e-07  1.6930482e-06  -0.00015039623  0.0000000   1.5573629e-06  -1.3513440e-05  1.9012075e-07  -1.3033233e-05  -1.3567125e-07  0.00016286621  -4.9294955e-06  -1.6417758e-07  1.6930482e-06  -0.00015039623  0.0000000   1.5573629e-06  -1.3513440e-05  1.9012075e-07  -1.3033233e-05  
1.0855238e-05  2.7007151e-06  -7.9477621e-07  -2.8193703e-05  -8.8236599e-05  -2.8108120e-06  -1.5573629e-06  0.0000000   -1.2050428e-06  -1.2220820e-05  5.7765509e-07  1.0855238e-05  2.7007151e-06  -7.9477621e-07  -2.8193703e-05  -8.8236599e-05  -2.8108120e-06  -1.5573629e-06  0.0000000   -1.2050428e-06  -1.2220820e-05  5.7765509e-07  
4.3091506e-07  -1.3520973e-05  0.00011714768  1.4075995e-06  -3.3985893e-06  1.6708507e-05  1.3513440e-05  1.2050428e-06  0.0000000   -9.1333549e-07  -0.00024943147  4.3091506e-07  -1.3520973e-05  0.00011714768  1.4075995e-06  -3.3985893e-06  1.6708507e-05  1.3513440e-05  1.2050428e-06  0.0000000   -9.1333549e-07  -0.00024943147  
3.5010736e-06  3.9846227e-07  1.0489377e-07  7.2130633e-05  0.00018866002  -8.6180214e-08  -1.9012075e-07  1.2220820e-05  9.1333549e-07  0.0000000   -3.6183348e-06  3.5010736e-06  3.9846227e-07  1.0489377e-07  7.2130633e-05  0.00018866002  -8.6180214e-08  -1.9012075e-07  1.2220820e-05  9.1333549e-07  0.0000000   -3.6183348e-06  
6.5394694e-08  -9.3614071e-06  1.8319489e-05  -2.3946070e-07  -2.7975073e-07  -9.7672244e-06  1.3033233e-05  -5.7765509e-07  0.00024943147  3.6183348e-06  0.0000000   6.5394694e-08  -9.3614071e-06  1.8319489e-05  -2.3946070e-07  -2.7975073e-07  -9.7672244e-06  1.3033233e-05  -5.7765509e-07  0.00024943147  3.6183348e-06  0.0000000   
