1.0000000   -5.4816754e-16  -3.1977611e-18  -2.0622203e-16  2.2139631e-16  2.1572302e-16  6.1351596e-17  -3.6281214e-16  1.6105400e-16  -8.3372924e-18  -9.0771227e-17  1.0000000   -5.4816754e-16  -3.1977611e-18  -2.0622203e-16  2.2139631e-16  2.1572302e-16  6.1351596e-17  -3.6281214e-16  1.6105400e-16  -8.3372924e-18  -9.0771227e-17  
-5.4816754e-16  1.0000000   -2.2328890e-16  -1.7549845e-16  -5.1055514e-16  6.4463274e-16  2.0107466e-16  -1.6681689e-16  -7.7362113e-17  1.5907692e-16  -5.3294805e-16  -5.4816754e-16  1.0000000   -2.2328890e-16  -1.7549845e-16  -5.1055514e-16  6.4463274e-16  2.0107466e-16  -1.6681689e-16  -7.7362113e-17  1.5907692e-16  -5.3294805e-16  
-3.1977611e-18  -2.2328890e-16  1.0000000   -1.0199801e-16  -1.8580382e-16  -1.2883554e-16  3.4532187e-16  7.6599836e-18  -5.3954238e-17  3.3418089e-16  1.6866025e-16  -3.1977611e-18  -2.2328890e-16  1.0000000   -1.0199801e-16  -1.8580382e-16  -1.2883554e-16  3.4532187e-16  7.6599836e-18  -5.3954238e-17  3.3418089e-16  1.6866025e-16  
-2.0622203e-16  -1.7549845e-16  -1.0199801e-16  1.0000000   -4.2628182e-16  -2.5061047e-16  -1.7428073e-17  8.5491141e-17  -8.8239816e-17  1.6840164e-16  8.4189061e-16  -2.0622203e-16  -1.7549845e-16  -1.0199801e-16  1.0000000   -4.2628182e-16  -2.5061047e-16  -1.7428073e-17  8.5491141e-17  -8.8239816e-17  1.6840164e-16  8.4189061e-16  
2.2139631e-16  -5.1055514e-16  -1.8580382e-16  -4.2628182e-16  1.0000000   -9.4569476e-16  -1.3525329e-17  -1.4410450e-16  -3.8680681e-16  -6.6991095e-17  -1.7743239e-16  2.2139631e-16  -5.1055514e-16  -1.8580382e-16  -4.2628182e-16  1.0000000   -9.4569476e-16  -1.3525329e-17  -1.4410450e-16  -3.8680681e-16  -6.6991095e-17  -1.7743239e-16  
2.1572302e-16  6.4463274e-16  -1.2883554e-16  -2.5061047e-16  -9.4569476e-16  1.0000000   8.8676742e-16  2.4980525e-16  4.4195303e-16  9.1957786e-17  -6.0992986e-17  2.1572302e-16  6.4463274e-16  -1.2883554e-16  -2.5061047e-16  -9.4569476e-16  1.0000000   8.8676742e-16  2.4980525e-16  4.4195303e-16  9.1957786e-17  -6.0992986e-17  
6.1351596e-17  2.0107466e-16  3.4532187e-16  -1.7428073e-17  -1.3525329e-17  8.8676742e-16  1.0000000   1.6341516e-16  -1.6760559e-17  1.2496145e-17  -9.2514275e-17  6.1351596e-17  2.0107466e-16  3.4532187e-16  -1.7428073e-17  -1.3525329e-17  8.8676742e-16  1.0000000   1.6341516e-16  -1.6760559e-17  1.2496145e-17  -9.2514275e-17  
-3.6281214e-16  -1.6681689e-16  7.6599836e-18  8.5491141e-17  -1.4410450e-16  2.4980525e-16  1.6341516e-16  1.0000000   5.5379530e-17  7.2638171e-17  2.8558182e-16  -3.6281214e-16  -1.6681689e-16  7.6599836e-18  8.5491141e-17  -1.4410450e-16  2.4980525e-16  1.6341516e-16  1.0000000   5.5379530e-17  7.2638171e-17  2.8558182e-16  
1.6105400e-16  -7.7362113e-17  -5.3954238e-17  -8.8239816e-17  -3.8680681e-16  4.4195303e-16  -1.6760559e-17  5.5379530e-17  1.0000000   1.0265552e-16  1.0295869e-16  1.6105400e-16  -7.7362113e-17  -5.3954238e-17  -8.8239816e-17  -3.8680681e-16  4.4195303e-16  -1.6760559e-17  5.5379530e-17  1.0000000   1.0265552e-16  1.0295869e-16  
-8.3372924e-18  1.5907692e-16  3.3418089e-16  1.6840164e-16  -6.6991095e-17  9.1957786e-17  1.2496145e-17  7.2638171e-17  1.0265552e-16  1.0000000   2.8278499e-17  -8.3372924e-18  1.5907692e-16  3.3418089e-16  1.6840164e-16  -6.6991095e-17  9.1957786e-17  1.2496145e-17  7.2638171e-17  1.0265552e-16  1.0000000   2.8278499e-17  
-9.0771227e-17  -5.3294805e-16  1.6866025e-16  8.4189061e-16  -1.7743239e-16  -6.0992986e-17  -9.2514275e-17  2.8558182e-16  1.0295869e-16  2.8278499e-17  1.0000000   -9.0771227e-17  -5.3294805e-16  1.6866025e-16  8.4189061e-16  -1.7743239e-16  -6.0992986e-17  -9.2514275e-17  2.8558182e-16  1.0295869e-16  2.8278499e-17  1.0000000   
1.0000000   -5.4816754e-16  -3.1977611e-18  -2.0622203e-16  2.2139631e-16  2.1572302e-16  6.1351596e-17  -3.6281214e-16  1.6105400e-16  -8.3372924e-18  -9.0771227e-17  1.0000000   -5.4816754e-16  -3.1977611e-18  -2.0622203e-16  2.2139631e-16  2.1572302e-16  6.1351596e-17  -3.6281214e-16  1.6105400e-16  -8.3372924e-18  -9.0771227e-17  
-5.4816754e-16  1.0000000   -2.2328890e-16  -1.7549845e-16  -5.1055514e-16  6.4463274e-16  2.0107466e-16  -1.6681689e-16  -7.7362113e-17  1.5907692e-16  -5.3294805e-16  -5.4816754e-16  1.0000000   -2.2328890e-16  -1.7549845e-16  -5.1055514e-16  6.4463274e-16  2.0107466e-16  -1.6681689e-16  -7.7362113e-17  1.5907692e-16  -5.3294805e-16  
-3.1977611e-18  -2.2328890e-16  1.0000000   -1.0199801e-16  -1.8580382e-16  -1.2883554e-16  3.4532187e-16  7.6599836e-18  -5.3954238e-17  3.3418089e-16  1.6866025e-16  -3.1977611e-18  -2.2328890e-16  1.0000000   -1.0199801e-16  -1.8580382e-16  -1.2883554e-16  3.4532187e-16  7.6599836e-18  -5.3954238e-17  3.3418089e-16  1.6866025e-16  
-2.0622203e-16  -1.7549845e-16  -1.0199801e-16  1.0000000   -4.2628182e-16  -2.5061047e-16  -1.7428073e-17  8.5491141e-17  -8.8239816e-17  1.6840164e-16  8.4189061e-16  -2.0622203e-16  -1.7549845e-16  -1.0199801e-16  1.0000000   -4.2628182e-16  -2.5061047e-16  -1.7428073e-17  8.5491141e-17  -8.8239816e-17  1.6840164e-16  8.4189061e-16  
2.2139631e-16  -5.1055514e-16  -1.8580382e-16  -4.2628182e-16  1.0000000   -9.4569476e-16  -1.3525329e-17  -1.4410450e-16  -3.8680681e-16  -6.6991095e-17  -1.7743239e-16  2.2139631e-16  -5.1055514e-16  -1.8580382e-16  -4.2628182e-16  1.0000000   -9.4569476e-16  -1.3525329e-17  -1.4410450e-16  -3.8680681e-16  -6.6991095e-17  -1.7743239e-16  
2.1572302e-16  6.4463274e-16  -1.2883554e-16  -2.5061047e-16  -9.4569476e-16  1.0000000   8.8676742e-16  2.4980525e-16  4.4195303e-16  9.1957786e-17  -6.0992986e-17  2.1572302e-16  6.4463274e-16  -1.2883554e-16  -2.5061047e-16  -9.4569476e-16  1.0000000   8.8676742e-16  2.4980525e-16  4.4195303e-16  9.1957786e-17  -6.0992986e-17  
6.1351596e-17  2.0107466e-16  3.4532187e-16  -1.7428073e-17  -1.3525329e-17  8.8676742e-16  1.0000000   1.6341516e-16  -1.6760559e-17  1.2496145e-17  -9.2514275e-17  6.1351596e-17  2.0107466e-16  3.4532187e-16  -1.7428073e-17  -1.3525329e-17  8.8676742e-16  1.0000000   1.6341516e-16  -1.6760559e-17  1.2496145e-17  -9.2514275e-17  
-3.6281214e-16  -1.6681689e-16  7.6599836e-18  8.5491141e-17  -1.4410450e-16  2.4980525e-16  1.6341516e-16  1.0000000   5.5379530e-17  7.2638171e-17  2.8558182e-16  -3.6281214e-16  -1.6681689e-16  7.6599836e-18  8.5491141e-17  -1.4410450e-16  2.4980525e-16  1.6341516e-16  1.0000000   5.5379530e-17  7.2638171e-17  2.8558182e-16  
1.6105400e-16  -7.7362113e-17  -5.3954238e-17  -8.8239816e-17  -3.8680681e-16  4.4195303e-16  -1.6760559e-17  5.5379530e-17  1.0000000   1.0265552e-16  1.0295869e-16  1.6105400e-16  -7.7362113e-17  -5.3954238e-17  -8.8239816e-17  -3.8680681e-16  4.4195303e-16  -1.6760559e-17  5.5379530e-17  1.0000000   1.0265552e-16  1.0295869e-16  
-8.3372924e-18  1.5907692e-16  3.3418089e-16  1.6840164e-16  -6.6991095e-17  9.1957786e-17  1.2496145e-17  7.2638171e-17  1.0265552e-16  1.0000000   2.8278499e-17  -8.3372924e-18  1.5907692e-16  3.3418089e-16  1.6840164e-16  -6.6991095e-17  9.1957786e-17  1.2496145e-17  7.2638171e-17  1.0265552e-16  1.0000000   2.8278499e-17  
-9.0771227e-17  -5.3294805e-16  1.6866025e-16  8.4189061e-16  -1.7743239e-16  -6.0992986e-17  -9.2514275e-17  2.8558182e-16  1.0295869e-16  2.8278499e-17  1.0000000   -9.0771227e-17  -5.3294805e-16  1.6866025e-16  8.4189061e-16  -1.7743239e-16  -6.0992986e-17  -9.2514275e-17  2.8558182e-16  1.0295869e-16  2.8278499e-17  1.0000000   
