1.0000000   2.9905684e-16  1.9267247e-17  1.8742806e-16  -3.0778933e-16  -4.1558401e-16  2.3560623e-17  4.2600097e-16  9.6040169e-18  1.5006711e-18  -5.9950451e-17  1.0000000   2.9905684e-16  1.9267247e-17  1.8742806e-16  -3.0778933e-16  -4.1558401e-16  2.3560623e-17  4.2600097e-16  9.6040169e-18  1.5006711e-18  -5.9950451e-17  
2.9905684e-16  1.0000000   -7.2792127e-16  -3.4109339e-16  -2.8767060e-16  -8.6310921e-16  2.2847753e-16  -1.5592470e-16  3.5601415e-16  3.5664875e-16  -2.9431939e-16  2.9905684e-16  1.0000000   -7.2792127e-16  -3.4109339e-16  -2.8767060e-16  -8.6310921e-16  2.2847753e-16  -1.5592470e-16  3.5601415e-16  3.5664875e-16  -2.9431939e-16  
1.9267247e-17  -7.2792127e-16  1.0000000   2.2628866e-16  -7.8629195e-17  2.1633523e-16  -2.3128424e-16  -2.3242103e-17  3.1294419e-16  -2.7385059e-16  3.5132243e-16  1.9267247e-17  -7.2792127e-16  1.0000000   2.2628866e-16  -7.8629195e-17  2.1633523e-16  -2.3128424e-16  -2.3242103e-17  3.1294419e-16  -2.7385059e-16  3.5132243e-16  
1.8742806e-16  -3.4109339e-16  2.2628866e-16  1.0000000   1.3910822e-17  3.4215854e-16  1.4190307e-16  -4.0001733e-16  -7.5153389e-17  -1.1066448e-16  -2.3973404e-16  1.8742806e-16  -3.4109339e-16  2.2628866e-16  1.0000000   1.3910822e-17  3.4215854e-16  1.4190307e-16  -4.0001733e-16  -7.5153389e-17  -1.1066448e-16  -2.3973404e-16  
-3.0778933e-16  -2.8767060e-16  -7.8629195e-17  1.3910822e-17  1.0000000   6.5824942e-17  6.2601568e-16  -1.6026556e-16  -6.4169760e-18  2.4444640e-17  -6.3239475e-16  -3.0778933e-16  -2.8767060e-16  -7.8629195e-17  1.3910822e-17  1.0000000   6.5824942e-17  6.2601568e-16  -1.6026556e-16  -6.4169760e-18  2.4444640e-17  -6.3239475e-16  
-4.1558401e-16  -8.6310921e-16  2.1633523e-16  3.4215854e-16  6.5824942e-17  1.0000000   -2.5119651e-16  5.0441881e-16  1.2668384e-16  1.6211481e-16  2.2996929e-16  -4.1558401e-16  -8.6310921e-16  2.1633523e-16  3.4215854e-16  6.5824942e-17  1.0000000   -2.5119651e-16  5.0441881e-16  1.2668384e-16  1.6211481e-16  2.2996929e-16  
2.3560623e-17  2.2847753e-16  -2.3128424e-16  1.4190307e-16  6.2601568e-16  -2.5119651e-16  1.0000000   1.0595207e-15  4.0610241e-17  9.6946356e-17  -3.5865787e-16  2.3560623e-17  2.2847753e-16  -2.3128424e-16  1.4190307e-16  6.2601568e-16  -2.5119651e-16  1.0000000   1.0595207e-15  4.0610241e-17  9.6946356e-17  -3.5865787e-16  
4.2600097e-16  -1.5592470e-16  -2.3242103e-17  -4.0001733e-16  -1.6026556e-16  5.0441881e-16  1.0595207e-15  1.0000000   1.7341243e-17  4.9066930e-17  -7.2061976e-17  4.2600097e-16  -1.5592470e-16  -2.3242103e-17  -4.0001733e-16  -1.6026556e-16  5.0441881e-16  1.0595207e-15  1.0000000   1.7341243e-17  4.9066930e-17  -7.2061976e-17  
9.6040169e-18  3.5601415e-16  3.1294419e-16  -7.5153389e-17  -6.4169760e-18  1.2668384e-16  4.0610241e-17  1.7341243e-17  1.0000000   9.9939284e-16  -5.0541006e-17  9.6040169e-18  3.5601415e-16  3.1294419e-16  -7.5153389e-17  -6.4169760e-18  1.2668384e-16  4.0610241e-17  1.7341243e-17  1.0000000   9.9939284e-16  -5.0541006e-17  
1.5006711e-18  3.5664875e-16  -2.7385059e-16  -1.1066448e-16  2.4444640e-17  1.6211481e-16  9.6946356e-17  4.9066930e-17  9.9939284e-16  1.0000000   -2.4693206e-16  1.5006711e-18  3.5664875e-16  -2.7385059e-16  -1.1066448e-16  2.4444640e-17  1.6211481e-16  9.6946356e-17  4.9066930e-17  9.9939284e-16  1.0000000   -2.4693206e-16  
-5.9950451e-17  -2.9431939e-16  3.5132243e-16  -2.3973404e-16  -6.3239475e-16  2.2996929e-16  -3.5865787e-16  -7.2061976e-17  -5.0541006e-17  -2.4693206e-16  1.0000000   -5.9950451e-17  -2.9431939e-16  3.5132243e-16  -2.3973404e-16  -6.3239475e-16  2.2996929e-16  -3.5865787e-16  -7.2061976e-17  -5.0541006e-17  -2.4693206e-16  1.0000000   
1.0000000   2.9905684e-16  1.9267247e-17  1.8742806e-16  -3.0778933e-16  -4.1558401e-16  2.3560623e-17  4.2600097e-16  9.6040169e-18  1.5006711e-18  -5.9950451e-17  1.0000000   2.9905684e-16  1.9267247e-17  1.8742806e-16  -3.0778933e-16  -4.1558401e-16  2.3560623e-17  4.2600097e-16  9.6040169e-18  1.5006711e-18  -5.9950451e-17  
2.9905684e-16  1.0000000   -7.2792127e-16  -3.4109339e-16  -2.8767060e-16  -8.6310921e-16  2.2847753e-16  -1.5592470e-16  3.5601415e-16  3.5664875e-16  -2.9431939e-16  2.9905684e-16  1.0000000   -7.2792127e-16  -3.4109339e-16  -2.8767060e-16  -8.6310921e-16  2.2847753e-16  -1.5592470e-16  3.5601415e-16  3.5664875e-16  -2.9431939e-16  
1.9267247e-17  -7.2792127e-16  1.0000000   2.2628866e-16  -7.8629195e-17  2.1633523e-16  -2.3128424e-16  -2.3242103e-17  3.1294419e-16  -2.7385059e-16  3.5132243e-16  1.9267247e-17  -7.2792127e-16  1.0000000   2.2628866e-16  -7.8629195e-17  2.1633523e-16  -2.3128424e-16  -2.3242103e-17  3.1294419e-16  -2.7385059e-16  3.5132243e-16  
1.8742806e-16  -3.4109339e-16  2.2628866e-16  1.0000000   1.3910822e-17  3.4215854e-16  1.4190307e-16  -4.0001733e-16  -7.5153389e-17  -1.1066448e-16  -2.3973404e-16  1.8742806e-16  -3.4109339e-16  2.2628866e-16  1.0000000   1.3910822e-17  3.4215854e-16  1.4190307e-16  -4.0001733e-16  -7.5153389e-17  -1.1066448e-16  -2.3973404e-16  
-3.0778933e-16  -2.8767060e-16  -7.8629195e-17  1.3910822e-17  1.0000000   6.5824942e-17  6.2601568e-16  -1.6026556e-16  -6.4169760e-18  2.4444640e-17  -6.3239475e-16  -3.0778933e-16  -2.8767060e-16  -7.8629195e-17  1.3910822e-17  1.0000000   6.5824942e-17  6.2601568e-16  -1.6026556e-16  -6.4169760e-18  2.4444640e-17  -6.3239475e-16  
-4.1558401e-16  -8.6310921e-16  2.1633523e-16  3.4215854e-16  6.5824942e-17  1.0000000   -2.5119651e-16  5.0441881e-16  1.2668384e-16  1.6211481e-16  2.2996929e-16  -4.1558401e-16  -8.6310921e-16  2.1633523e-16  3.4215854e-16  6.5824942e-17  1.0000000   -2.5119651e-16  5.0441881e-16  1.2668384e-16  1.6211481e-16  2.2996929e-16  
2.3560623e-17  2.2847753e-16  -2.3128424e-16  1.4190307e-16  6.2601568e-16  -2.5119651e-16  1.0000000   1.0595207e-15  4.0610241e-17  9.6946356e-17  -3.5865787e-16  2.3560623e-17  2.2847753e-16  -2.3128424e-16  1.4190307e-16  6.2601568e-16  -2.5119651e-16  1.0000000   1.0595207e-15  4.0610241e-17  9.6946356e-17  -3.5865787e-16  
4.2600097e-16  -1.5592470e-16  -2.3242103e-17  -4.0001733e-16  -1.6026556e-16  5.0441881e-16  1.0595207e-15  1.0000000   1.7341243e-17  4.9066930e-17  -7.2061976e-17  4.2600097e-16  -1.5592470e-16  -2.3242103e-17  -4.0001733e-16  -1.6026556e-16  5.0441881e-16  1.0595207e-15  1.0000000   1.7341243e-17  4.9066930e-17  -7.2061976e-17  
9.6040169e-18  3.5601415e-16  3.1294419e-16  -7.5153389e-17  -6.4169760e-18  1.2668384e-16  4.0610241e-17  1.7341243e-17  1.0000000   9.9939284e-16  -5.0541006e-17  9.6040169e-18  3.5601415e-16  3.1294419e-16  -7.5153389e-17  -6.4169760e-18  1.2668384e-16  4.0610241e-17  1.7341243e-17  1.0000000   9.9939284e-16  -5.0541006e-17  
1.5006711e-18  3.5664875e-16  -2.7385059e-16  -1.1066448e-16  2.4444640e-17  1.6211481e-16  9.6946356e-17  4.9066930e-17  9.9939284e-16  1.0000000   -2.4693206e-16  1.5006711e-18  3.5664875e-16  -2.7385059e-16  -1.1066448e-16  2.4444640e-17  1.6211481e-16  9.6946356e-17  4.9066930e-17  9.9939284e-16  1.0000000   -2.4693206e-16  
-5.9950451e-17  -2.9431939e-16  3.5132243e-16  -2.3973404e-16  -6.3239475e-16  2.2996929e-16  -3.5865787e-16  -7.2061976e-17  -5.0541006e-17  -2.4693206e-16  1.0000000   -5.9950451e-17  -2.9431939e-16  3.5132243e-16  -2.3973404e-16  -6.3239475e-16  2.2996929e-16  -3.5865787e-16  -7.2061976e-17  -5.0541006e-17  -2.4693206e-16  1.0000000   
