1.0000000   2.9119299e-16  2.1378773e-16  2.2751728e-17  2.2144416e-16  -5.1866411e-16  -1.0856718e-15  8.1586002e-17  3.1758442e-18  -5.6396195e-17  2.8112049e-16  1.0000000   2.9119299e-16  2.1378773e-16  2.2751728e-17  2.2144416e-16  -5.1866411e-16  -1.0856718e-15  8.1586002e-17  3.1758442e-18  -5.6396195e-17  2.8112049e-16  
2.9119299e-16  1.0000000   1.1104602e-16  3.2063119e-16  -2.9987105e-16  -8.7133093e-16  8.6567953e-16  1.0475235e-16  -6.4351507e-16  4.0528409e-18  5.0993077e-17  2.9119299e-16  1.0000000   1.1104602e-16  3.2063119e-16  -2.9987105e-16  -8.7133093e-16  8.6567953e-16  1.0475235e-16  -6.4351507e-16  4.0528409e-18  5.0993077e-17  
2.1378773e-16  1.1104602e-16  1.0000000   3.4034377e-16  7.3667048e-16  2.2905973e-16  3.0547057e-16  3.6009340e-16  1.1329764e-16  -9.2276510e-17  -1.6213769e-15  2.1378773e-16  1.1104602e-16  1.0000000   3.4034377e-16  7.3667048e-16  2.2905973e-16  3.0547057e-16  3.6009340e-16  1.1329764e-16  -9.2276510e-17  -1.6213769e-15  
2.2751728e-17  3.2063119e-16  3.4034377e-16  1.0000000   -4.7784194e-16  -1.3741797e-16  2.3564202e-16  3.2069067e-16  2.0125561e-16  1.9866189e-16  -1.5720752e-16  2.2751728e-17  3.2063119e-16  3.4034377e-16  1.0000000   -4.7784194e-16  -1.3741797e-16  2.3564202e-16  3.2069067e-16  2.0125561e-16  1.9866189e-16  -1.5720752e-16  
2.2144416e-16  -2.9987105e-16  7.3667048e-16  -4.7784194e-16  1.0000000   -2.0525795e-16  -1.6848925e-16  7.9813880e-16  -9.0348478e-17  3.6145397e-16  1.1082893e-15  2.2144416e-16  -2.9987105e-16  7.3667048e-16  -4.7784194e-16  1.0000000   -2.0525795e-16  -1.6848925e-16  7.9813880e-16  -9.0348478e-17  3.6145397e-16  1.1082893e-15  
-5.1866411e-16  -8.7133093e-16  2.2905973e-16  -1.3741797e-16  -2.0525795e-16  1.0000000   9.7452221e-16  -1.4808378e-16  3.0849999e-18  7.5207531e-16  1.5450940e-17  -5.1866411e-16  -8.7133093e-16  2.2905973e-16  -1.3741797e-16  -2.0525795e-16  1.0000000   9.7452221e-16  -1.4808378e-16  3.0849999e-18  7.5207531e-16  1.5450940e-17  
-1.0856718e-15  8.6567953e-16  3.0547057e-16  2.3564202e-16  -1.6848925e-16  9.7452221e-16  1.0000000   -2.6138653e-16  -6.1433817e-17  -3.4243509e-16  -2.6500125e-16  -1.0856718e-15  8.6567953e-16  3.0547057e-16  2.3564202e-16  -1.6848925e-16  9.7452221e-16  1.0000000   -2.6138653e-16  -6.1433817e-17  -3.4243509e-16  -2.6500125e-16  
8.1586002e-17  1.0475235e-16  3.6009340e-16  3.2069067e-16  7.9813880e-16  -1.4808378e-16  -2.6138653e-16  1.0000000   -5.9934427e-17  -3.1662151e-17  -2.5352858e-16  8.1586002e-17  1.0475235e-16  3.6009340e-16  3.2069067e-16  7.9813880e-16  -1.4808378e-16  -2.6138653e-16  1.0000000   -5.9934427e-17  -3.1662151e-17  -2.5352858e-16  
3.1758442e-18  -6.4351507e-16  1.1329764e-16  2.0125561e-16  -9.0348478e-17  3.0849999e-18  -6.1433817e-17  -5.9934427e-17  1.0000000   1.4963451e-16  -1.3077625e-16  3.1758442e-18  -6.4351507e-16  1.1329764e-16  2.0125561e-16  -9.0348478e-17  3.0849999e-18  -6.1433817e-17  -5.9934427e-17  1.0000000   1.4963451e-16  -1.3077625e-16  
-5.6396195e-17  4.0528409e-18  -9.2276510e-17  1.9866189e-16  3.6145397e-16  7.5207531e-16  -3.4243509e-16  -3.1662151e-17  1.4963451e-16  1.0000000   6.8296372e-17  -5.6396195e-17  4.0528409e-18  -9.2276510e-17  1.9866189e-16  3.6145397e-16  7.5207531e-16  -3.4243509e-16  -3.1662151e-17  1.4963451e-16  1.0000000   6.8296372e-17  
2.8112049e-16  5.0993077e-17  -1.6213769e-15  -1.5720752e-16  1.1082893e-15  1.5450940e-17  -2.6500125e-16  -2.5352858e-16  -1.3077625e-16  6.8296372e-17  1.0000000   2.8112049e-16  5.0993077e-17  -1.6213769e-15  -1.5720752e-16  1.1082893e-15  1.5450940e-17  -2.6500125e-16  -2.5352858e-16  -1.3077625e-16  6.8296372e-17  1.0000000   
1.0000000   2.9119299e-16  2.1378773e-16  2.2751728e-17  2.2144416e-16  -5.1866411e-16  -1.0856718e-15  8.1586002e-17  3.1758442e-18  -5.6396195e-17  2.8112049e-16  1.0000000   2.9119299e-16  2.1378773e-16  2.2751728e-17  2.2144416e-16  -5.1866411e-16  -1.0856718e-15  8.1586002e-17  3.1758442e-18  -5.6396195e-17  2.8112049e-16  
2.9119299e-16  1.0000000   1.1104602e-16  3.2063119e-16  -2.9987105e-16  -8.7133093e-16  8.6567953e-16  1.0475235e-16  -6.4351507e-16  4.0528409e-18  5.0993077e-17  2.9119299e-16  1.0000000   1.1104602e-16  3.2063119e-16  -2.9987105e-16  -8.7133093e-16  8.6567953e-16  1.0475235e-16  -6.4351507e-16  4.0528409e-18  5.0993077e-17  
2.1378773e-16  1.1104602e-16  1.0000000   3.4034377e-16  7.3667048e-16  2.2905973e-16  3.0547057e-16  3.6009340e-16  1.1329764e-16  -9.2276510e-17  -1.6213769e-15  2.1378773e-16  1.1104602e-16  1.0000000   3.4034377e-16  7.3667048e-16  2.2905973e-16  3.0547057e-16  3.6009340e-16  1.1329764e-16  -9.2276510e-17  -1.6213769e-15  
2.2751728e-17  3.2063119e-16  3.4034377e-16  1.0000000   -4.7784194e-16  -1.3741797e-16  2.3564202e-16  3.2069067e-16  2.0125561e-16  1.9866189e-16  -1.5720752e-16  2.2751728e-17  3.2063119e-16  3.4034377e-16  1.0000000   -4.7784194e-16  -1.3741797e-16  2.3564202e-16  3.2069067e-16  2.0125561e-16  1.9866189e-16  -1.5720752e-16  
2.2144416e-16  -2.9987105e-16  7.3667048e-16  -4.7784194e-16  1.0000000   -2.0525795e-16  -1.6848925e-16  7.9813880e-16  -9.0348478e-17  3.6145397e-16  1.1082893e-15  2.2144416e-16  -2.9987105e-16  7.3667048e-16  -4.7784194e-16  1.0000000   -2.0525795e-16  -1.6848925e-16  7.9813880e-16  -9.0348478e-17  3.6145397e-16  1.1082893e-15  
-5.1866411e-16  -8.7133093e-16  2.2905973e-16  -1.3741797e-16  -2.0525795e-16  1.0000000   9.7452221e-16  -1.4808378e-16  3.0849999e-18  7.5207531e-16  1.5450940e-17  -5.1866411e-16  -8.7133093e-16  2.2905973e-16  -1.3741797e-16  -2.0525795e-16  1.0000000   9.7452221e-16  -1.4808378e-16  3.0849999e-18  7.5207531e-16  1.5450940e-17  
-1.0856718e-15  8.6567953e-16  3.0547057e-16  2.3564202e-16  -1.6848925e-16  9.7452221e-16  1.0000000   -2.6138653e-16  -6.1433817e-17  -3.4243509e-16  -2.6500125e-16  -1.0856718e-15  8.6567953e-16  3.0547057e-16  2.3564202e-16  -1.6848925e-16  9.7452221e-16  1.0000000   -2.6138653e-16  -6.1433817e-17  -3.4243509e-16  -2.6500125e-16  
8.1586002e-17  1.0475235e-16  3.6009340e-16  3.2069067e-16  7.9813880e-16  -1.4808378e-16  -2.6138653e-16  1.0000000   -5.9934427e-17  -3.1662151e-17  -2.5352858e-16  8.1586002e-17  1.0475235e-16  3.6009340e-16  3.2069067e-16  7.9813880e-16  -1.4808378e-16  -2.6138653e-16  1.0000000   -5.9934427e-17  -3.1662151e-17  -2.5352858e-16  
3.1758442e-18  -6.4351507e-16  1.1329764e-16  2.0125561e-16  -9.0348478e-17  3.0849999e-18  -6.1433817e-17  -5.9934427e-17  1.0000000   1.4963451e-16  -1.3077625e-16  3.1758442e-18  -6.4351507e-16  1.1329764e-16  2.0125561e-16  -9.0348478e-17  3.0849999e-18  -6.1433817e-17  -5.9934427e-17  1.0000000   1.4963451e-16  -1.3077625e-16  
-5.6396195e-17  4.0528409e-18  -9.2276510e-17  1.9866189e-16  3.6145397e-16  7.5207531e-16  -3.4243509e-16  -3.1662151e-17  1.4963451e-16  1.0000000   6.8296372e-17  -5.6396195e-17  4.0528409e-18  -9.2276510e-17  1.9866189e-16  3.6145397e-16  7.5207531e-16  -3.4243509e-16  -3.1662151e-17  1.4963451e-16  1.0000000   6.8296372e-17  
2.8112049e-16  5.0993077e-17  -1.6213769e-15  -1.5720752e-16  1.1082893e-15  1.5450940e-17  -2.6500125e-16  -2.5352858e-16  -1.3077625e-16  6.8296372e-17  1.0000000   2.8112049e-16  5.0993077e-17  -1.6213769e-15  -1.5720752e-16  1.1082893e-15  1.5450940e-17  -2.6500125e-16  -2.5352858e-16  -1.3077625e-16  6.8296372e-17  1.0000000   
