1.0000000   2.2365397e-16  2.1861243e-16  -4.4423532e-16  1.8225780e-16  6.7741253e-16  3.9496384e-16  2.3412361e-16  -1.1964912e-16  6.0142712e-16  -8.9321530e-17  1.0000000   2.2365397e-16  2.1861243e-16  -4.4423532e-16  1.8225780e-16  6.7741253e-16  3.9496384e-16  2.3412361e-16  -1.1964912e-16  6.0142712e-16  -8.9321530e-17  
2.2365397e-16  1.0000000   -2.7429976e-16  4.4188692e-16  9.1065994e-17  -1.1654326e-17  -6.4776675e-16  -3.7847761e-17  4.9908685e-16  2.0763297e-16  3.1900193e-16  2.2365397e-16  1.0000000   -2.7429976e-16  4.4188692e-16  9.1065994e-17  -1.1654326e-17  -6.4776675e-16  -3.7847761e-17  4.9908685e-16  2.0763297e-16  3.1900193e-16  
2.1861243e-16  -2.7429976e-16  1.0000000   -2.3409450e-17  4.2962152e-16  7.4470078e-18  9.6228025e-17  7.9780022e-17  1.8784417e-16  -4.3553195e-16  6.0964942e-16  2.1861243e-16  -2.7429976e-16  1.0000000   -2.3409450e-17  4.2962152e-16  7.4470078e-18  9.6228025e-17  7.9780022e-17  1.8784417e-16  -4.3553195e-16  6.0964942e-16  
-4.4423532e-16  4.4188692e-16  -2.3409450e-17  1.0000000   6.3153984e-16  3.5027949e-17  4.2586381e-16  2.1112177e-17  -6.8406063e-16  3.5418605e-16  -1.3025456e-16  -4.4423532e-16  4.4188692e-16  -2.3409450e-17  1.0000000   6.3153984e-16  3.5027949e-17  4.2586381e-16  2.1112177e-17  -6.8406063e-16  3.5418605e-16  -1.3025456e-16  
1.8225780e-16  9.1065994e-17  4.2962152e-16  6.3153984e-16  1.0000000   -1.8001258e-16  -1.1148133e-16  5.1985802e-16  2.2031414e-16  -8.7826232e-17  2.8394722e-16  1.8225780e-16  9.1065994e-17  4.2962152e-16  6.3153984e-16  1.0000000   -1.8001258e-16  -1.1148133e-16  5.1985802e-16  2.2031414e-16  -8.7826232e-17  2.8394722e-16  
6.7741253e-16  -1.1654326e-17  7.4470078e-18  3.5027949e-17  -1.8001258e-16  1.0000000   3.1341519e-16  -5.6644229e-16  -2.9671432e-17  4.2950374e-17  4.5115340e-16  6.7741253e-16  -1.1654326e-17  7.4470078e-18  3.5027949e-17  -1.8001258e-16  1.0000000   3.1341519e-16  -5.6644229e-16  -2.9671432e-17  4.2950374e-17  4.5115340e-16  
3.9496384e-16  -6.4776675e-16  9.6228025e-17  4.2586381e-16  -1.1148133e-16  3.1341519e-16  1.0000000   -1.2329332e-17  -4.3402794e-16  -1.4996041e-16  -1.8787318e-16  3.9496384e-16  -6.4776675e-16  9.6228025e-17  4.2586381e-16  -1.1148133e-16  3.1341519e-16  1.0000000   -1.2329332e-17  -4.3402794e-16  -1.4996041e-16  -1.8787318e-16  
2.3412361e-16  -3.7847761e-17  7.9780022e-17  2.1112177e-17  5.1985802e-16  -5.6644229e-16  -1.2329332e-17  1.0000000   5.8673628e-17  -6.8693441e-17  -1.8179222e-16  2.3412361e-16  -3.7847761e-17  7.9780022e-17  2.1112177e-17  5.1985802e-16  -5.6644229e-16  -1.2329332e-17  1.0000000   5.8673628e-17  -6.8693441e-17  -1.8179222e-16  
-1.1964912e-16  4.9908685e-16  1.8784417e-16  -6.8406063e-16  2.2031414e-16  -2.9671432e-17  -4.3402794e-16  5.8673628e-17  1.0000000   5.9926353e-16  1.2272748e-16  -1.1964912e-16  4.9908685e-16  1.8784417e-16  -6.8406063e-16  2.2031414e-16  -2.9671432e-17  -4.3402794e-16  5.8673628e-17  1.0000000   5.9926353e-16  1.2272748e-16  
6.0142712e-16  2.0763297e-16  -4.3553195e-16  3.5418605e-16  -8.7826232e-17  4.2950374e-17  -1.4996041e-16  -6.8693441e-17  5.9926353e-16  1.0000000   5.5695328e-18  6.0142712e-16  2.0763297e-16  -4.3553195e-16  3.5418605e-16  -8.7826232e-17  4.2950374e-17  -1.4996041e-16  -6.8693441e-17  5.9926353e-16  1.0000000   5.5695328e-18  
-8.9321530e-17  3.1900193e-16  6.0964942e-16  -1.3025456e-16  2.8394722e-16  4.5115340e-16  -1.8787318e-16  -1.8179222e-16  1.2272748e-16  5.5695328e-18  1.0000000   -8.9321530e-17  3.1900193e-16  6.0964942e-16  -1.3025456e-16  2.8394722e-16  4.5115340e-16  -1.8787318e-16  -1.8179222e-16  1.2272748e-16  5.5695328e-18  1.0000000   
1.0000000   2.2365397e-16  2.1861243e-16  -4.4423532e-16  1.8225780e-16  6.7741253e-16  3.9496384e-16  2.3412361e-16  -1.1964912e-16  6.0142712e-16  -8.9321530e-17  1.0000000   2.2365397e-16  2.1861243e-16  -4.4423532e-16  1.8225780e-16  6.7741253e-16  3.9496384e-16  2.3412361e-16  -1.1964912e-16  6.0142712e-16  -8.9321530e-17  
2.2365397e-16  1.0000000   -2.7429976e-16  4.4188692e-16  9.1065994e-17  -1.1654326e-17  -6.4776675e-16  -3.7847761e-17  4.9908685e-16  2.0763297e-16  3.1900193e-16  2.2365397e-16  1.0000000   -2.7429976e-16  4.4188692e-16  9.1065994e-17  -1.1654326e-17  -6.4776675e-16  -3.7847761e-17  4.9908685e-16  2.0763297e-16  3.1900193e-16  
2.1861243e-16  -2.7429976e-16  1.0000000   -2.3409450e-17  4.2962152e-16  7.4470078e-18  9.6228025e-17  7.9780022e-17  1.8784417e-16  -4.3553195e-16  6.0964942e-16  2.1861243e-16  -2.7429976e-16  1.0000000   -2.3409450e-17  4.2962152e-16  7.4470078e-18  9.6228025e-17  7.9780022e-17  1.8784417e-16  -4.3553195e-16  6.0964942e-16  
-4.4423532e-16  4.4188692e-16  -2.3409450e-17  1.0000000   6.3153984e-16  3.5027949e-17  4.2586381e-16  2.1112177e-17  -6.8406063e-16  3.5418605e-16  -1.3025456e-16  -4.4423532e-16  4.4188692e-16  -2.3409450e-17  1.0000000   6.3153984e-16  3.5027949e-17  4.2586381e-16  2.1112177e-17  -6.8406063e-16  3.5418605e-16  -1.3025456e-16  
1.8225780e-16  9.1065994e-17  4.2962152e-16  6.3153984e-16  1.0000000   -1.8001258e-16  -1.1148133e-16  5.1985802e-16  2.2031414e-16  -8.7826232e-17  2.8394722e-16  1.8225780e-16  9.1065994e-17  4.2962152e-16  6.3153984e-16  1.0000000   -1.8001258e-16  -1.1148133e-16  5.1985802e-16  2.2031414e-16  -8.7826232e-17  2.8394722e-16  
6.7741253e-16  -1.1654326e-17  7.4470078e-18  3.5027949e-17  -1.8001258e-16  1.0000000   3.1341519e-16  -5.6644229e-16  -2.9671432e-17  4.2950374e-17  4.5115340e-16  6.7741253e-16  -1.1654326e-17  7.4470078e-18  3.5027949e-17  -1.8001258e-16  1.0000000   3.1341519e-16  -5.6644229e-16  -2.9671432e-17  4.2950374e-17  4.5115340e-16  
3.9496384e-16  -6.4776675e-16  9.6228025e-17  4.2586381e-16  -1.1148133e-16  3.1341519e-16  1.0000000   -1.2329332e-17  -4.3402794e-16  -1.4996041e-16  -1.8787318e-16  3.9496384e-16  -6.4776675e-16  9.6228025e-17  4.2586381e-16  -1.1148133e-16  3.1341519e-16  1.0000000   -1.2329332e-17  -4.3402794e-16  -1.4996041e-16  -1.8787318e-16  
2.3412361e-16  -3.7847761e-17  7.9780022e-17  2.1112177e-17  5.1985802e-16  -5.6644229e-16  -1.2329332e-17  1.0000000   5.8673628e-17  -6.8693441e-17  -1.8179222e-16  2.3412361e-16  -3.7847761e-17  7.9780022e-17  2.1112177e-17  5.1985802e-16  -5.6644229e-16  -1.2329332e-17  1.0000000   5.8673628e-17  -6.8693441e-17  -1.8179222e-16  
-1.1964912e-16  4.9908685e-16  1.8784417e-16  -6.8406063e-16  2.2031414e-16  -2.9671432e-17  -4.3402794e-16  5.8673628e-17  1.0000000   5.9926353e-16  1.2272748e-16  -1.1964912e-16  4.9908685e-16  1.8784417e-16  -6.8406063e-16  2.2031414e-16  -2.9671432e-17  -4.3402794e-16  5.8673628e-17  1.0000000   5.9926353e-16  1.2272748e-16  
6.0142712e-16  2.0763297e-16  -4.3553195e-16  3.5418605e-16  -8.7826232e-17  4.2950374e-17  -1.4996041e-16  -6.8693441e-17  5.9926353e-16  1.0000000   5.5695328e-18  6.0142712e-16  2.0763297e-16  -4.3553195e-16  3.5418605e-16  -8.7826232e-17  4.2950374e-17  -1.4996041e-16  -6.8693441e-17  5.9926353e-16  1.0000000   5.5695328e-18  
-8.9321530e-17  3.1900193e-16  6.0964942e-16  -1.3025456e-16  2.8394722e-16  4.5115340e-16  -1.8787318e-16  -1.8179222e-16  1.2272748e-16  5.5695328e-18  1.0000000   -8.9321530e-17  3.1900193e-16  6.0964942e-16  -1.3025456e-16  2.8394722e-16  4.5115340e-16  -1.8787318e-16  -1.8179222e-16  1.2272748e-16  5.5695328e-18  1.0000000   
