1.0000000   -3.5568777e-16  7.7945327e-16  -6.7957453e-16  2.5273346e-16  -2.4977816e-16  -4.3231545e-16  -1.9984429e-16  -6.0990607e-17  3.4244314e-16  1.0953661e-16  1.0000000   -3.5568777e-16  7.7945327e-16  -6.7957453e-16  2.5273346e-16  -2.4977816e-16  -4.3231545e-16  -1.9984429e-16  -6.0990607e-17  3.4244314e-16  1.0953661e-16  
-3.5568777e-16  1.0000000   5.9662926e-16  5.6701021e-16  -5.4395397e-17  -2.9513656e-16  -3.1622196e-16  -6.8326495e-17  -1.1096481e-16  -1.8059955e-16  -2.1933389e-16  -3.5568777e-16  1.0000000   5.9662926e-16  5.6701021e-16  -5.4395397e-17  -2.9513656e-16  -3.1622196e-16  -6.8326495e-17  -1.1096481e-16  -1.8059955e-16  -2.1933389e-16  
7.7945327e-16  5.9662926e-16  1.0000000   1.2909121e-16  3.8485810e-16  3.0905776e-16  2.7570584e-16  2.4209260e-16  9.2603571e-16  -4.4817360e-17  6.3197467e-16  7.7945327e-16  5.9662926e-16  1.0000000   1.2909121e-16  3.8485810e-16  3.0905776e-16  2.7570584e-16  2.4209260e-16  9.2603571e-16  -4.4817360e-17  6.3197467e-16  
-6.7957453e-16  5.6701021e-16  1.2909121e-16  1.0000000   3.5967052e-16  6.0656538e-16  -7.1489581e-17  1.9343268e-16  4.2125235e-16  4.7342789e-17  6.3514003e-16  -6.7957453e-16  5.6701021e-16  1.2909121e-16  1.0000000   3.5967052e-16  6.0656538e-16  -7.1489581e-17  1.9343268e-16  4.2125235e-16  4.7342789e-17  6.3514003e-16  
2.5273346e-16  -5.4395397e-17  3.8485810e-16  3.5967052e-16  1.0000000   4.0813436e-16  -1.2616280e-16  -1.8206551e-16  -8.5938692e-17  -1.9190291e-16  9.0750686e-17  2.5273346e-16  -5.4395397e-17  3.8485810e-16  3.5967052e-16  1.0000000   4.0813436e-16  -1.2616280e-16  -1.8206551e-16  -8.5938692e-17  -1.9190291e-16  9.0750686e-17  
-2.4977816e-16  -2.9513656e-16  3.0905776e-16  6.0656538e-16  4.0813436e-16  1.0000000   2.3259694e-16  1.5937587e-16  -3.2181132e-16  -4.7783596e-16  4.0604261e-16  -2.4977816e-16  -2.9513656e-16  3.0905776e-16  6.0656538e-16  4.0813436e-16  1.0000000   2.3259694e-16  1.5937587e-16  -3.2181132e-16  -4.7783596e-16  4.0604261e-16  
-4.3231545e-16  -3.1622196e-16  2.7570584e-16  -7.1489581e-17  -1.2616280e-16  2.3259694e-16  1.0000000   -3.2132195e-16  -1.2504747e-17  1.8722350e-16  -8.9063820e-17  -4.3231545e-16  -3.1622196e-16  2.7570584e-16  -7.1489581e-17  -1.2616280e-16  2.3259694e-16  1.0000000   -3.2132195e-16  -1.2504747e-17  1.8722350e-16  -8.9063820e-17  
-1.9984429e-16  -6.8326495e-17  2.4209260e-16  1.9343268e-16  -1.8206551e-16  1.5937587e-16  -3.2132195e-16  1.0000000   1.2656162e-16  -2.0500646e-16  3.1162903e-16  -1.9984429e-16  -6.8326495e-17  2.4209260e-16  1.9343268e-16  -1.8206551e-16  1.5937587e-16  -3.2132195e-16  1.0000000   1.2656162e-16  -2.0500646e-16  3.1162903e-16  
-6.0990607e-17  -1.1096481e-16  9.2603571e-16  4.2125235e-16  -8.5938692e-17  -3.2181132e-16  -1.2504747e-17  1.2656162e-16  1.0000000   9.5783121e-17  1.0166322e-16  -6.0990607e-17  -1.1096481e-16  9.2603571e-16  4.2125235e-16  -8.5938692e-17  -3.2181132e-16  -1.2504747e-17  1.2656162e-16  1.0000000   9.5783121e-17  1.0166322e-16  
3.4244314e-16  -1.8059955e-16  -4.4817360e-17  4.7342789e-17  -1.9190291e-16  -4.7783596e-16  1.8722350e-16  -2.0500646e-16  9.5783121e-17  1.0000000   -3.0420108e-16  3.4244314e-16  -1.8059955e-16  -4.4817360e-17  4.7342789e-17  -1.9190291e-16  -4.7783596e-16  1.8722350e-16  -2.0500646e-16  9.5783121e-17  1.0000000   -3.0420108e-16  
1.0953661e-16  -2.1933389e-16  6.3197467e-16  6.3514003e-16  9.0750686e-17  4.0604261e-16  -8.9063820e-17  3.1162903e-16  1.0166322e-16  -3.0420108e-16  1.0000000   1.0953661e-16  -2.1933389e-16  6.3197467e-16  6.3514003e-16  9.0750686e-17  4.0604261e-16  -8.9063820e-17  3.1162903e-16  1.0166322e-16  -3.0420108e-16  1.0000000   
1.0000000   -3.5568777e-16  7.7945327e-16  -6.7957453e-16  2.5273346e-16  -2.4977816e-16  -4.3231545e-16  -1.9984429e-16  -6.0990607e-17  3.4244314e-16  1.0953661e-16  1.0000000   -3.5568777e-16  7.7945327e-16  -6.7957453e-16  2.5273346e-16  -2.4977816e-16  -4.3231545e-16  -1.9984429e-16  -6.0990607e-17  3.4244314e-16  1.0953661e-16  
-3.5568777e-16  1.0000000   5.9662926e-16  5.6701021e-16  -5.4395397e-17  -2.9513656e-16  -3.1622196e-16  -6.8326495e-17  -1.1096481e-16  -1.8059955e-16  -2.1933389e-16  -3.5568777e-16  1.0000000   5.9662926e-16  5.6701021e-16  -5.4395397e-17  -2.9513656e-16  -3.1622196e-16  -6.8326495e-17  -1.1096481e-16  -1.8059955e-16  -2.1933389e-16  
7.7945327e-16  5.9662926e-16  1.0000000   1.2909121e-16  3.8485810e-16  3.0905776e-16  2.7570584e-16  2.4209260e-16  9.2603571e-16  -4.4817360e-17  6.3197467e-16  7.7945327e-16  5.9662926e-16  1.0000000   1.2909121e-16  3.8485810e-16  3.0905776e-16  2.7570584e-16  2.4209260e-16  9.2603571e-16  -4.4817360e-17  6.3197467e-16  
-6.7957453e-16  5.6701021e-16  1.2909121e-16  1.0000000   3.5967052e-16  6.0656538e-16  -7.1489581e-17  1.9343268e-16  4.2125235e-16  4.7342789e-17  6.3514003e-16  -6.7957453e-16  5.6701021e-16  1.2909121e-16  1.0000000   3.5967052e-16  6.0656538e-16  -7.1489581e-17  1.9343268e-16  4.2125235e-16  4.7342789e-17  6.3514003e-16  
2.5273346e-16  -5.4395397e-17  3.8485810e-16  3.5967052e-16  1.0000000   4.0813436e-16  -1.2616280e-16  -1.8206551e-16  -8.5938692e-17  -1.9190291e-16  9.0750686e-17  2.5273346e-16  -5.4395397e-17  3.8485810e-16  3.5967052e-16  1.0000000   4.0813436e-16  -1.2616280e-16  -1.8206551e-16  -8.5938692e-17  -1.9190291e-16  9.0750686e-17  
-2.4977816e-16  -2.9513656e-16  3.0905776e-16  6.0656538e-16  4.0813436e-16  1.0000000   2.3259694e-16  1.5937587e-16  -3.2181132e-16  -4.7783596e-16  4.0604261e-16  -2.4977816e-16  -2.9513656e-16  3.0905776e-16  6.0656538e-16  4.0813436e-16  1.0000000   2.3259694e-16  1.5937587e-16  -3.2181132e-16  -4.7783596e-16  4.0604261e-16  
-4.3231545e-16  -3.1622196e-16  2.7570584e-16  -7.1489581e-17  -1.2616280e-16  2.3259694e-16  1.0000000   -3.2132195e-16  -1.2504747e-17  1.8722350e-16  -8.9063820e-17  -4.3231545e-16  -3.1622196e-16  2.7570584e-16  -7.1489581e-17  -1.2616280e-16  2.3259694e-16  1.0000000   -3.2132195e-16  -1.2504747e-17  1.8722350e-16  -8.9063820e-17  
-1.9984429e-16  -6.8326495e-17  2.4209260e-16  1.9343268e-16  -1.8206551e-16  1.5937587e-16  -3.2132195e-16  1.0000000   1.2656162e-16  -2.0500646e-16  3.1162903e-16  -1.9984429e-16  -6.8326495e-17  2.4209260e-16  1.9343268e-16  -1.8206551e-16  1.5937587e-16  -3.2132195e-16  1.0000000   1.2656162e-16  -2.0500646e-16  3.1162903e-16  
-6.0990607e-17  -1.1096481e-16  9.2603571e-16  4.2125235e-16  -8.5938692e-17  -3.2181132e-16  -1.2504747e-17  1.2656162e-16  1.0000000   9.5783121e-17  1.0166322e-16  -6.0990607e-17  -1.1096481e-16  9.2603571e-16  4.2125235e-16  -8.5938692e-17  -3.2181132e-16  -1.2504747e-17  1.2656162e-16  1.0000000   9.5783121e-17  1.0166322e-16  
3.4244314e-16  -1.8059955e-16  -4.4817360e-17  4.7342789e-17  -1.9190291e-16  -4.7783596e-16  1.8722350e-16  -2.0500646e-16  9.5783121e-17  1.0000000   -3.0420108e-16  3.4244314e-16  -1.8059955e-16  -4.4817360e-17  4.7342789e-17  -1.9190291e-16  -4.7783596e-16  1.8722350e-16  -2.0500646e-16  9.5783121e-17  1.0000000   -3.0420108e-16  
1.0953661e-16  -2.1933389e-16  6.3197467e-16  6.3514003e-16  9.0750686e-17  4.0604261e-16  -8.9063820e-17  3.1162903e-16  1.0166322e-16  -3.0420108e-16  1.0000000   1.0953661e-16  -2.1933389e-16  6.3197467e-16  6.3514003e-16  9.0750686e-17  4.0604261e-16  -8.9063820e-17  3.1162903e-16  1.0166322e-16  -3.0420108e-16  1.0000000   
