1.0000000   -3.1249650e-16  -9.6578697e-17  -1.6566270e-16  1.6580204e-16  3.0235857e-16  2.4252586e-16  -1.6261254e-16  4.6419100e-17  5.2014811e-17  -1.7835803e-16  1.0000000   -3.1249650e-16  -9.6578697e-17  -1.6566270e-16  1.6580204e-16  3.0235857e-16  2.4252586e-16  -1.6261254e-16  4.6419100e-17  5.2014811e-17  -1.7835803e-16  
-3.1249650e-16  1.0000000   2.4505124e-16  -2.2288015e-16  -3.1250209e-17  -9.2898511e-16  -9.2794524e-16  -9.4676155e-17  -1.6613717e-16  2.9847447e-16  -3.7315518e-16  -3.1249650e-16  1.0000000   2.4505124e-16  -2.2288015e-16  -3.1250209e-17  -9.2898511e-16  -9.2794524e-16  -9.4676155e-17  -1.6613717e-16  2.9847447e-16  -3.7315518e-16  
-9.6578697e-17  2.4505124e-16  1.0000000   1.0105289e-15  5.1712547e-16  -2.0704619e-16  -6.0503394e-16  1.2091988e-16  3.7547742e-16  1.8079368e-16  2.3308822e-16  -9.6578697e-17  2.4505124e-16  1.0000000   1.0105289e-15  5.1712547e-16  -2.0704619e-16  -6.0503394e-16  1.2091988e-16  3.7547742e-16  1.8079368e-16  2.3308822e-16  
-1.6566270e-16  -2.2288015e-16  1.0105289e-15  1.0000000   7.3027263e-17  -7.6255750e-16  6.6347752e-16  1.2132053e-16  1.9172845e-16  1.7358236e-16  -1.4492734e-18  -1.6566270e-16  -2.2288015e-16  1.0105289e-15  1.0000000   7.3027263e-17  -7.6255750e-16  6.6347752e-16  1.2132053e-16  1.9172845e-16  1.7358236e-16  -1.4492734e-18  
1.6580204e-16  -3.1250209e-17  5.1712547e-16  7.3027263e-17  1.0000000   -2.7477802e-16  4.8475685e-16  -2.3232848e-16  -3.2238074e-18  -2.6184065e-17  1.3262344e-16  1.6580204e-16  -3.1250209e-17  5.1712547e-16  7.3027263e-17  1.0000000   -2.7477802e-16  4.8475685e-16  -2.3232848e-16  -3.2238074e-18  -2.6184065e-17  1.3262344e-16  
3.0235857e-16  -9.2898511e-16  -2.0704619e-16  -7.6255750e-16  -2.7477802e-16  1.0000000   7.1249362e-16  4.9197008e-16  2.0795442e-16  -1.8100692e-16  -4.0508080e-16  3.0235857e-16  -9.2898511e-16  -2.0704619e-16  -7.6255750e-16  -2.7477802e-16  1.0000000   7.1249362e-16  4.9197008e-16  2.0795442e-16  -1.8100692e-16  -4.0508080e-16  
2.4252586e-16  -9.2794524e-16  -6.0503394e-16  6.6347752e-16  4.8475685e-16  7.1249362e-16  1.0000000   -1.1897916e-15  -1.1271976e-16  1.2628668e-16  -3.3728767e-16  2.4252586e-16  -9.2794524e-16  -6.0503394e-16  6.6347752e-16  4.8475685e-16  7.1249362e-16  1.0000000   -1.1897916e-15  -1.1271976e-16  1.2628668e-16  -3.3728767e-16  
-1.6261254e-16  -9.4676155e-17  1.2091988e-16  1.2132053e-16  -2.3232848e-16  4.9197008e-16  -1.1897916e-15  1.0000000   -3.3938281e-17  -4.7984962e-16  1.0940955e-16  -1.6261254e-16  -9.4676155e-17  1.2091988e-16  1.2132053e-16  -2.3232848e-16  4.9197008e-16  -1.1897916e-15  1.0000000   -3.3938281e-17  -4.7984962e-16  1.0940955e-16  
4.6419100e-17  -1.6613717e-16  3.7547742e-16  1.9172845e-16  -3.2238074e-18  2.0795442e-16  -1.1271976e-16  -3.3938281e-17  1.0000000   -3.6501641e-16  -5.8916647e-17  4.6419100e-17  -1.6613717e-16  3.7547742e-16  1.9172845e-16  -3.2238074e-18  2.0795442e-16  -1.1271976e-16  -3.3938281e-17  1.0000000   -3.6501641e-16  -5.8916647e-17  
5.2014811e-17  2.9847447e-16  1.8079368e-16  1.7358236e-16  -2.6184065e-17  -1.8100692e-16  1.2628668e-16  -4.7984962e-16  -3.6501641e-16  1.0000000   -1.0581474e-16  5.2014811e-17  2.9847447e-16  1.8079368e-16  1.7358236e-16  -2.6184065e-17  -1.8100692e-16  1.2628668e-16  -4.7984962e-16  -3.6501641e-16  1.0000000   -1.0581474e-16  
-1.7835803e-16  -3.7315518e-16  2.3308822e-16  -1.4492734e-18  1.3262344e-16  -4.0508080e-16  -3.3728767e-16  1.0940955e-16  -5.8916647e-17  -1.0581474e-16  1.0000000   -1.7835803e-16  -3.7315518e-16  2.3308822e-16  -1.4492734e-18  1.3262344e-16  -4.0508080e-16  -3.3728767e-16  1.0940955e-16  -5.8916647e-17  -1.0581474e-16  1.0000000   
1.0000000   -3.1249650e-16  -9.6578697e-17  -1.6566270e-16  1.6580204e-16  3.0235857e-16  2.4252586e-16  -1.6261254e-16  4.6419100e-17  5.2014811e-17  -1.7835803e-16  1.0000000   -3.1249650e-16  -9.6578697e-17  -1.6566270e-16  1.6580204e-16  3.0235857e-16  2.4252586e-16  -1.6261254e-16  4.6419100e-17  5.2014811e-17  -1.7835803e-16  
-3.1249650e-16  1.0000000   2.4505124e-16  -2.2288015e-16  -3.1250209e-17  -9.2898511e-16  -9.2794524e-16  -9.4676155e-17  -1.6613717e-16  2.9847447e-16  -3.7315518e-16  -3.1249650e-16  1.0000000   2.4505124e-16  -2.2288015e-16  -3.1250209e-17  -9.2898511e-16  -9.2794524e-16  -9.4676155e-17  -1.6613717e-16  2.9847447e-16  -3.7315518e-16  
-9.6578697e-17  2.4505124e-16  1.0000000   1.0105289e-15  5.1712547e-16  -2.0704619e-16  -6.0503394e-16  1.2091988e-16  3.7547742e-16  1.8079368e-16  2.3308822e-16  -9.6578697e-17  2.4505124e-16  1.0000000   1.0105289e-15  5.1712547e-16  -2.0704619e-16  -6.0503394e-16  1.2091988e-16  3.7547742e-16  1.8079368e-16  2.3308822e-16  
-1.6566270e-16  -2.2288015e-16  1.0105289e-15  1.0000000   7.3027263e-17  -7.6255750e-16  6.6347752e-16  1.2132053e-16  1.9172845e-16  1.7358236e-16  -1.4492734e-18  -1.6566270e-16  -2.2288015e-16  1.0105289e-15  1.0000000   7.3027263e-17  -7.6255750e-16  6.6347752e-16  1.2132053e-16  1.9172845e-16  1.7358236e-16  -1.4492734e-18  
1.6580204e-16  -3.1250209e-17  5.1712547e-16  7.3027263e-17  1.0000000   -2.7477802e-16  4.8475685e-16  -2.3232848e-16  -3.2238074e-18  -2.6184065e-17  1.3262344e-16  1.6580204e-16  -3.1250209e-17  5.1712547e-16  7.3027263e-17  1.0000000   -2.7477802e-16  4.8475685e-16  -2.3232848e-16  -3.2238074e-18  -2.6184065e-17  1.3262344e-16  
3.0235857e-16  -9.2898511e-16  -2.0704619e-16  -7.6255750e-16  -2.7477802e-16  1.0000000   7.1249362e-16  4.9197008e-16  2.0795442e-16  -1.8100692e-16  -4.0508080e-16  3.0235857e-16  -9.2898511e-16  -2.0704619e-16  -7.6255750e-16  -2.7477802e-16  1.0000000   7.1249362e-16  4.9197008e-16  2.0795442e-16  -1.8100692e-16  -4.0508080e-16  
2.4252586e-16  -9.2794524e-16  -6.0503394e-16  6.6347752e-16  4.8475685e-16  7.1249362e-16  1.0000000   -1.1897916e-15  -1.1271976e-16  1.2628668e-16  -3.3728767e-16  2.4252586e-16  -9.2794524e-16  -6.0503394e-16  6.6347752e-16  4.8475685e-16  7.1249362e-16  1.0000000   -1.1897916e-15  -1.1271976e-16  1.2628668e-16  -3.3728767e-16  
-1.6261254e-16  -9.4676155e-17  1.2091988e-16  1.2132053e-16  -2.3232848e-16  4.9197008e-16  -1.1897916e-15  1.0000000   -3.3938281e-17  -4.7984962e-16  1.0940955e-16  -1.6261254e-16  -9.4676155e-17  1.2091988e-16  1.2132053e-16  -2.3232848e-16  4.9197008e-16  -1.1897916e-15  1.0000000   -3.3938281e-17  -4.7984962e-16  1.0940955e-16  
4.6419100e-17  -1.6613717e-16  3.7547742e-16  1.9172845e-16  -3.2238074e-18  2.0795442e-16  -1.1271976e-16  -3.3938281e-17  1.0000000   -3.6501641e-16  -5.8916647e-17  4.6419100e-17  -1.6613717e-16  3.7547742e-16  1.9172845e-16  -3.2238074e-18  2.0795442e-16  -1.1271976e-16  -3.3938281e-17  1.0000000   -3.6501641e-16  -5.8916647e-17  
5.2014811e-17  2.9847447e-16  1.8079368e-16  1.7358236e-16  -2.6184065e-17  -1.8100692e-16  1.2628668e-16  -4.7984962e-16  -3.6501641e-16  1.0000000   -1.0581474e-16  5.2014811e-17  2.9847447e-16  1.8079368e-16  1.7358236e-16  -2.6184065e-17  -1.8100692e-16  1.2628668e-16  -4.7984962e-16  -3.6501641e-16  1.0000000   -1.0581474e-16  
-1.7835803e-16  -3.7315518e-16  2.3308822e-16  -1.4492734e-18  1.3262344e-16  -4.0508080e-16  -3.3728767e-16  1.0940955e-16  -5.8916647e-17  -1.0581474e-16  1.0000000   -1.7835803e-16  -3.7315518e-16  2.3308822e-16  -1.4492734e-18  1.3262344e-16  -4.0508080e-16  -3.3728767e-16  1.0940955e-16  -5.8916647e-17  -1.0581474e-16  1.0000000   
