1.0000000   2.5864320e-16  -6.3707042e-17  4.0772100e-16  1.3759034e-16  -2.4093005e-17  1.5183320e-16  -4.2596440e-17  6.4538553e-16  -1.5631898e-16  1.5083963e-16  1.0000000   2.5864320e-16  -6.3707042e-17  4.0772100e-16  1.3759034e-16  -2.4093005e-17  1.5183320e-16  -4.2596440e-17  6.4538553e-16  -1.5631898e-16  1.5083963e-16  
2.5864320e-16  1.0000000   -3.2158453e-16  1.0530271e-16  2.4310184e-16  2.8720346e-17  -5.4592120e-16  -5.3339359e-17  -4.5098236e-16  4.9729453e-16  -2.2279592e-16  2.5864320e-16  1.0000000   -3.2158453e-16  1.0530271e-16  2.4310184e-16  2.8720346e-17  -5.4592120e-16  -5.3339359e-17  -4.5098236e-16  4.9729453e-16  -2.2279592e-16  
-6.3707042e-17  -3.2158453e-16  1.0000000   -7.9450632e-17  -1.6579823e-17  -9.1479558e-18  -2.3417073e-16  -7.5560929e-16  1.3800157e-16  9.2215630e-17  -3.5971711e-16  -6.3707042e-17  -3.2158453e-16  1.0000000   -7.9450632e-17  -1.6579823e-17  -9.1479558e-18  -2.3417073e-16  -7.5560929e-16  1.3800157e-16  9.2215630e-17  -3.5971711e-16  
4.0772100e-16  1.0530271e-16  -7.9450632e-17  1.0000000   -2.7745803e-16  2.8978532e-16  1.8793946e-16  -1.7182572e-16  -7.6219863e-17  -4.0736063e-16  3.4297624e-16  4.0772100e-16  1.0530271e-16  -7.9450632e-17  1.0000000   -2.7745803e-16  2.8978532e-16  1.8793946e-16  -1.7182572e-16  -7.6219863e-17  -4.0736063e-16  3.4297624e-16  
1.3759034e-16  2.4310184e-16  -1.6579823e-17  -2.7745803e-16  1.0000000   1.0711155e-16  4.0594054e-18  -2.7388302e-16  8.3464880e-17  1.7173837e-16  -2.0277821e-16  1.3759034e-16  2.4310184e-16  -1.6579823e-17  -2.7745803e-16  1.0000000   1.0711155e-16  4.0594054e-18  -2.7388302e-16  8.3464880e-17  1.7173837e-16  -2.0277821e-16  
-2.4093005e-17  2.8720346e-17  -9.1479558e-18  2.8978532e-16  1.0711155e-16  1.0000000   1.1220349e-16  -1.0400929e-16  1.2868527e-16  -4.9832028e-16  3.4058221e-16  -2.4093005e-17  2.8720346e-17  -9.1479558e-18  2.8978532e-16  1.0711155e-16  1.0000000   1.1220349e-16  -1.0400929e-16  1.2868527e-16  -4.9832028e-16  3.4058221e-16  
1.5183320e-16  -5.4592120e-16  -2.3417073e-16  1.8793946e-16  4.0594054e-18  1.1220349e-16  1.0000000   -1.2552181e-16  -3.7194593e-16  1.6231216e-16  -8.6187296e-17  1.5183320e-16  -5.4592120e-16  -2.3417073e-16  1.8793946e-16  4.0594054e-18  1.1220349e-16  1.0000000   -1.2552181e-16  -3.7194593e-16  1.6231216e-16  -8.6187296e-17  
-4.2596440e-17  -5.3339359e-17  -7.5560929e-16  -1.7182572e-16  -2.7388302e-16  -1.0400929e-16  -1.2552181e-16  1.0000000   -5.4186169e-16  -3.0927920e-16  -3.5568120e-16  -4.2596440e-17  -5.3339359e-17  -7.5560929e-16  -1.7182572e-16  -2.7388302e-16  -1.0400929e-16  -1.2552181e-16  1.0000000   -5.4186169e-16  -3.0927920e-16  -3.5568120e-16  
6.4538553e-16  -4.5098236e-16  1.3800157e-16  -7.6219863e-17  8.3464880e-17  1.2868527e-16  -3.7194593e-16  -5.4186169e-16  1.0000000   -3.2553498e-16  -1.5351307e-17  6.4538553e-16  -4.5098236e-16  1.3800157e-16  -7.6219863e-17  8.3464880e-17  1.2868527e-16  -3.7194593e-16  -5.4186169e-16  1.0000000   -3.2553498e-16  -1.5351307e-17  
-1.5631898e-16  4.9729453e-16  9.2215630e-17  -4.0736063e-16  1.7173837e-16  -4.9832028e-16  1.6231216e-16  -3.0927920e-16  -3.2553498e-16  1.0000000   2.7773866e-17  -1.5631898e-16  4.9729453e-16  9.2215630e-17  -4.0736063e-16  1.7173837e-16  -4.9832028e-16  1.6231216e-16  -3.0927920e-16  -3.2553498e-16  1.0000000   2.7773866e-17  
1.5083963e-16  -2.2279592e-16  -3.5971711e-16  3.4297624e-16  -2.0277821e-16  3.4058221e-16  -8.6187296e-17  -3.5568120e-16  -1.5351307e-17  2.7773866e-17  1.0000000   1.5083963e-16  -2.2279592e-16  -3.5971711e-16  3.4297624e-16  -2.0277821e-16  3.4058221e-16  -8.6187296e-17  -3.5568120e-16  -1.5351307e-17  2.7773866e-17  1.0000000   
1.0000000   2.5864320e-16  -6.3707042e-17  4.0772100e-16  1.3759034e-16  -2.4093005e-17  1.5183320e-16  -4.2596440e-17  6.4538553e-16  -1.5631898e-16  1.5083963e-16  1.0000000   2.5864320e-16  -6.3707042e-17  4.0772100e-16  1.3759034e-16  -2.4093005e-17  1.5183320e-16  -4.2596440e-17  6.4538553e-16  -1.5631898e-16  1.5083963e-16  
2.5864320e-16  1.0000000   -3.2158453e-16  1.0530271e-16  2.4310184e-16  2.8720346e-17  -5.4592120e-16  -5.3339359e-17  -4.5098236e-16  4.9729453e-16  -2.2279592e-16  2.5864320e-16  1.0000000   -3.2158453e-16  1.0530271e-16  2.4310184e-16  2.8720346e-17  -5.4592120e-16  -5.3339359e-17  -4.5098236e-16  4.9729453e-16  -2.2279592e-16  
-6.3707042e-17  -3.2158453e-16  1.0000000   -7.9450632e-17  -1.6579823e-17  -9.1479558e-18  -2.3417073e-16  -7.5560929e-16  1.3800157e-16  9.2215630e-17  -3.5971711e-16  -6.3707042e-17  -3.2158453e-16  1.0000000   -7.9450632e-17  -1.6579823e-17  -9.1479558e-18  -2.3417073e-16  -7.5560929e-16  1.3800157e-16  9.2215630e-17  -3.5971711e-16  
4.0772100e-16  1.0530271e-16  -7.9450632e-17  1.0000000   -2.7745803e-16  2.8978532e-16  1.8793946e-16  -1.7182572e-16  -7.6219863e-17  -4.0736063e-16  3.4297624e-16  4.0772100e-16  1.0530271e-16  -7.9450632e-17  1.0000000   -2.7745803e-16  2.8978532e-16  1.8793946e-16  -1.7182572e-16  -7.6219863e-17  -4.0736063e-16  3.4297624e-16  
1.3759034e-16  2.4310184e-16  -1.6579823e-17  -2.7745803e-16  1.0000000   1.0711155e-16  4.0594054e-18  -2.7388302e-16  8.3464880e-17  1.7173837e-16  -2.0277821e-16  1.3759034e-16  2.4310184e-16  -1.6579823e-17  -2.7745803e-16  1.0000000   1.0711155e-16  4.0594054e-18  -2.7388302e-16  8.3464880e-17  1.7173837e-16  -2.0277821e-16  
-2.4093005e-17  2.8720346e-17  -9.1479558e-18  2.8978532e-16  1.0711155e-16  1.0000000   1.1220349e-16  -1.0400929e-16  1.2868527e-16  -4.9832028e-16  3.4058221e-16  -2.4093005e-17  2.8720346e-17  -9.1479558e-18  2.8978532e-16  1.0711155e-16  1.0000000   1.1220349e-16  -1.0400929e-16  1.2868527e-16  -4.9832028e-16  3.4058221e-16  
1.5183320e-16  -5.4592120e-16  -2.3417073e-16  1.8793946e-16  4.0594054e-18  1.1220349e-16  1.0000000   -1.2552181e-16  -3.7194593e-16  1.6231216e-16  -8.6187296e-17  1.5183320e-16  -5.4592120e-16  -2.3417073e-16  1.8793946e-16  4.0594054e-18  1.1220349e-16  1.0000000   -1.2552181e-16  -3.7194593e-16  1.6231216e-16  -8.6187296e-17  
-4.2596440e-17  -5.3339359e-17  -7.5560929e-16  -1.7182572e-16  -2.7388302e-16  -1.0400929e-16  -1.2552181e-16  1.0000000   -5.4186169e-16  -3.0927920e-16  -3.5568120e-16  -4.2596440e-17  -5.3339359e-17  -7.5560929e-16  -1.7182572e-16  -2.7388302e-16  -1.0400929e-16  -1.2552181e-16  1.0000000   -5.4186169e-16  -3.0927920e-16  -3.5568120e-16  
6.4538553e-16  -4.5098236e-16  1.3800157e-16  -7.6219863e-17  8.3464880e-17  1.2868527e-16  -3.7194593e-16  -5.4186169e-16  1.0000000   -3.2553498e-16  -1.5351307e-17  6.4538553e-16  -4.5098236e-16  1.3800157e-16  -7.6219863e-17  8.3464880e-17  1.2868527e-16  -3.7194593e-16  -5.4186169e-16  1.0000000   -3.2553498e-16  -1.5351307e-17  
-1.5631898e-16  4.9729453e-16  9.2215630e-17  -4.0736063e-16  1.7173837e-16  -4.9832028e-16  1.6231216e-16  -3.0927920e-16  -3.2553498e-16  1.0000000   2.7773866e-17  -1.5631898e-16  4.9729453e-16  9.2215630e-17  -4.0736063e-16  1.7173837e-16  -4.9832028e-16  1.6231216e-16  -3.0927920e-16  -3.2553498e-16  1.0000000   2.7773866e-17  
1.5083963e-16  -2.2279592e-16  -3.5971711e-16  3.4297624e-16  -2.0277821e-16  3.4058221e-16  -8.6187296e-17  -3.5568120e-16  -1.5351307e-17  2.7773866e-17  1.0000000   1.5083963e-16  -2.2279592e-16  -3.5971711e-16  3.4297624e-16  -2.0277821e-16  3.4058221e-16  -8.6187296e-17  -3.5568120e-16  -1.5351307e-17  2.7773866e-17  1.0000000   
