1.0000000   3.2322989e-16  4.4582393e-16  1.3537619e-16  6.0092752e-18  -9.7967831e-18  5.2786077e-16  3.0955285e-16  2.1653804e-16  -3.5650452e-17  4.1979969e-16  1.0000000   3.2322989e-16  4.4582393e-16  1.3537619e-16  6.0092752e-18  -9.7967831e-18  5.2786077e-16  3.0955285e-16  2.1653804e-16  -3.5650452e-17  4.1979969e-16  
3.2322989e-16  1.0000000   7.0061060e-17  1.2819230e-16  -1.9988548e-17  2.2702421e-16  1.4600307e-17  2.8232344e-16  5.7368430e-17  1.6350184e-17  1.8990373e-17  3.2322989e-16  1.0000000   7.0061060e-17  1.2819230e-16  -1.9988548e-17  2.2702421e-16  1.4600307e-17  2.8232344e-16  5.7368430e-17  1.6350184e-17  1.8990373e-17  
4.4582393e-16  7.0061060e-17  1.0000000   1.6909658e-16  -4.2656939e-16  4.5024883e-17  1.2518131e-16  2.2617770e-16  2.8705396e-16  -8.0158328e-17  6.3491218e-16  4.4582393e-16  7.0061060e-17  1.0000000   1.6909658e-16  -4.2656939e-16  4.5024883e-17  1.2518131e-16  2.2617770e-16  2.8705396e-16  -8.0158328e-17  6.3491218e-16  
1.3537619e-16  1.2819230e-16  1.6909658e-16  1.0000000   3.4422784e-16  -2.0726049e-16  -2.1855822e-16  -2.1669644e-16  5.1721102e-17  -5.3036386e-16  3.4504057e-16  1.3537619e-16  1.2819230e-16  1.6909658e-16  1.0000000   3.4422784e-16  -2.0726049e-16  -2.1855822e-16  -2.1669644e-16  5.1721102e-17  -5.3036386e-16  3.4504057e-16  
6.0092752e-18  -1.9988548e-17  -4.2656939e-16  3.4422784e-16  1.0000000   2.3132435e-16  -4.6020761e-16  1.9115575e-16  3.2934626e-16  3.5246172e-16  3.0262158e-17  6.0092752e-18  -1.9988548e-17  -4.2656939e-16  3.4422784e-16  1.0000000   2.3132435e-16  -4.6020761e-16  1.9115575e-16  3.2934626e-16  3.5246172e-16  3.0262158e-17  
-9.7967831e-18  2.2702421e-16  4.5024883e-17  -2.0726049e-16  2.3132435e-16  1.0000000   4.4848573e-16  -3.6178789e-17  -3.1405398e-16  9.7801600e-17  2.2220851e-16  -9.7967831e-18  2.2702421e-16  4.5024883e-17  -2.0726049e-16  2.3132435e-16  1.0000000   4.4848573e-16  -3.6178789e-17  -3.1405398e-16  9.7801600e-17  2.2220851e-16  
5.2786077e-16  1.4600307e-17  1.2518131e-16  -2.1855822e-16  -4.6020761e-16  4.4848573e-16  1.0000000   -3.0824736e-16  -1.7250080e-16  6.8917009e-16  -2.3769523e-16  5.2786077e-16  1.4600307e-17  1.2518131e-16  -2.1855822e-16  -4.6020761e-16  4.4848573e-16  1.0000000   -3.0824736e-16  -1.7250080e-16  6.8917009e-16  -2.3769523e-16  
3.0955285e-16  2.8232344e-16  2.2617770e-16  -2.1669644e-16  1.9115575e-16  -3.6178789e-17  -3.0824736e-16  1.0000000   -3.6653395e-16  9.7962815e-17  -1.5860099e-16  3.0955285e-16  2.8232344e-16  2.2617770e-16  -2.1669644e-16  1.9115575e-16  -3.6178789e-17  -3.0824736e-16  1.0000000   -3.6653395e-16  9.7962815e-17  -1.5860099e-16  
2.1653804e-16  5.7368430e-17  2.8705396e-16  5.1721102e-17  3.2934626e-16  -3.1405398e-16  -1.7250080e-16  -3.6653395e-16  1.0000000   5.1542013e-16  5.9005120e-16  2.1653804e-16  5.7368430e-17  2.8705396e-16  5.1721102e-17  3.2934626e-16  -3.1405398e-16  -1.7250080e-16  -3.6653395e-16  1.0000000   5.1542013e-16  5.9005120e-16  
-3.5650452e-17  1.6350184e-17  -8.0158328e-17  -5.3036386e-16  3.5246172e-16  9.7801600e-17  6.8917009e-16  9.7962815e-17  5.1542013e-16  1.0000000   2.2105837e-16  -3.5650452e-17  1.6350184e-17  -8.0158328e-17  -5.3036386e-16  3.5246172e-16  9.7801600e-17  6.8917009e-16  9.7962815e-17  5.1542013e-16  1.0000000   2.2105837e-16  
4.1979969e-16  1.8990373e-17  6.3491218e-16  3.4504057e-16  3.0262158e-17  2.2220851e-16  -2.3769523e-16  -1.5860099e-16  5.9005120e-16  2.2105837e-16  1.0000000   4.1979969e-16  1.8990373e-17  6.3491218e-16  3.4504057e-16  3.0262158e-17  2.2220851e-16  -2.3769523e-16  -1.5860099e-16  5.9005120e-16  2.2105837e-16  1.0000000   
1.0000000   3.2322989e-16  4.4582393e-16  1.3537619e-16  6.0092752e-18  -9.7967831e-18  5.2786077e-16  3.0955285e-16  2.1653804e-16  -3.5650452e-17  4.1979969e-16  1.0000000   3.2322989e-16  4.4582393e-16  1.3537619e-16  6.0092752e-18  -9.7967831e-18  5.2786077e-16  3.0955285e-16  2.1653804e-16  -3.5650452e-17  4.1979969e-16  
3.2322989e-16  1.0000000   7.0061060e-17  1.2819230e-16  -1.9988548e-17  2.2702421e-16  1.4600307e-17  2.8232344e-16  5.7368430e-17  1.6350184e-17  1.8990373e-17  3.2322989e-16  1.0000000   7.0061060e-17  1.2819230e-16  -1.9988548e-17  2.2702421e-16  1.4600307e-17  2.8232344e-16  5.7368430e-17  1.6350184e-17  1.8990373e-17  
4.4582393e-16  7.0061060e-17  1.0000000   1.6909658e-16  -4.2656939e-16  4.5024883e-17  1.2518131e-16  2.2617770e-16  2.8705396e-16  -8.0158328e-17  6.3491218e-16  4.4582393e-16  7.0061060e-17  1.0000000   1.6909658e-16  -4.2656939e-16  4.5024883e-17  1.2518131e-16  2.2617770e-16  2.8705396e-16  -8.0158328e-17  6.3491218e-16  
1.3537619e-16  1.2819230e-16  1.6909658e-16  1.0000000   3.4422784e-16  -2.0726049e-16  -2.1855822e-16  -2.1669644e-16  5.1721102e-17  -5.3036386e-16  3.4504057e-16  1.3537619e-16  1.2819230e-16  1.6909658e-16  1.0000000   3.4422784e-16  -2.0726049e-16  -2.1855822e-16  -2.1669644e-16  5.1721102e-17  -5.3036386e-16  3.4504057e-16  
6.0092752e-18  -1.9988548e-17  -4.2656939e-16  3.4422784e-16  1.0000000   2.3132435e-16  -4.6020761e-16  1.9115575e-16  3.2934626e-16  3.5246172e-16  3.0262158e-17  6.0092752e-18  -1.9988548e-17  -4.2656939e-16  3.4422784e-16  1.0000000   2.3132435e-16  -4.6020761e-16  1.9115575e-16  3.2934626e-16  3.5246172e-16  3.0262158e-17  
-9.7967831e-18  2.2702421e-16  4.5024883e-17  -2.0726049e-16  2.3132435e-16  1.0000000   4.4848573e-16  -3.6178789e-17  -3.1405398e-16  9.7801600e-17  2.2220851e-16  -9.7967831e-18  2.2702421e-16  4.5024883e-17  -2.0726049e-16  2.3132435e-16  1.0000000   4.4848573e-16  -3.6178789e-17  -3.1405398e-16  9.7801600e-17  2.2220851e-16  
5.2786077e-16  1.4600307e-17  1.2518131e-16  -2.1855822e-16  -4.6020761e-16  4.4848573e-16  1.0000000   -3.0824736e-16  -1.7250080e-16  6.8917009e-16  -2.3769523e-16  5.2786077e-16  1.4600307e-17  1.2518131e-16  -2.1855822e-16  -4.6020761e-16  4.4848573e-16  1.0000000   -3.0824736e-16  -1.7250080e-16  6.8917009e-16  -2.3769523e-16  
3.0955285e-16  2.8232344e-16  2.2617770e-16  -2.1669644e-16  1.9115575e-16  -3.6178789e-17  -3.0824736e-16  1.0000000   -3.6653395e-16  9.7962815e-17  -1.5860099e-16  3.0955285e-16  2.8232344e-16  2.2617770e-16  -2.1669644e-16  1.9115575e-16  -3.6178789e-17  -3.0824736e-16  1.0000000   -3.6653395e-16  9.7962815e-17  -1.5860099e-16  
2.1653804e-16  5.7368430e-17  2.8705396e-16  5.1721102e-17  3.2934626e-16  -3.1405398e-16  -1.7250080e-16  -3.6653395e-16  1.0000000   5.1542013e-16  5.9005120e-16  2.1653804e-16  5.7368430e-17  2.8705396e-16  5.1721102e-17  3.2934626e-16  -3.1405398e-16  -1.7250080e-16  -3.6653395e-16  1.0000000   5.1542013e-16  5.9005120e-16  
-3.5650452e-17  1.6350184e-17  -8.0158328e-17  -5.3036386e-16  3.5246172e-16  9.7801600e-17  6.8917009e-16  9.7962815e-17  5.1542013e-16  1.0000000   2.2105837e-16  -3.5650452e-17  1.6350184e-17  -8.0158328e-17  -5.3036386e-16  3.5246172e-16  9.7801600e-17  6.8917009e-16  9.7962815e-17  5.1542013e-16  1.0000000   2.2105837e-16  
4.1979969e-16  1.8990373e-17  6.3491218e-16  3.4504057e-16  3.0262158e-17  2.2220851e-16  -2.3769523e-16  -1.5860099e-16  5.9005120e-16  2.2105837e-16  1.0000000   4.1979969e-16  1.8990373e-17  6.3491218e-16  3.4504057e-16  3.0262158e-17  2.2220851e-16  -2.3769523e-16  -1.5860099e-16  5.9005120e-16  2.2105837e-16  1.0000000   
