0.99894277  0.044066611  0.0061050927  -0.00065569406  -0.00059068320  0.0010981814  0.00098814010  -0.0010381840  -0.0017885976  0.00057963945  0.00076449395  0.99894277  0.044066611  0.0061050927  -0.00065569406  -0.00059068320  0.0010981814  0.00098814010  -0.0010381840  -0.0017885976  0.00057963945  0.00076449395  
-0.044024480  0.99886700  -0.0047418601  -0.0020430929  -0.0029833990  -0.0019820253  -0.0054328743  -0.0016530460  0.00078996875  0.00026767442  -0.00056087848  -0.044024480  0.99886700  -0.0047418601  -0.0020430929  -0.0029833990  -0.0019820253  -0.0054328743  -0.0016530460  0.00078996875  0.00026767442  -0.00056087848  
-0.0063813338  0.0044365130  0.99930385  -0.029035045  0.0055075833  0.00077615162  -0.00046200495  -0.0019129971  -0.0057724806  0.0013133006  -0.00067342534  -0.0063813338  0.0044365130  0.99930385  -0.029035045  0.0055075833  0.00077615162  -0.00046200495  -0.0019129971  -0.0057724806  0.0013133006  -0.00067342534  
0.00038734023  0.0022474802  0.029048053  0.99943098  0.0034433514  -0.0011545529  0.0025050162  -0.0018630709  0.00069087248  0.0028026687  -0.00029122621  0.00038734023  0.0022474802  0.029048053  0.99943098  0.0034433514  -0.0011545529  0.0025050162  -0.0018630709  0.00069087248  0.0028026687  -0.00029122621  
-0.00046571016  -0.0029436339  0.0056668482  0.0034165099  -0.99980547  -0.0014715178  0.0024434492  0.0059248793  0.0021329937  -0.0093762710  -0.0020091478  -0.00046571016  -0.0029436339  0.0056668482  0.0034165099  -0.99980547  -0.0014715178  0.0024434492  0.0059248793  0.0021329937  -0.0093762710  -0.0020091478  
-0.0011945869  0.0018949106  -0.00079848734  0.0011671268  -0.0015352437  0.99990779  2.4590706e-05  -0.0063095329  -0.0051393038  0.00068274911  -0.00015507267  -0.0011945869  0.0018949106  -0.00079848734  0.0011671268  -0.0015352437  0.99990779  2.4590706e-05  -0.0063095329  -0.0051393038  0.00068274911  -0.00015507267  
0.0012556010  -0.0052417231  -0.00025158515  0.0025414372  -0.0021708458  0.00027851908  -0.99890998  0.041465310  -0.00084431844  -0.0015673252  0.00027972665  0.0012556010  -0.0052417231  -0.00025158515  0.0025414372  -0.0021708458  0.00027851908  -0.99890998  0.041465310  -0.00084431844  -0.0015673252  0.00027972665  
0.00090182976  0.0019215779  0.0019379373  0.0016525198  0.0059514665  0.0062999436  0.041410562  0.99902330  0.00031713005  -0.0015163243  -0.0010731512  0.00090182976  0.0019215779  0.0019379373  0.0016525198  0.0059514665  0.0062999436  0.041410562  0.99902330  0.00031713005  -0.0015163243  -0.0010731512  
-0.0017965902  0.00066613742  -0.0057212715  0.00086770002  -0.0022098259  -0.0051454732  0.00088041583  0.00038222482  -0.99987255  0.0010395496  0.010278878  -0.0017965902  0.00066613742  -0.0057212715  0.00086770002  -0.0022098259  -0.0051454732  0.00088041583  0.00038222482  -0.99987255  0.0010395496  0.010278878  
0.00056288610  0.00030552840  0.0013583132  0.0027901671  0.0095005089  0.00068090987  0.0014950180  -0.0015908454  -0.0010763418  -0.99987054  -0.00078361368  0.00056288610  0.00030552840  0.0013583132  0.0027901671  0.0095005089  0.00068090987  0.0014950180  -0.0015908454  -0.0010763418  -0.99987054  -0.00078361368  
0.00080967576  -0.00055193056  -0.00064113949  -0.00027518598  0.0019892906  -0.00022755116  -0.00030800753  -0.0010585213  -0.010284672  0.00085173401  -0.99980408  0.00080967576  -0.00055193056  -0.00064113949  -0.00027518598  0.0019892906  -0.00022755116  -0.00030800753  -0.0010585213  -0.010284672  0.00085173401  -0.99980408  
0.99894277  0.044066611  0.0061050927  -0.00065569406  -0.00059068320  0.0010981814  0.00098814010  -0.0010381840  -0.0017885976  0.00057963945  0.00076449395  0.99894277  0.044066611  0.0061050927  -0.00065569406  -0.00059068320  0.0010981814  0.00098814010  -0.0010381840  -0.0017885976  0.00057963945  0.00076449395  
-0.044024480  0.99886700  -0.0047418601  -0.0020430929  -0.0029833990  -0.0019820253  -0.0054328743  -0.0016530460  0.00078996875  0.00026767442  -0.00056087848  -0.044024480  0.99886700  -0.0047418601  -0.0020430929  -0.0029833990  -0.0019820253  -0.0054328743  -0.0016530460  0.00078996875  0.00026767442  -0.00056087848  
-0.0063813338  0.0044365130  0.99930385  -0.029035045  0.0055075833  0.00077615162  -0.00046200495  -0.0019129971  -0.0057724806  0.0013133006  -0.00067342534  -0.0063813338  0.0044365130  0.99930385  -0.029035045  0.0055075833  0.00077615162  -0.00046200495  -0.0019129971  -0.0057724806  0.0013133006  -0.00067342534  
0.00038734023  0.0022474802  0.029048053  0.99943098  0.0034433514  -0.0011545529  0.0025050162  -0.0018630709  0.00069087248  0.0028026687  -0.00029122621  0.00038734023  0.0022474802  0.029048053  0.99943098  0.0034433514  -0.0011545529  0.0025050162  -0.0018630709  0.00069087248  0.0028026687  -0.00029122621  
-0.00046571016  -0.0029436339  0.0056668482  0.0034165099  -0.99980547  -0.0014715178  0.0024434492  0.0059248793  0.0021329937  -0.0093762710  -0.0020091478  -0.00046571016  -0.0029436339  0.0056668482  0.0034165099  -0.99980547  -0.0014715178  0.0024434492  0.0059248793  0.0021329937  -0.0093762710  -0.0020091478  
-0.0011945869  0.0018949106  -0.00079848734  0.0011671268  -0.0015352437  0.99990779  2.4590706e-05  -0.0063095329  -0.0051393038  0.00068274911  -0.00015507267  -0.0011945869  0.0018949106  -0.00079848734  0.0011671268  -0.0015352437  0.99990779  2.4590706e-05  -0.0063095329  -0.0051393038  0.00068274911  -0.00015507267  
0.0012556010  -0.0052417231  -0.00025158515  0.0025414372  -0.0021708458  0.00027851908  -0.99890998  0.041465310  -0.00084431844  -0.0015673252  0.00027972665  0.0012556010  -0.0052417231  -0.00025158515  0.0025414372  -0.0021708458  0.00027851908  -0.99890998  0.041465310  -0.00084431844  -0.0015673252  0.00027972665  
0.00090182976  0.0019215779  0.0019379373  0.0016525198  0.0059514665  0.0062999436  0.041410562  0.99902330  0.00031713005  -0.0015163243  -0.0010731512  0.00090182976  0.0019215779  0.0019379373  0.0016525198  0.0059514665  0.0062999436  0.041410562  0.99902330  0.00031713005  -0.0015163243  -0.0010731512  
-0.0017965902  0.00066613742  -0.0057212715  0.00086770002  -0.0022098259  -0.0051454732  0.00088041583  0.00038222482  -0.99987255  0.0010395496  0.010278878  -0.0017965902  0.00066613742  -0.0057212715  0.00086770002  -0.0022098259  -0.0051454732  0.00088041583  0.00038222482  -0.99987255  0.0010395496  0.010278878  
0.00056288610  0.00030552840  0.0013583132  0.0027901671  0.0095005089  0.00068090987  0.0014950180  -0.0015908454  -0.0010763418  -0.99987054  -0.00078361368  0.00056288610  0.00030552840  0.0013583132  0.0027901671  0.0095005089  0.00068090987  0.0014950180  -0.0015908454  -0.0010763418  -0.99987054  -0.00078361368  
0.00080967576  -0.00055193056  -0.00064113949  -0.00027518598  0.0019892906  -0.00022755116  -0.00030800753  -0.0010585213  -0.010284672  0.00085173401  -0.99980408  0.00080967576  -0.00055193056  -0.00064113949  -0.00027518598  0.0019892906  -0.00022755116  -0.00030800753  -0.0010585213  -0.010284672  0.00085173401  -0.99980408  
