-5.4741622e-18  4.7169147e-18  -6.9846337e-18  -2.3479753e-18  2.7909736e-19  -1.6344348e-17  -3.1641763e-17  3.5943843e-18  2.1147025e-17  3.4690234e-18  8.2873704e-18  -5.4741622e-18  4.7169147e-18  -6.9846337e-18  -2.3479753e-18  2.7909736e-19  -1.6344348e-17  -3.1641763e-17  3.5943843e-18  2.1147025e-17  3.4690234e-18  8.2873704e-18  
2.5795753e-17  -4.2993142e-18  -4.2059421e-18  -9.9219322e-18  -8.3859438e-18  1.6287279e-17  7.1119004e-18  -1.1656656e-17  1.7381381e-18  3.5882896e-18  1.7843702e-17  2.5795753e-17  -4.2993142e-18  -4.2059421e-18  -9.9219322e-18  -8.3859438e-18  1.6287279e-17  7.1119004e-18  -1.1656656e-17  1.7381381e-18  3.5882896e-18  1.7843702e-17  
1.7220180e-18  6.3422651e-18  7.2103680e-19  1.6669608e-18  -7.5078883e-19  1.1087238e-17  6.5314711e-18  2.2171087e-18  2.0594759e-17  -5.0142233e-18  3.8116483e-20  1.7220180e-18  6.3422651e-18  7.2103680e-19  1.6669608e-18  -7.5078883e-19  1.1087238e-17  6.5314711e-18  2.2171087e-18  2.0594759e-17  -5.0142233e-18  3.8116483e-20  
2.6253786e-18  5.7206488e-19  2.4170085e-18  2.7128877e-19  1.1954811e-18  9.8636987e-19  -9.6680341e-18  4.8392686e-17  -3.9539498e-18  -1.1729765e-17  1.8062978e-17  2.6253786e-18  5.7206488e-19  2.4170085e-18  2.7128877e-19  1.1954811e-18  9.8636987e-19  -9.6680341e-18  4.8392686e-17  -3.9539498e-18  -1.1729765e-17  1.8062978e-17  
1.4285211e-18  -2.4591405e-17  -3.4685999e-19  -7.2414964e-18  1.0745589e-18  7.3313349e-18  4.0728520e-18  2.5542590e-17  2.1565459e-18  5.8699066e-17  -3.0575507e-17  1.4285211e-18  -2.4591405e-17  -3.4685999e-19  -7.2414964e-18  1.0745589e-18  7.3313349e-18  4.0728520e-18  2.5542590e-17  2.1565459e-18  5.8699066e-17  -3.0575507e-17  
2.3715228e-17  7.1032712e-18  6.6034689e-18  2.3337875e-18  2.9202520e-18  2.5381078e-18  -3.9437854e-18  2.5662981e-18  -4.0788872e-18  8.9868608e-18  3.7129689e-18  2.3715228e-17  7.1032712e-18  6.6034689e-18  2.3337875e-18  2.9202520e-18  2.5381078e-18  -3.9437854e-18  2.5662981e-18  -4.0788872e-18  8.9868608e-18  3.7129689e-18  
-1.3071412e-17  -8.7440270e-18  -3.5405977e-18  7.2023212e-18  1.4135762e-17  3.2314307e-18  -6.1362243e-19  4.9519664e-19  -1.9227648e-18  9.9935065e-18  2.0500527e-17  -1.3071412e-17  -8.7440270e-18  -3.5405977e-18  7.2023212e-18  1.4135762e-17  3.2314307e-18  -6.1362243e-19  4.9519664e-19  -1.9227648e-18  9.9935065e-18  2.0500527e-17  
-4.2199181e-18  3.1386382e-17  2.4915474e-18  -1.0095362e-17  8.7298326e-18  1.1058227e-17  -3.5469505e-20  -6.4004655e-18  9.6957744e-18  9.2056070e-18  9.6082388e-17  -4.2199181e-18  3.1386382e-17  2.4915474e-18  -1.0095362e-17  8.7298326e-18  1.1058227e-17  -3.5469505e-20  -6.4004655e-18  9.6957744e-18  9.2056070e-18  9.6082388e-17  
-4.9132146e-18  -7.0954362e-18  4.0178584e-17  1.7414468e-17  -3.0102227e-18  4.0874634e-18  2.1762818e-17  -6.2174336e-18  -6.8073126e-18  2.3526102e-17  1.2117569e-16  -4.9132146e-18  -7.0954362e-18  4.0178584e-17  1.7414468e-17  -3.0102227e-18  4.0874634e-18  2.1762818e-17  -6.2174336e-18  -6.8073126e-18  2.3526102e-17  1.2117569e-16  
-4.8446049e-18  -2.6304833e-17  -4.5717545e-18  6.5830871e-18  -1.7839520e-17  1.0893902e-17  2.1588752e-19  -3.8903641e-17  -7.8250426e-18  4.3673101e-18  1.6700165e-16  -4.8446049e-18  -2.6304833e-17  -4.5717545e-18  6.5830871e-18  -1.7839520e-17  1.0893902e-17  2.1588752e-19  -3.8903641e-17  -7.8250426e-18  4.3673101e-18  1.6700165e-16  
6.2951489e-18  1.8923298e-17  1.4018395e-18  1.7118536e-18  1.7500482e-17  1.2024056e-17  6.6979342e-17  4.4560550e-17  -1.9122086e-16  1.9385471e-16  -2.6138113e-18  6.2951489e-18  1.8923298e-17  1.4018395e-18  1.7118536e-18  1.7500482e-17  1.2024056e-17  6.6979342e-17  4.4560550e-17  -1.9122086e-16  1.9385471e-16  -2.6138113e-18  
-5.4741622e-18  4.7169147e-18  -6.9846337e-18  -2.3479753e-18  2.7909736e-19  -1.6344348e-17  -3.1641763e-17  3.5943843e-18  2.1147025e-17  3.4690234e-18  8.2873704e-18  -5.4741622e-18  4.7169147e-18  -6.9846337e-18  -2.3479753e-18  2.7909736e-19  -1.6344348e-17  -3.1641763e-17  3.5943843e-18  2.1147025e-17  3.4690234e-18  8.2873704e-18  
2.5795753e-17  -4.2993142e-18  -4.2059421e-18  -9.9219322e-18  -8.3859438e-18  1.6287279e-17  7.1119004e-18  -1.1656656e-17  1.7381381e-18  3.5882896e-18  1.7843702e-17  2.5795753e-17  -4.2993142e-18  -4.2059421e-18  -9.9219322e-18  -8.3859438e-18  1.6287279e-17  7.1119004e-18  -1.1656656e-17  1.7381381e-18  3.5882896e-18  1.7843702e-17  
1.7220180e-18  6.3422651e-18  7.2103680e-19  1.6669608e-18  -7.5078883e-19  1.1087238e-17  6.5314711e-18  2.2171087e-18  2.0594759e-17  -5.0142233e-18  3.8116483e-20  1.7220180e-18  6.3422651e-18  7.2103680e-19  1.6669608e-18  -7.5078883e-19  1.1087238e-17  6.5314711e-18  2.2171087e-18  2.0594759e-17  -5.0142233e-18  3.8116483e-20  
2.6253786e-18  5.7206488e-19  2.4170085e-18  2.7128877e-19  1.1954811e-18  9.8636987e-19  -9.6680341e-18  4.8392686e-17  -3.9539498e-18  -1.1729765e-17  1.8062978e-17  2.6253786e-18  5.7206488e-19  2.4170085e-18  2.7128877e-19  1.1954811e-18  9.8636987e-19  -9.6680341e-18  4.8392686e-17  -3.9539498e-18  -1.1729765e-17  1.8062978e-17  
1.4285211e-18  -2.4591405e-17  -3.4685999e-19  -7.2414964e-18  1.0745589e-18  7.3313349e-18  4.0728520e-18  2.5542590e-17  2.1565459e-18  5.8699066e-17  -3.0575507e-17  1.4285211e-18  -2.4591405e-17  -3.4685999e-19  -7.2414964e-18  1.0745589e-18  7.3313349e-18  4.0728520e-18  2.5542590e-17  2.1565459e-18  5.8699066e-17  -3.0575507e-17  
2.3715228e-17  7.1032712e-18  6.6034689e-18  2.3337875e-18  2.9202520e-18  2.5381078e-18  -3.9437854e-18  2.5662981e-18  -4.0788872e-18  8.9868608e-18  3.7129689e-18  2.3715228e-17  7.1032712e-18  6.6034689e-18  2.3337875e-18  2.9202520e-18  2.5381078e-18  -3.9437854e-18  2.5662981e-18  -4.0788872e-18  8.9868608e-18  3.7129689e-18  
-1.3071412e-17  -8.7440270e-18  -3.5405977e-18  7.2023212e-18  1.4135762e-17  3.2314307e-18  -6.1362243e-19  4.9519664e-19  -1.9227648e-18  9.9935065e-18  2.0500527e-17  -1.3071412e-17  -8.7440270e-18  -3.5405977e-18  7.2023212e-18  1.4135762e-17  3.2314307e-18  -6.1362243e-19  4.9519664e-19  -1.9227648e-18  9.9935065e-18  2.0500527e-17  
-4.2199181e-18  3.1386382e-17  2.4915474e-18  -1.0095362e-17  8.7298326e-18  1.1058227e-17  -3.5469505e-20  -6.4004655e-18  9.6957744e-18  9.2056070e-18  9.6082388e-17  -4.2199181e-18  3.1386382e-17  2.4915474e-18  -1.0095362e-17  8.7298326e-18  1.1058227e-17  -3.5469505e-20  -6.4004655e-18  9.6957744e-18  9.2056070e-18  9.6082388e-17  
-4.9132146e-18  -7.0954362e-18  4.0178584e-17  1.7414468e-17  -3.0102227e-18  4.0874634e-18  2.1762818e-17  -6.2174336e-18  -6.8073126e-18  2.3526102e-17  1.2117569e-16  -4.9132146e-18  -7.0954362e-18  4.0178584e-17  1.7414468e-17  -3.0102227e-18  4.0874634e-18  2.1762818e-17  -6.2174336e-18  -6.8073126e-18  2.3526102e-17  1.2117569e-16  
-4.8446049e-18  -2.6304833e-17  -4.5717545e-18  6.5830871e-18  -1.7839520e-17  1.0893902e-17  2.1588752e-19  -3.8903641e-17  -7.8250426e-18  4.3673101e-18  1.6700165e-16  -4.8446049e-18  -2.6304833e-17  -4.5717545e-18  6.5830871e-18  -1.7839520e-17  1.0893902e-17  2.1588752e-19  -3.8903641e-17  -7.8250426e-18  4.3673101e-18  1.6700165e-16  
6.2951489e-18  1.8923298e-17  1.4018395e-18  1.7118536e-18  1.7500482e-17  1.2024056e-17  6.6979342e-17  4.4560550e-17  -1.9122086e-16  1.9385471e-16  -2.6138113e-18  6.2951489e-18  1.8923298e-17  1.4018395e-18  1.7118536e-18  1.7500482e-17  1.2024056e-17  6.6979342e-17  4.4560550e-17  -1.9122086e-16  1.9385471e-16  -2.6138113e-18  
