-6.6740902e-19  -5.2037469e-18  -4.8238526e-19  -9.8680132e-18  7.8731712e-18  2.6349077e-18  -3.8285889e-19  2.4034560e-19  5.4066113e-18  3.3387921e-18  -2.5762507e-18  -6.6740902e-19  -5.2037469e-18  -4.8238526e-19  -9.8680132e-18  7.8731712e-18  2.6349077e-18  -3.8285889e-19  2.4034560e-19  5.4066113e-18  3.3387921e-18  -2.5762507e-18  
-1.7168299e-18  -2.0201736e-19  7.3734218e-19  -5.6115933e-20  5.0999854e-18  4.0310298e-18  3.0630829e-18  2.1565459e-18  1.6678079e-18  -6.2773612e-18  1.1689055e-18  -1.7168299e-18  -2.0201736e-19  7.3734218e-19  -5.6115933e-20  5.0999854e-18  4.0310298e-18  3.0630829e-18  2.1565459e-18  1.6678079e-18  -6.2773612e-18  1.1689055e-18  
5.1711361e-19  -1.4746844e-18  -2.0196442e-19  -1.5996217e-18  -1.7732635e-18  -1.7584404e-18  -1.3428649e-18  -2.0582901e-19  3.0967525e-18  1.3620290e-17  2.2863537e-18  5.1711361e-19  -1.4746844e-18  -2.0196442e-19  -1.5996217e-18  -1.7732635e-18  -1.7584404e-18  -1.3428649e-18  -2.0582901e-19  3.0967525e-18  1.3620290e-17  2.2863537e-18  
2.3857940e-18  -2.8406309e-18  -7.0388438e-19  -6.5853503e-19  4.5886951e-18  -1.0476739e-18  -2.3775156e-18  -2.8007144e-18  5.9204850e-17  1.8976714e-18  -3.8487060e-20  2.3857940e-18  -2.8406309e-18  -7.0388438e-19  -6.5853503e-19  4.5886951e-18  -1.0476739e-18  -2.3775156e-18  -2.8007144e-18  5.9204850e-17  1.8976714e-18  -3.8487060e-20  
9.9568723e-18  8.1213519e-18  1.9397054e-19  1.6121155e-18  1.6831471e-19  2.2878889e-18  -2.5802741e-18  1.7877689e-19  -5.5059550e-17  -5.4552098e-18  1.4852723e-18  9.9568723e-18  8.1213519e-18  1.9397054e-19  1.6121155e-18  1.6831471e-19  2.2878889e-18  -2.5802741e-18  1.7877689e-19  -5.5059550e-17  -5.4552098e-18  1.4852723e-18  
-3.4146016e-19  1.8249325e-18  -4.2817515e-18  4.2417822e-19  -8.8386565e-19  2.1113487e-18  1.3298417e-19  4.6004477e-19  6.1427094e-19  2.6871875e-17  -1.3753697e-19  -3.4146016e-19  1.8249325e-18  -4.2817515e-18  4.2417822e-19  -8.8386565e-19  2.1113487e-18  1.3298417e-19  4.6004477e-19  6.1427094e-19  2.6871875e-17  -1.3753697e-19  
1.9433053e-18  -1.2917252e-19  -2.7189758e-19  -1.4833400e-18  3.3463095e-19  -1.8842777e-18  1.1773758e-19  2.1343099e-17  3.7760570e-17  5.9638796e-18  4.6269572e-18  1.9433053e-18  -1.2917252e-19  -2.7189758e-19  -1.4833400e-18  3.3463095e-19  -1.8842777e-18  1.1773758e-19  2.1343099e-17  3.7760570e-17  5.9638796e-18  4.6269572e-18  
-9.0971339e-19  -2.8669948e-18  -8.4470361e-19  6.3637850e-18  -1.2958016e-18  7.1714574e-19  -8.9744067e-18  -1.4544466e-18  7.3580164e-18  -4.9841536e-18  5.5640866e-18  -9.0971339e-19  -2.8669948e-18  -8.4470361e-19  6.3637850e-18  -1.2958016e-18  7.1714574e-19  -8.9744067e-18  -1.4544466e-18  7.3580164e-18  -4.9841536e-18  5.5640866e-18  
1.2951134e-18  7.4543135e-18  -6.7474645e-18  2.4837706e-17  -4.8284597e-17  -2.2157601e-17  -3.0836976e-17  4.6882480e-18  -1.4608043e-18  3.8400106e-18  8.1091255e-17  1.2951134e-18  7.4543135e-18  -6.7474645e-18  2.4837706e-17  -4.8284597e-17  -2.2157601e-17  -3.0836976e-17  4.6882480e-18  -1.4608043e-18  3.8400106e-18  8.1091255e-17  
-5.9779350e-18  -6.2714319e-18  8.4402598e-18  -3.5262511e-18  2.8515397e-17  2.2370802e-17  -3.0071787e-18  -9.6017537e-18  4.1187440e-18  3.9496286e-18  -5.8619894e-17  -5.9779350e-18  -6.2714319e-18  8.4402598e-18  -3.5262511e-18  2.8515397e-17  2.2370802e-17  -3.0071787e-18  -9.6017537e-18  4.1187440e-18  3.9496286e-18  -5.8619894e-17  
-1.0221570e-18  -3.0302604e-18  2.8852060e-18  1.3465177e-19  8.6484711e-19  -7.0684899e-19  9.1420928e-18  -2.8372692e-17  -1.8741080e-17  8.4756234e-19  2.3813537e-19  -1.0221570e-18  -3.0302604e-18  2.8852060e-18  1.3465177e-19  8.6484711e-19  -7.0684899e-19  9.1420928e-18  -2.8372692e-17  -1.8741080e-17  8.4756234e-19  2.3813537e-19  
-6.6740902e-19  -5.2037469e-18  -4.8238526e-19  -9.8680132e-18  7.8731712e-18  2.6349077e-18  -3.8285889e-19  2.4034560e-19  5.4066113e-18  3.3387921e-18  -2.5762507e-18  -6.6740902e-19  -5.2037469e-18  -4.8238526e-19  -9.8680132e-18  7.8731712e-18  2.6349077e-18  -3.8285889e-19  2.4034560e-19  5.4066113e-18  3.3387921e-18  -2.5762507e-18  
-1.7168299e-18  -2.0201736e-19  7.3734218e-19  -5.6115933e-20  5.0999854e-18  4.0310298e-18  3.0630829e-18  2.1565459e-18  1.6678079e-18  -6.2773612e-18  1.1689055e-18  -1.7168299e-18  -2.0201736e-19  7.3734218e-19  -5.6115933e-20  5.0999854e-18  4.0310298e-18  3.0630829e-18  2.1565459e-18  1.6678079e-18  -6.2773612e-18  1.1689055e-18  
5.1711361e-19  -1.4746844e-18  -2.0196442e-19  -1.5996217e-18  -1.7732635e-18  -1.7584404e-18  -1.3428649e-18  -2.0582901e-19  3.0967525e-18  1.3620290e-17  2.2863537e-18  5.1711361e-19  -1.4746844e-18  -2.0196442e-19  -1.5996217e-18  -1.7732635e-18  -1.7584404e-18  -1.3428649e-18  -2.0582901e-19  3.0967525e-18  1.3620290e-17  2.2863537e-18  
2.3857940e-18  -2.8406309e-18  -7.0388438e-19  -6.5853503e-19  4.5886951e-18  -1.0476739e-18  -2.3775156e-18  -2.8007144e-18  5.9204850e-17  1.8976714e-18  -3.8487060e-20  2.3857940e-18  -2.8406309e-18  -7.0388438e-19  -6.5853503e-19  4.5886951e-18  -1.0476739e-18  -2.3775156e-18  -2.8007144e-18  5.9204850e-17  1.8976714e-18  -3.8487060e-20  
9.9568723e-18  8.1213519e-18  1.9397054e-19  1.6121155e-18  1.6831471e-19  2.2878889e-18  -2.5802741e-18  1.7877689e-19  -5.5059550e-17  -5.4552098e-18  1.4852723e-18  9.9568723e-18  8.1213519e-18  1.9397054e-19  1.6121155e-18  1.6831471e-19  2.2878889e-18  -2.5802741e-18  1.7877689e-19  -5.5059550e-17  -5.4552098e-18  1.4852723e-18  
-3.4146016e-19  1.8249325e-18  -4.2817515e-18  4.2417822e-19  -8.8386565e-19  2.1113487e-18  1.3298417e-19  4.6004477e-19  6.1427094e-19  2.6871875e-17  -1.3753697e-19  -3.4146016e-19  1.8249325e-18  -4.2817515e-18  4.2417822e-19  -8.8386565e-19  2.1113487e-18  1.3298417e-19  4.6004477e-19  6.1427094e-19  2.6871875e-17  -1.3753697e-19  
1.9433053e-18  -1.2917252e-19  -2.7189758e-19  -1.4833400e-18  3.3463095e-19  -1.8842777e-18  1.1773758e-19  2.1343099e-17  3.7760570e-17  5.9638796e-18  4.6269572e-18  1.9433053e-18  -1.2917252e-19  -2.7189758e-19  -1.4833400e-18  3.3463095e-19  -1.8842777e-18  1.1773758e-19  2.1343099e-17  3.7760570e-17  5.9638796e-18  4.6269572e-18  
-9.0971339e-19  -2.8669948e-18  -8.4470361e-19  6.3637850e-18  -1.2958016e-18  7.1714574e-19  -8.9744067e-18  -1.4544466e-18  7.3580164e-18  -4.9841536e-18  5.5640866e-18  -9.0971339e-19  -2.8669948e-18  -8.4470361e-19  6.3637850e-18  -1.2958016e-18  7.1714574e-19  -8.9744067e-18  -1.4544466e-18  7.3580164e-18  -4.9841536e-18  5.5640866e-18  
1.2951134e-18  7.4543135e-18  -6.7474645e-18  2.4837706e-17  -4.8284597e-17  -2.2157601e-17  -3.0836976e-17  4.6882480e-18  -1.4608043e-18  3.8400106e-18  8.1091255e-17  1.2951134e-18  7.4543135e-18  -6.7474645e-18  2.4837706e-17  -4.8284597e-17  -2.2157601e-17  -3.0836976e-17  4.6882480e-18  -1.4608043e-18  3.8400106e-18  8.1091255e-17  
-5.9779350e-18  -6.2714319e-18  8.4402598e-18  -3.5262511e-18  2.8515397e-17  2.2370802e-17  -3.0071787e-18  -9.6017537e-18  4.1187440e-18  3.9496286e-18  -5.8619894e-17  -5.9779350e-18  -6.2714319e-18  8.4402598e-18  -3.5262511e-18  2.8515397e-17  2.2370802e-17  -3.0071787e-18  -9.6017537e-18  4.1187440e-18  3.9496286e-18  -5.8619894e-17  
-1.0221570e-18  -3.0302604e-18  2.8852060e-18  1.3465177e-19  8.6484711e-19  -7.0684899e-19  9.1420928e-18  -2.8372692e-17  -1.8741080e-17  8.4756234e-19  2.3813537e-19  -1.0221570e-18  -3.0302604e-18  2.8852060e-18  1.3465177e-19  8.6484711e-19  -7.0684899e-19  9.1420928e-18  -2.8372692e-17  -1.8741080e-17  8.4756234e-19  2.3813537e-19  
