-0.99951129  -0.018681218  0.010498312  -0.0070792644  -0.00082218268  -0.0038650662  -0.00023658290  0.00038440691  -0.00062531712  0.00025719361  0.00096690477  -0.99951129  -0.018681218  0.010498312  -0.0070792644  -0.00082218268  -0.0038650662  -0.00023658290  0.00038440691  -0.00062531712  0.00025719361  0.00096690477  
-0.018594667  0.99960176  0.0039547252  0.0029652832  -0.0028764575  -0.00030139380  0.011820501  0.0013208360  -0.00069314471  0.00097032272  -0.00042617999  -0.018594667  0.99960176  0.0039547252  0.0029652832  -0.0028764575  -0.00030139380  0.011820501  0.0013208360  -0.00069314471  0.00097032272  -0.00042617999  
0.010943971  -0.0035433015  0.99602682  -0.082672250  -0.0041865527  -0.0010095670  0.00011588978  -0.0035779716  -0.0046420191  0.0024638471  -0.0011717533  0.010943971  -0.0035433015  0.99602682  -0.082672250  -0.0041865527  -0.0010095670  0.00011588978  -0.0035779716  -0.0046420191  0.0024638471  -0.0011717533  
-0.0064248821  -0.0034130145  0.082827757  0.99603787  -0.0060998717  -0.00077778980  0.0023545630  9.1017952e-05  0.0014987730  0.0028306777  -0.00010664801  -0.0064248821  -0.0034130145  0.082827757  0.99603787  -0.0060998717  -0.00077778980  0.0023545630  9.1017952e-05  0.0014987730  0.0028306777  -0.00010664801  
0.00096886354  -0.0028366796  -0.0048268046  -0.0058072837  -0.99976568  -0.0019131950  -0.00041990128  -0.0058435978  -0.00096236102  0.0085642864  0.0031693841  0.00096886354  -0.0028366796  -0.0048268046  -0.0058072837  -0.99976568  -0.0019131950  -0.00041990128  -0.0058435978  -0.00096236102  0.0085642864  0.0031693841  
-0.0038255516  0.0010331972  0.0010865088  0.00087185265  -0.0017953121  0.99750213  -0.066999988  -0.019084095  0.0035757734  -0.0018270355  -0.00035963672  -0.0038255516  0.0010331972  0.0010865088  0.00087185265  -0.0017953121  0.99750213  -0.066999988  -0.019084095  0.0035757734  -0.0018270355  -0.00035963672  
-0.00022401033  -0.011696411  -0.00037489836  -0.0022586615  -0.00036476202  0.066485738  0.99721166  -0.024870457  -0.00072992214  -0.0022100809  -0.00059898323  -0.00022401033  -0.011696411  -0.00037489836  -0.0022586615  -0.00036476202  0.066485738  0.99721166  -0.024870457  -0.00072992214  -0.0022100809  -0.00059898323  
-0.00046153744  0.0016154531  -0.0034023944  0.00038933991  0.0057102385  -0.020710819  -0.023513197  -0.99931929  0.0086584917  -0.0030956151  0.0022945122  -0.00046153744  0.0016154531  -0.0034023944  0.00038933991  0.0057102385  -0.020710819  -0.023513197  -0.99931929  0.0086584917  -0.0030956151  0.0022945122  
-0.00055428145  0.00065340638  0.0045158344  -0.0018190221  -0.0011856903  -0.0033981685  0.0011161493  0.0086333087  0.99972758  -0.015321210  -0.0095041648  -0.00055428145  0.00065340638  0.0045158344  -0.0018190221  -0.0011856903  -0.0033981685  0.0011161493  0.0086333087  0.99972758  -0.015321210  -0.0095041648  
-0.00032152367  0.00099354602  0.0026252578  0.0026236845  -0.0087631166  -0.0018697710  -0.0020091575  0.0030696098  -0.015424121  -0.99971915  -0.0044607660  -0.00032152367  0.00099354602  0.0026252578  0.0026236845  -0.0087631166  -0.0018697710  -0.0020091575  0.0030696098  -0.015424121  -0.99971915  -0.0044607660  
0.00095993245  0.00044448754  0.0011144480  7.7838589e-05  0.0031421212  0.00039447251  0.00061613413  0.0023542749  0.0093811037  -0.0046477797  0.99977769  0.00095993245  0.00044448754  0.0011144480  7.7838589e-05  0.0031421212  0.00039447251  0.00061613413  0.0023542749  0.0093811037  -0.0046477797  0.99977769  
-0.99951129  -0.018681218  0.010498312  -0.0070792644  -0.00082218268  -0.0038650662  -0.00023658290  0.00038440691  -0.00062531712  0.00025719361  0.00096690477  -0.99951129  -0.018681218  0.010498312  -0.0070792644  -0.00082218268  -0.0038650662  -0.00023658290  0.00038440691  -0.00062531712  0.00025719361  0.00096690477  
-0.018594667  0.99960176  0.0039547252  0.0029652832  -0.0028764575  -0.00030139380  0.011820501  0.0013208360  -0.00069314471  0.00097032272  -0.00042617999  -0.018594667  0.99960176  0.0039547252  0.0029652832  -0.0028764575  -0.00030139380  0.011820501  0.0013208360  -0.00069314471  0.00097032272  -0.00042617999  
0.010943971  -0.0035433015  0.99602682  -0.082672250  -0.0041865527  -0.0010095670  0.00011588978  -0.0035779716  -0.0046420191  0.0024638471  -0.0011717533  0.010943971  -0.0035433015  0.99602682  -0.082672250  -0.0041865527  -0.0010095670  0.00011588978  -0.0035779716  -0.0046420191  0.0024638471  -0.0011717533  
-0.0064248821  -0.0034130145  0.082827757  0.99603787  -0.0060998717  -0.00077778980  0.0023545630  9.1017952e-05  0.0014987730  0.0028306777  -0.00010664801  -0.0064248821  -0.0034130145  0.082827757  0.99603787  -0.0060998717  -0.00077778980  0.0023545630  9.1017952e-05  0.0014987730  0.0028306777  -0.00010664801  
0.00096886354  -0.0028366796  -0.0048268046  -0.0058072837  -0.99976568  -0.0019131950  -0.00041990128  -0.0058435978  -0.00096236102  0.0085642864  0.0031693841  0.00096886354  -0.0028366796  -0.0048268046  -0.0058072837  -0.99976568  -0.0019131950  -0.00041990128  -0.0058435978  -0.00096236102  0.0085642864  0.0031693841  
-0.0038255516  0.0010331972  0.0010865088  0.00087185265  -0.0017953121  0.99750213  -0.066999988  -0.019084095  0.0035757734  -0.0018270355  -0.00035963672  -0.0038255516  0.0010331972  0.0010865088  0.00087185265  -0.0017953121  0.99750213  -0.066999988  -0.019084095  0.0035757734  -0.0018270355  -0.00035963672  
-0.00022401033  -0.011696411  -0.00037489836  -0.0022586615  -0.00036476202  0.066485738  0.99721166  -0.024870457  -0.00072992214  -0.0022100809  -0.00059898323  -0.00022401033  -0.011696411  -0.00037489836  -0.0022586615  -0.00036476202  0.066485738  0.99721166  -0.024870457  -0.00072992214  -0.0022100809  -0.00059898323  
-0.00046153744  0.0016154531  -0.0034023944  0.00038933991  0.0057102385  -0.020710819  -0.023513197  -0.99931929  0.0086584917  -0.0030956151  0.0022945122  -0.00046153744  0.0016154531  -0.0034023944  0.00038933991  0.0057102385  -0.020710819  -0.023513197  -0.99931929  0.0086584917  -0.0030956151  0.0022945122  
-0.00055428145  0.00065340638  0.0045158344  -0.0018190221  -0.0011856903  -0.0033981685  0.0011161493  0.0086333087  0.99972758  -0.015321210  -0.0095041648  -0.00055428145  0.00065340638  0.0045158344  -0.0018190221  -0.0011856903  -0.0033981685  0.0011161493  0.0086333087  0.99972758  -0.015321210  -0.0095041648  
-0.00032152367  0.00099354602  0.0026252578  0.0026236845  -0.0087631166  -0.0018697710  -0.0020091575  0.0030696098  -0.015424121  -0.99971915  -0.0044607660  -0.00032152367  0.00099354602  0.0026252578  0.0026236845  -0.0087631166  -0.0018697710  -0.0020091575  0.0030696098  -0.015424121  -0.99971915  -0.0044607660  
0.00095993245  0.00044448754  0.0011144480  7.7838589e-05  0.0031421212  0.00039447251  0.00061613413  0.0023542749  0.0093811037  -0.0046477797  0.99977769  0.00095993245  0.00044448754  0.0011144480  7.7838589e-05  0.0031421212  0.00039447251  0.00061613413  0.0023542749  0.0093811037  -0.0046477797  0.99977769  
