-3.8108012e-18  -1.2612321e-17  -7.7766095e-18  -1.2908782e-18  -6.7990276e-18  1.9668105e-18  -4.4867335e-18  3.4593673e-17  2.1867850e-17  2.5399130e-17  9.6341527e-18  -3.8108012e-18  -1.2612321e-17  -7.7766095e-18  -1.2908782e-18  -6.7990276e-18  1.9668105e-18  -4.4867335e-18  3.4593673e-17  2.1867850e-17  2.5399130e-17  9.6341527e-18  
-1.5670110e-17  -2.9595861e-19  7.1608165e-18  -1.2705494e-19  -6.5306240e-19  8.7312156e-18  -3.0451893e-17  -1.0058516e-17  -2.7542123e-17  3.2032245e-17  -1.1167071e-17  -1.5670110e-17  -2.9595861e-19  7.1608165e-18  -1.2705494e-19  -6.5306240e-19  8.7312156e-18  -3.0451893e-17  -1.0058516e-17  -2.7542123e-17  3.2032245e-17  -1.1167071e-17  
8.8150719e-18  -1.9227648e-19  3.7491796e-19  1.9362538e-17  2.0123703e-17  1.2476795e-18  5.4459983e-18  -3.3974492e-18  -1.1154153e-17  8.5693264e-18  1.9201813e-17  8.8150719e-18  -1.9227648e-19  3.7491796e-19  1.9362538e-17  2.0123703e-17  1.2476795e-18  5.4459983e-18  -3.3974492e-18  -1.1154153e-17  8.5693264e-18  1.9201813e-17  
-8.9277273e-19  2.5660863e-18  1.5166548e-17  9.6254707e-19  -2.5919314e-17  1.9098052e-17  1.8406026e-18  -4.5328968e-18  6.3495707e-18  3.3062819e-17  2.4352197e-17  -8.9277273e-19  2.5660863e-18  1.5166548e-17  9.6254707e-19  -2.5919314e-17  1.9098052e-17  1.8406026e-18  -4.5328968e-18  6.3495707e-18  3.3062819e-17  2.4352197e-17  
1.5431987e-17  5.6072522e-18  -1.5169301e-17  -2.0937278e-17  1.3122476e-18  -8.2506303e-18  4.6694809e-18  -4.2182241e-18  3.3743675e-19  1.5853869e-17  2.2905637e-17  1.5431987e-17  5.6072522e-18  -1.5169301e-17  -2.0937278e-17  1.3122476e-18  -8.2506303e-18  4.6694809e-18  -4.2182241e-18  3.3743675e-19  1.5853869e-17  2.2905637e-17  
4.3825485e-18  -2.4421019e-17  1.0393094e-18  2.1833968e-17  -6.1110780e-18  -4.4597873e-18  -1.9718927e-18  -3.2936876e-18  -2.6054733e-18  -1.1451621e-17  -5.7958229e-19  4.3825485e-18  -2.4421019e-17  1.0393094e-18  2.1833968e-17  -6.1110780e-18  -4.4597873e-18  -1.9718927e-18  -3.2936876e-18  -2.6054733e-18  -1.1451621e-17  -5.7958229e-19  
-2.6994940e-18  9.5130270e-18  -5.5099493e-19  -4.7006093e-18  1.0908726e-18  3.6735819e-18  4.4109241e-19  1.2870877e-17  8.9137512e-18  -5.4390871e-17  -1.5022765e-17  -2.6994940e-18  9.5130270e-18  -5.5099493e-19  -4.7006093e-18  1.0908726e-18  3.6735819e-18  4.4109241e-19  1.2870877e-17  8.9137512e-18  -5.4390871e-17  -1.5022765e-17  
-7.9002128e-17  8.9268802e-18  -1.9591872e-18  -8.3051580e-19  3.4080529e-17  -3.2102549e-19  3.8296477e-18  7.8901119e-19  -5.7615181e-18  1.7358130e-16  7.1080887e-17  -7.9002128e-17  8.9268802e-18  -1.9591872e-18  -8.3051580e-19  3.4080529e-17  -3.2102549e-19  3.8296477e-18  7.8901119e-19  -5.7615181e-18  1.7358130e-16  7.1080887e-17  
1.7687742e-17  -1.5588794e-17  2.2061397e-17  1.3850895e-17  8.1249518e-18  8.6998754e-18  -1.1041074e-18  -8.8468356e-18  -1.8528713e-18  3.7729878e-17  1.7254823e-16  1.7687742e-17  -1.5588794e-17  2.2061397e-17  1.3850895e-17  8.1249518e-18  8.6998754e-18  -1.1041074e-18  -8.8468356e-18  -1.8528713e-18  3.7729878e-17  1.7254823e-16  
-5.1954883e-18  2.3304206e-17  -1.7415315e-17  6.2759847e-20  -2.8923694e-17  9.1069277e-18  3.3206497e-17  -1.3041340e-16  -3.6321170e-18  3.8908161e-18  -1.2235600e-16  -5.1954883e-18  2.3304206e-17  -1.7415315e-17  6.2759847e-20  -2.8923694e-17  9.1069277e-18  3.3206497e-17  -1.3041340e-16  -3.6321170e-18  3.8908161e-18  -1.2235600e-16  
-9.2699286e-18  -3.4580120e-18  5.4847501e-18  3.6841275e-17  1.5274280e-17  7.8731712e-18  1.9817183e-17  -4.5276029e-18  -2.1233125e-16  1.5914653e-16  5.5956882e-18  -9.2699286e-18  -3.4580120e-18  5.4847501e-18  3.6841275e-17  1.5274280e-17  7.8731712e-18  1.9817183e-17  -4.5276029e-18  -2.1233125e-16  1.5914653e-16  5.5956882e-18  
-3.8108012e-18  -1.2612321e-17  -7.7766095e-18  -1.2908782e-18  -6.7990276e-18  1.9668105e-18  -4.4867335e-18  3.4593673e-17  2.1867850e-17  2.5399130e-17  9.6341527e-18  -3.8108012e-18  -1.2612321e-17  -7.7766095e-18  -1.2908782e-18  -6.7990276e-18  1.9668105e-18  -4.4867335e-18  3.4593673e-17  2.1867850e-17  2.5399130e-17  9.6341527e-18  
-1.5670110e-17  -2.9595861e-19  7.1608165e-18  -1.2705494e-19  -6.5306240e-19  8.7312156e-18  -3.0451893e-17  -1.0058516e-17  -2.7542123e-17  3.2032245e-17  -1.1167071e-17  -1.5670110e-17  -2.9595861e-19  7.1608165e-18  -1.2705494e-19  -6.5306240e-19  8.7312156e-18  -3.0451893e-17  -1.0058516e-17  -2.7542123e-17  3.2032245e-17  -1.1167071e-17  
8.8150719e-18  -1.9227648e-19  3.7491796e-19  1.9362538e-17  2.0123703e-17  1.2476795e-18  5.4459983e-18  -3.3974492e-18  -1.1154153e-17  8.5693264e-18  1.9201813e-17  8.8150719e-18  -1.9227648e-19  3.7491796e-19  1.9362538e-17  2.0123703e-17  1.2476795e-18  5.4459983e-18  -3.3974492e-18  -1.1154153e-17  8.5693264e-18  1.9201813e-17  
-8.9277273e-19  2.5660863e-18  1.5166548e-17  9.6254707e-19  -2.5919314e-17  1.9098052e-17  1.8406026e-18  -4.5328968e-18  6.3495707e-18  3.3062819e-17  2.4352197e-17  -8.9277273e-19  2.5660863e-18  1.5166548e-17  9.6254707e-19  -2.5919314e-17  1.9098052e-17  1.8406026e-18  -4.5328968e-18  6.3495707e-18  3.3062819e-17  2.4352197e-17  
1.5431987e-17  5.6072522e-18  -1.5169301e-17  -2.0937278e-17  1.3122476e-18  -8.2506303e-18  4.6694809e-18  -4.2182241e-18  3.3743675e-19  1.5853869e-17  2.2905637e-17  1.5431987e-17  5.6072522e-18  -1.5169301e-17  -2.0937278e-17  1.3122476e-18  -8.2506303e-18  4.6694809e-18  -4.2182241e-18  3.3743675e-19  1.5853869e-17  2.2905637e-17  
4.3825485e-18  -2.4421019e-17  1.0393094e-18  2.1833968e-17  -6.1110780e-18  -4.4597873e-18  -1.9718927e-18  -3.2936876e-18  -2.6054733e-18  -1.1451621e-17  -5.7958229e-19  4.3825485e-18  -2.4421019e-17  1.0393094e-18  2.1833968e-17  -6.1110780e-18  -4.4597873e-18  -1.9718927e-18  -3.2936876e-18  -2.6054733e-18  -1.1451621e-17  -5.7958229e-19  
-2.6994940e-18  9.5130270e-18  -5.5099493e-19  -4.7006093e-18  1.0908726e-18  3.6735819e-18  4.4109241e-19  1.2870877e-17  8.9137512e-18  -5.4390871e-17  -1.5022765e-17  -2.6994940e-18  9.5130270e-18  -5.5099493e-19  -4.7006093e-18  1.0908726e-18  3.6735819e-18  4.4109241e-19  1.2870877e-17  8.9137512e-18  -5.4390871e-17  -1.5022765e-17  
-7.9002128e-17  8.9268802e-18  -1.9591872e-18  -8.3051580e-19  3.4080529e-17  -3.2102549e-19  3.8296477e-18  7.8901119e-19  -5.7615181e-18  1.7358130e-16  7.1080887e-17  -7.9002128e-17  8.9268802e-18  -1.9591872e-18  -8.3051580e-19  3.4080529e-17  -3.2102549e-19  3.8296477e-18  7.8901119e-19  -5.7615181e-18  1.7358130e-16  7.1080887e-17  
1.7687742e-17  -1.5588794e-17  2.2061397e-17  1.3850895e-17  8.1249518e-18  8.6998754e-18  -1.1041074e-18  -8.8468356e-18  -1.8528713e-18  3.7729878e-17  1.7254823e-16  1.7687742e-17  -1.5588794e-17  2.2061397e-17  1.3850895e-17  8.1249518e-18  8.6998754e-18  -1.1041074e-18  -8.8468356e-18  -1.8528713e-18  3.7729878e-17  1.7254823e-16  
-5.1954883e-18  2.3304206e-17  -1.7415315e-17  6.2759847e-20  -2.8923694e-17  9.1069277e-18  3.3206497e-17  -1.3041340e-16  -3.6321170e-18  3.8908161e-18  -1.2235600e-16  -5.1954883e-18  2.3304206e-17  -1.7415315e-17  6.2759847e-20  -2.8923694e-17  9.1069277e-18  3.3206497e-17  -1.3041340e-16  -3.6321170e-18  3.8908161e-18  -1.2235600e-16  
-9.2699286e-18  -3.4580120e-18  5.4847501e-18  3.6841275e-17  1.5274280e-17  7.8731712e-18  1.9817183e-17  -4.5276029e-18  -2.1233125e-16  1.5914653e-16  5.5956882e-18  -9.2699286e-18  -3.4580120e-18  5.4847501e-18  3.6841275e-17  1.5274280e-17  7.8731712e-18  1.9817183e-17  -4.5276029e-18  -2.1233125e-16  1.5914653e-16  5.5956882e-18  
