-0.99882397  -0.046024892  -0.0013259018  1.0660250e-05  0.0020581767  0.0056455309  0.00098096673  -0.0022219555  0.00085709872  0.00068261086  0.00096833944  -0.99882397  -0.046024892  -0.0013259018  1.0660250e-05  0.0020581767  0.0056455309  0.00098096673  -0.0022219555  0.00085709872  0.00068261086  0.00096833944  
0.046152579  -0.99852544  0.0055471914  0.0047633458  0.0030221960  0.015521432  0.015370246  -0.0048841468  2.1771500e-05  0.00027474205  -0.00098593455  0.046152579  -0.99852544  0.0055471914  0.0047633458  0.0030221960  0.015521432  0.015370246  -0.0048841468  2.1771500e-05  0.00027474205  -0.00098593455  
0.0015935011  -0.0053904899  -0.99974330  0.0052823988  -0.0030868242  0.00050023102  0.00013686596  -0.00090350932  0.0013658589  -0.0033561940  -0.0029862090  0.0015935011  -0.0053904899  -0.99974330  0.0052823988  -0.0030868242  0.00050023102  0.00013686596  -0.00090350932  0.0013658589  -0.0033561940  -0.0029862090  
0.00029432288  -0.0047435916  -0.0052504810  -0.99965103  0.011451529  -0.0021500493  0.0025778703  -0.0022921351  0.0032523090  0.00072594750  -3.4548905e-05  0.00029432288  -0.0047435916  -0.0052504810  -0.99965103  0.011451529  -0.0021500493  0.0025778703  -0.0022921351  0.0032523090  0.00072594750  -3.4548905e-05  
0.0020206882  0.0037736385  -0.0030155977  0.011260338  0.99910077  0.032700032  0.010578653  0.0086409955  0.0065685928  0.0026543802  -0.00096923645  0.0020206882  0.0037736385  -0.0030155977  0.011260338  0.99910077  0.032700032  0.010578653  0.0086409955  0.0065685928  0.0026543802  -0.00096923645  
0.0047036851  0.020443454  0.00054669123  -0.0013166774  -0.034066784  0.92406357  0.37888746  -0.023173652  0.0028128586  0.00025644823  0.00036959863  0.0047036851  0.020443454  0.00054669123  -0.0013166774  -0.034066784  0.92406357  0.37888746  -0.023173652  0.0028128586  0.00025644823  0.00036959863  
-0.0017110431  0.0083382434  -0.00013445216  0.0031051529  0.0026044097  -0.37938772  0.92495839  -0.0029406455  -0.011574521  -0.0024083217  9.3766060e-05  -0.0017110431  0.0083382434  -0.00013445216  0.0031051529  0.0026044097  -0.37938772  0.92495839  -0.0029406455  -0.011574521  -0.0024083217  9.3766060e-05  
0.0018763210  0.0045537276  0.00081444424  0.0021626842  0.0090043338  -0.020020823  -0.011530527  -0.99923740  -0.0018583841  0.010041126  0.0011848807  0.0018763210  0.0045537276  0.00081444424  0.0021626842  0.0090043338  -0.020020823  -0.011530527  -0.99923740  -0.0018583841  0.010041126  0.0011848807  
0.0010266590  0.00015774797  0.00047107610  0.0032537633  -0.0069586046  -0.0072552936  0.0097993183  0.00079846723  0.96309307  0.26824074  0.00046678546  0.0010266590  0.00015774797  0.00047107610  0.0032537633  -0.0069586046  -0.0072552936  0.0097993183  0.00079846723  0.96309307  0.26824074  0.00046678546  
-0.00041567510  -0.00022853758  0.0035751683  0.00016666925  0.00089041854  -0.00091062902  0.00043100135  -0.010077485  0.26827213  -0.96315252  0.0078888820  -0.00041567510  -0.00022853758  0.0035751683  0.00016666925  0.00089041854  -0.00091062902  0.00043100135  -0.010077485  0.26827213  -0.96315252  0.0078888820  
-0.0010028099  0.00092829372  0.0028042136  -1.0820384e-05  -0.00097734161  0.00020772679  0.00022966407  -0.0012369762  0.0025678871  -0.0074408774  -0.99973235  -0.0010028099  0.00092829372  0.0028042136  -1.0820384e-05  -0.00097734161  0.00020772679  0.00022966407  -0.0012369762  0.0025678871  -0.0074408774  -0.99973235  
-0.99882397  -0.046024892  -0.0013259018  1.0660250e-05  0.0020581767  0.0056455309  0.00098096673  -0.0022219555  0.00085709872  0.00068261086  0.00096833944  -0.99882397  -0.046024892  -0.0013259018  1.0660250e-05  0.0020581767  0.0056455309  0.00098096673  -0.0022219555  0.00085709872  0.00068261086  0.00096833944  
0.046152579  -0.99852544  0.0055471914  0.0047633458  0.0030221960  0.015521432  0.015370246  -0.0048841468  2.1771500e-05  0.00027474205  -0.00098593455  0.046152579  -0.99852544  0.0055471914  0.0047633458  0.0030221960  0.015521432  0.015370246  -0.0048841468  2.1771500e-05  0.00027474205  -0.00098593455  
0.0015935011  -0.0053904899  -0.99974330  0.0052823988  -0.0030868242  0.00050023102  0.00013686596  -0.00090350932  0.0013658589  -0.0033561940  -0.0029862090  0.0015935011  -0.0053904899  -0.99974330  0.0052823988  -0.0030868242  0.00050023102  0.00013686596  -0.00090350932  0.0013658589  -0.0033561940  -0.0029862090  
0.00029432288  -0.0047435916  -0.0052504810  -0.99965103  0.011451529  -0.0021500493  0.0025778703  -0.0022921351  0.0032523090  0.00072594750  -3.4548905e-05  0.00029432288  -0.0047435916  -0.0052504810  -0.99965103  0.011451529  -0.0021500493  0.0025778703  -0.0022921351  0.0032523090  0.00072594750  -3.4548905e-05  
0.0020206882  0.0037736385  -0.0030155977  0.011260338  0.99910077  0.032700032  0.010578653  0.0086409955  0.0065685928  0.0026543802  -0.00096923645  0.0020206882  0.0037736385  -0.0030155977  0.011260338  0.99910077  0.032700032  0.010578653  0.0086409955  0.0065685928  0.0026543802  -0.00096923645  
0.0047036851  0.020443454  0.00054669123  -0.0013166774  -0.034066784  0.92406357  0.37888746  -0.023173652  0.0028128586  0.00025644823  0.00036959863  0.0047036851  0.020443454  0.00054669123  -0.0013166774  -0.034066784  0.92406357  0.37888746  -0.023173652  0.0028128586  0.00025644823  0.00036959863  
-0.0017110431  0.0083382434  -0.00013445216  0.0031051529  0.0026044097  -0.37938772  0.92495839  -0.0029406455  -0.011574521  -0.0024083217  9.3766060e-05  -0.0017110431  0.0083382434  -0.00013445216  0.0031051529  0.0026044097  -0.37938772  0.92495839  -0.0029406455  -0.011574521  -0.0024083217  9.3766060e-05  
0.0018763210  0.0045537276  0.00081444424  0.0021626842  0.0090043338  -0.020020823  -0.011530527  -0.99923740  -0.0018583841  0.010041126  0.0011848807  0.0018763210  0.0045537276  0.00081444424  0.0021626842  0.0090043338  -0.020020823  -0.011530527  -0.99923740  -0.0018583841  0.010041126  0.0011848807  
0.0010266590  0.00015774797  0.00047107610  0.0032537633  -0.0069586046  -0.0072552936  0.0097993183  0.00079846723  0.96309307  0.26824074  0.00046678546  0.0010266590  0.00015774797  0.00047107610  0.0032537633  -0.0069586046  -0.0072552936  0.0097993183  0.00079846723  0.96309307  0.26824074  0.00046678546  
-0.00041567510  -0.00022853758  0.0035751683  0.00016666925  0.00089041854  -0.00091062902  0.00043100135  -0.010077485  0.26827213  -0.96315252  0.0078888820  -0.00041567510  -0.00022853758  0.0035751683  0.00016666925  0.00089041854  -0.00091062902  0.00043100135  -0.010077485  0.26827213  -0.96315252  0.0078888820  
-0.0010028099  0.00092829372  0.0028042136  -1.0820384e-05  -0.00097734161  0.00020772679  0.00022966407  -0.0012369762  0.0025678871  -0.0074408774  -0.99973235  -0.0010028099  0.00092829372  0.0028042136  -1.0820384e-05  -0.00097734161  0.00020772679  0.00022966407  -0.0012369762  0.0025678871  -0.0074408774  -0.99973235  
