9.8769336e-19  -3.0406365e-18  -1.2901371e-18  -6.7652521e-18  1.1427321e-17  -1.8028673e-17  4.4512640e-18  -9.4306531e-19  5.1711361e-18  -9.5854483e-18  -4.1398735e-18  9.8769336e-19  -3.0406365e-18  -1.2901371e-18  -6.7652521e-18  1.1427321e-17  -1.8028673e-17  4.4512640e-18  -9.4306531e-19  5.1711361e-18  -9.5854483e-18  -4.1398735e-18  
-1.8967609e-17  -4.4421584e-19  -5.5141845e-19  -8.9494325e-19  4.3050450e-19  3.1806087e-18  -4.4918157e-18  5.6645328e-20  8.2407835e-18  5.6789324e-18  6.9080831e-19  -1.8967609e-17  -4.4421584e-19  -5.5141845e-19  -8.9494325e-19  4.3050450e-19  3.1806087e-18  -4.4918157e-18  5.6645328e-20  8.2407835e-18  5.6789324e-18  6.9080831e-19  
1.0945783e-18  -1.1602234e-18  1.3264007e-19  -2.2891065e-19  -2.1307114e-18  9.1606613e-19  -1.0623911e-18  -3.9810549e-19  -8.5067519e-18  4.0970984e-18  1.1016722e-19  1.0945783e-18  -1.1602234e-18  1.3264007e-19  -2.2891065e-19  -2.1307114e-18  9.1606613e-19  -1.0623911e-18  -3.9810549e-19  -8.5067519e-18  4.0970984e-18  1.1016722e-19  
9.6601461e-19  6.1251070e-20  1.5309062e-18  8.1406566e-19  8.0798076e-18  -1.9286940e-18  -7.3821568e-19  9.6580814e-18  -4.6182354e-18  -9.3113273e-18  -9.4617220e-18  9.6601461e-19  6.1251070e-20  1.5309062e-18  8.1406566e-19  8.0798076e-18  -1.9286940e-18  -7.3821568e-19  9.6580814e-18  -4.6182354e-18  -9.3113273e-18  -9.4617220e-18  
6.4439090e-18  -4.8068061e-18  3.2464655e-18  -2.5586218e-18  -5.4332200e-19  -1.2486324e-18  -2.6404929e-18  5.7237921e-18  -3.0424735e-17  -8.3762982e-17  -1.2352917e-18  6.4439090e-18  -4.8068061e-18  3.2464655e-18  -2.5586218e-18  -5.4332200e-19  -1.2486324e-18  -2.6404929e-18  5.7237921e-18  -3.0424735e-17  -8.3762982e-17  -1.2352917e-18  
-6.5257536e-18  7.7884680e-19  -1.1227422e-18  -7.6031795e-19  -3.9051395e-18  1.1141527e-18  4.0869340e-18  1.2759651e-17  -9.5754957e-18  5.1289963e-18  8.5832496e-18  -6.5257536e-18  7.7884680e-19  -1.1227422e-18  -7.6031795e-19  -3.9051395e-18  1.1141527e-18  4.0869340e-18  1.2759651e-17  -9.5754957e-18  5.1289963e-18  8.5832496e-18  
-1.4416395e-17  5.0631394e-19  -4.4332646e-18  2.8382221e-18  4.5528021e-21  -1.2113418e-17  -5.8503507e-19  2.1331995e-19  7.4729482e-18  2.0860516e-17  -3.1918848e-18  -1.4416395e-17  5.0631394e-19  -4.4332646e-18  2.8382221e-18  4.5528021e-21  -1.2113418e-17  -5.8503507e-19  2.1331995e-19  7.4729482e-18  2.0860516e-17  -3.1918848e-18  
-1.0577006e-17  3.0991877e-18  -8.6865876e-18  5.2287013e-18  -3.0596915e-18  -7.9152053e-18  6.4948898e-19  7.0607144e-19  -4.8342288e-18  1.8093894e-17  -4.0776973e-17  -1.0577006e-17  3.0991877e-18  -8.6865876e-18  5.2287013e-18  -3.0596915e-18  -7.9152053e-18  6.4948898e-19  7.0607144e-19  -4.8342288e-18  1.8093894e-17  -4.0776973e-17  
5.7725295e-18  -5.0415401e-18  2.9095582e-18  2.4123922e-17  9.3109038e-18  8.7032635e-20  -9.1818371e-18  5.8917494e-18  8.2536743e-19  -3.8707976e-17  3.6886591e-17  5.7725295e-18  -5.0415401e-18  2.9095582e-18  2.4123922e-17  9.3109038e-18  8.7032635e-20  -9.1818371e-18  5.8917494e-18  8.2536743e-19  -3.8707976e-17  3.6886591e-17  
7.9108642e-18  -2.1161424e-17  -1.3340769e-18  -3.4611884e-17  -4.2845785e-17  7.3628339e-19  7.0477376e-18  -3.1172718e-17  -7.8093658e-18  -5.2521337e-19  -3.1916837e-17  7.9108642e-18  -2.1161424e-17  -1.3340769e-18  -3.4611884e-17  -4.2845785e-17  7.3628339e-19  7.0477376e-18  -3.1172718e-17  -7.8093658e-18  -5.2521337e-19  -3.1916837e-17  
1.3711134e-17  1.8825307e-19  9.6588226e-19  2.0028352e-17  -3.9956132e-19  6.1062605e-18  3.9769653e-18  -2.5264081e-18  -2.0795199e-16  8.9209510e-18  -2.2860427e-18  1.3711134e-17  1.8825307e-19  9.6588226e-19  2.0028352e-17  -3.9956132e-19  6.1062605e-18  3.9769653e-18  -2.5264081e-18  -2.0795199e-16  8.9209510e-18  -2.2860427e-18  
9.8769336e-19  -3.0406365e-18  -1.2901371e-18  -6.7652521e-18  1.1427321e-17  -1.8028673e-17  4.4512640e-18  -9.4306531e-19  5.1711361e-18  -9.5854483e-18  -4.1398735e-18  9.8769336e-19  -3.0406365e-18  -1.2901371e-18  -6.7652521e-18  1.1427321e-17  -1.8028673e-17  4.4512640e-18  -9.4306531e-19  5.1711361e-18  -9.5854483e-18  -4.1398735e-18  
-1.8967609e-17  -4.4421584e-19  -5.5141845e-19  -8.9494325e-19  4.3050450e-19  3.1806087e-18  -4.4918157e-18  5.6645328e-20  8.2407835e-18  5.6789324e-18  6.9080831e-19  -1.8967609e-17  -4.4421584e-19  -5.5141845e-19  -8.9494325e-19  4.3050450e-19  3.1806087e-18  -4.4918157e-18  5.6645328e-20  8.2407835e-18  5.6789324e-18  6.9080831e-19  
1.0945783e-18  -1.1602234e-18  1.3264007e-19  -2.2891065e-19  -2.1307114e-18  9.1606613e-19  -1.0623911e-18  -3.9810549e-19  -8.5067519e-18  4.0970984e-18  1.1016722e-19  1.0945783e-18  -1.1602234e-18  1.3264007e-19  -2.2891065e-19  -2.1307114e-18  9.1606613e-19  -1.0623911e-18  -3.9810549e-19  -8.5067519e-18  4.0970984e-18  1.1016722e-19  
9.6601461e-19  6.1251070e-20  1.5309062e-18  8.1406566e-19  8.0798076e-18  -1.9286940e-18  -7.3821568e-19  9.6580814e-18  -4.6182354e-18  -9.3113273e-18  -9.4617220e-18  9.6601461e-19  6.1251070e-20  1.5309062e-18  8.1406566e-19  8.0798076e-18  -1.9286940e-18  -7.3821568e-19  9.6580814e-18  -4.6182354e-18  -9.3113273e-18  -9.4617220e-18  
6.4439090e-18  -4.8068061e-18  3.2464655e-18  -2.5586218e-18  -5.4332200e-19  -1.2486324e-18  -2.6404929e-18  5.7237921e-18  -3.0424735e-17  -8.3762982e-17  -1.2352917e-18  6.4439090e-18  -4.8068061e-18  3.2464655e-18  -2.5586218e-18  -5.4332200e-19  -1.2486324e-18  -2.6404929e-18  5.7237921e-18  -3.0424735e-17  -8.3762982e-17  -1.2352917e-18  
-6.5257536e-18  7.7884680e-19  -1.1227422e-18  -7.6031795e-19  -3.9051395e-18  1.1141527e-18  4.0869340e-18  1.2759651e-17  -9.5754957e-18  5.1289963e-18  8.5832496e-18  -6.5257536e-18  7.7884680e-19  -1.1227422e-18  -7.6031795e-19  -3.9051395e-18  1.1141527e-18  4.0869340e-18  1.2759651e-17  -9.5754957e-18  5.1289963e-18  8.5832496e-18  
-1.4416395e-17  5.0631394e-19  -4.4332646e-18  2.8382221e-18  4.5528021e-21  -1.2113418e-17  -5.8503507e-19  2.1331995e-19  7.4729482e-18  2.0860516e-17  -3.1918848e-18  -1.4416395e-17  5.0631394e-19  -4.4332646e-18  2.8382221e-18  4.5528021e-21  -1.2113418e-17  -5.8503507e-19  2.1331995e-19  7.4729482e-18  2.0860516e-17  -3.1918848e-18  
-1.0577006e-17  3.0991877e-18  -8.6865876e-18  5.2287013e-18  -3.0596915e-18  -7.9152053e-18  6.4948898e-19  7.0607144e-19  -4.8342288e-18  1.8093894e-17  -4.0776973e-17  -1.0577006e-17  3.0991877e-18  -8.6865876e-18  5.2287013e-18  -3.0596915e-18  -7.9152053e-18  6.4948898e-19  7.0607144e-19  -4.8342288e-18  1.8093894e-17  -4.0776973e-17  
5.7725295e-18  -5.0415401e-18  2.9095582e-18  2.4123922e-17  9.3109038e-18  8.7032635e-20  -9.1818371e-18  5.8917494e-18  8.2536743e-19  -3.8707976e-17  3.6886591e-17  5.7725295e-18  -5.0415401e-18  2.9095582e-18  2.4123922e-17  9.3109038e-18  8.7032635e-20  -9.1818371e-18  5.8917494e-18  8.2536743e-19  -3.8707976e-17  3.6886591e-17  
7.9108642e-18  -2.1161424e-17  -1.3340769e-18  -3.4611884e-17  -4.2845785e-17  7.3628339e-19  7.0477376e-18  -3.1172718e-17  -7.8093658e-18  -5.2521337e-19  -3.1916837e-17  7.9108642e-18  -2.1161424e-17  -1.3340769e-18  -3.4611884e-17  -4.2845785e-17  7.3628339e-19  7.0477376e-18  -3.1172718e-17  -7.8093658e-18  -5.2521337e-19  -3.1916837e-17  
1.3711134e-17  1.8825307e-19  9.6588226e-19  2.0028352e-17  -3.9956132e-19  6.1062605e-18  3.9769653e-18  -2.5264081e-18  -2.0795199e-16  8.9209510e-18  -2.2860427e-18  1.3711134e-17  1.8825307e-19  9.6588226e-19  2.0028352e-17  -3.9956132e-19  6.1062605e-18  3.9769653e-18  -2.5264081e-18  -2.0795199e-16  8.9209510e-18  -2.2860427e-18  
