0.99966743  -0.021480541  0.0051467855  0.0019152417  0.0017347027  -0.00065622195  -0.0028881077  0.00028112742  9.9727727e-05  -0.00010853467  0.0014771462  0.99966743  -0.021480541  0.0051467855  0.0019152417  0.0017347027  -0.00065622195  -0.0028881077  0.00028112742  9.9727727e-05  -0.00010853467  0.0014771462  
0.021550014  0.99969023  -0.00010094893  -0.0029432174  0.0014434936  0.0014789167  0.0014604799  0.0020631270  0.0010033983  -6.8541835e-06  -0.00057347673  0.021550014  0.99969023  -0.00010094893  -0.0029432174  0.0014434936  0.0014789167  0.0014604799  0.0020631270  0.0010033983  -6.8541835e-06  -0.00057347673  
0.0051350827  -0.00019839538  -0.99985444  0.010607748  -0.00064612221  0.0013416368  -0.00095103058  -0.00037505155  0.00078011438  -4.3642392e-05  -0.00030888322  0.0051350827  -0.00019839538  -0.99985444  0.010607748  -0.00064612221  0.0013416368  -0.00095103058  -0.00037505155  0.00078011438  -4.3642392e-05  -0.00030888322  
0.0018940054  -0.0029671341  -0.010603376  -0.99984742  -0.0059524594  0.0025958746  0.0025865042  -0.00089183459  0.0013870900  -0.00070573322  0.00018300278  0.0018940054  -0.0029671341  -0.010603376  -0.99984742  -0.0059524594  0.0025958746  0.0025865042  -0.00089183459  0.0013870900  -0.00070573322  0.00018300278  
0.0017171523  0.0014164385  0.00070585589  0.0059451948  -0.99992430  -0.00070591571  -4.8410163e-05  0.0031310036  0.00080023222  0.0042775455  0.00085604364  0.0017171523  0.0014164385  0.00070585589  0.0059451948  -0.99992430  -0.00070591571  -4.8410163e-05  0.0031310036  0.00080023222  0.0042775455  0.00085604364  
-0.00055084004  0.0014071204  -0.0013902569  -0.0025720932  0.00074421922  -0.99950331  0.016499943  0.022086016  -0.0051116871  -0.0028778284  0.00091542974  -0.00055084004  0.0014071204  -0.0013902569  -0.0025720932  0.00074421922  -0.99950331  0.016499943  0.022086016  -0.0051116871  -0.0028778284  0.00091542974  
0.0028291494  -0.0015796149  -0.00088165370  0.0026287725  -6.0158627e-06  0.016984085  0.99947463  0.022081894  0.0014632407  -0.0086145111  -0.00020505254  0.0028291494  -0.0015796149  -0.00088165370  0.0026287725  -6.0158627e-06  0.016984085  0.99947463  0.022081894  0.0014632407  -0.0086145111  -0.00020505254  
0.00037408523  0.0020549110  0.00033351930  0.00090097484  -0.0030765564  -0.021697743  0.022412133  -0.99944812  0.0011278506  -0.00010656169  0.00084159757  0.00037408523  0.0020549110  0.00033351930  0.00090097484  -0.0030765564  -0.021697743  0.022412133  -0.99944812  0.0011278506  -0.00010656169  0.00084159757  
0.00016503106  0.00098189204  -0.00079926916  -0.0013689215  -0.00089427535  0.0051705550  0.0012555766  -0.0011969513  -0.99979471  -0.017412989  -0.0014158338  0.00016503106  0.00098189204  -0.00079926916  -0.0013689215  -0.00089427535  0.0051705550  0.0012555766  -0.0011969513  -0.99979471  -0.017412989  -0.0014158338  
0.00013041960  -1.0166662e-06  -6.8258318e-05  -0.00075763277  0.0042749598  -0.0026503473  0.0086642871  0.00011190030  -0.017423897  0.99975953  -0.0011175899  0.00013041960  -1.0166662e-06  -6.8258318e-05  -0.00075763277  0.0042749598  -0.0026503473  0.0086642871  0.00011190030  -0.017423897  0.99975953  -0.0011175899  
0.0014688424  -0.00060343266  0.00038516624  -0.00019232029  -0.00085951801  -0.00091812527  -0.00018405310  -0.00081626785  0.0014120111  -0.0010971634  -0.99990858  0.0014688424  -0.00060343266  0.00038516624  -0.00019232029  -0.00085951801  -0.00091812527  -0.00018405310  -0.00081626785  0.0014120111  -0.0010971634  -0.99990858  
0.99966743  -0.021480541  0.0051467855  0.0019152417  0.0017347027  -0.00065622195  -0.0028881077  0.00028112742  9.9727727e-05  -0.00010853467  0.0014771462  0.99966743  -0.021480541  0.0051467855  0.0019152417  0.0017347027  -0.00065622195  -0.0028881077  0.00028112742  9.9727727e-05  -0.00010853467  0.0014771462  
0.021550014  0.99969023  -0.00010094893  -0.0029432174  0.0014434936  0.0014789167  0.0014604799  0.0020631270  0.0010033983  -6.8541835e-06  -0.00057347673  0.021550014  0.99969023  -0.00010094893  -0.0029432174  0.0014434936  0.0014789167  0.0014604799  0.0020631270  0.0010033983  -6.8541835e-06  -0.00057347673  
0.0051350827  -0.00019839538  -0.99985444  0.010607748  -0.00064612221  0.0013416368  -0.00095103058  -0.00037505155  0.00078011438  -4.3642392e-05  -0.00030888322  0.0051350827  -0.00019839538  -0.99985444  0.010607748  -0.00064612221  0.0013416368  -0.00095103058  -0.00037505155  0.00078011438  -4.3642392e-05  -0.00030888322  
0.0018940054  -0.0029671341  -0.010603376  -0.99984742  -0.0059524594  0.0025958746  0.0025865042  -0.00089183459  0.0013870900  -0.00070573322  0.00018300278  0.0018940054  -0.0029671341  -0.010603376  -0.99984742  -0.0059524594  0.0025958746  0.0025865042  -0.00089183459  0.0013870900  -0.00070573322  0.00018300278  
0.0017171523  0.0014164385  0.00070585589  0.0059451948  -0.99992430  -0.00070591571  -4.8410163e-05  0.0031310036  0.00080023222  0.0042775455  0.00085604364  0.0017171523  0.0014164385  0.00070585589  0.0059451948  -0.99992430  -0.00070591571  -4.8410163e-05  0.0031310036  0.00080023222  0.0042775455  0.00085604364  
-0.00055084004  0.0014071204  -0.0013902569  -0.0025720932  0.00074421922  -0.99950331  0.016499943  0.022086016  -0.0051116871  -0.0028778284  0.00091542974  -0.00055084004  0.0014071204  -0.0013902569  -0.0025720932  0.00074421922  -0.99950331  0.016499943  0.022086016  -0.0051116871  -0.0028778284  0.00091542974  
0.0028291494  -0.0015796149  -0.00088165370  0.0026287725  -6.0158627e-06  0.016984085  0.99947463  0.022081894  0.0014632407  -0.0086145111  -0.00020505254  0.0028291494  -0.0015796149  -0.00088165370  0.0026287725  -6.0158627e-06  0.016984085  0.99947463  0.022081894  0.0014632407  -0.0086145111  -0.00020505254  
0.00037408523  0.0020549110  0.00033351930  0.00090097484  -0.0030765564  -0.021697743  0.022412133  -0.99944812  0.0011278506  -0.00010656169  0.00084159757  0.00037408523  0.0020549110  0.00033351930  0.00090097484  -0.0030765564  -0.021697743  0.022412133  -0.99944812  0.0011278506  -0.00010656169  0.00084159757  
0.00016503106  0.00098189204  -0.00079926916  -0.0013689215  -0.00089427535  0.0051705550  0.0012555766  -0.0011969513  -0.99979471  -0.017412989  -0.0014158338  0.00016503106  0.00098189204  -0.00079926916  -0.0013689215  -0.00089427535  0.0051705550  0.0012555766  -0.0011969513  -0.99979471  -0.017412989  -0.0014158338  
0.00013041960  -1.0166662e-06  -6.8258318e-05  -0.00075763277  0.0042749598  -0.0026503473  0.0086642871  0.00011190030  -0.017423897  0.99975953  -0.0011175899  0.00013041960  -1.0166662e-06  -6.8258318e-05  -0.00075763277  0.0042749598  -0.0026503473  0.0086642871  0.00011190030  -0.017423897  0.99975953  -0.0011175899  
0.0014688424  -0.00060343266  0.00038516624  -0.00019232029  -0.00085951801  -0.00091812527  -0.00018405310  -0.00081626785  0.0014120111  -0.0010971634  -0.99990858  0.0014688424  -0.00060343266  0.00038516624  -0.00019232029  -0.00085951801  -0.00091812527  -0.00018405310  -0.00081626785  0.0014120111  -0.0010971634  -0.99990858  
