7.2536725e-18  -6.2748201e-18  -2.8824531e-18  5.7454245e-18  2.2527265e-17  -2.0108562e-17  -3.9370091e-17  2.8516211e-17  1.0159313e-17  3.5361508e-18  -2.0040800e-18  7.2536725e-18  -6.2748201e-18  -2.8824531e-18  5.7454245e-18  2.2527265e-17  -2.0108562e-17  -3.9370091e-17  2.8516211e-17  1.0159313e-17  3.5361508e-18  -2.0040800e-18  
-8.7506974e-18  1.8647960e-19  -6.0681440e-18  -3.0018848e-18  3.7494708e-18  1.1283220e-17  -1.8340381e-18  -2.9649012e-17  1.5429023e-17  -2.0460147e-17  3.5335038e-17  -8.7506974e-18  1.8647960e-19  -6.0681440e-18  -3.0018848e-18  3.7494708e-18  1.1283220e-17  -1.8340381e-18  -2.9649012e-17  1.5429023e-17  -2.0460147e-17  3.5335038e-17  
2.2471784e-18  -3.6977223e-18  -4.5655076e-19  3.0529185e-17  1.0251428e-17  -2.6435898e-18  -6.9922570e-18  1.6896190e-17  1.1304502e-17  6.4589227e-17  6.8906130e-19  2.2471784e-18  -3.6977223e-18  -4.5655076e-19  3.0529185e-17  1.0251428e-17  -2.6435898e-18  -6.9922570e-18  1.6896190e-17  1.1304502e-17  6.4589227e-17  6.8906130e-19  
3.5151867e-18  2.5254287e-18  -1.0230146e-17  2.0363201e-19  2.3648101e-18  3.1086109e-19  9.9937182e-18  3.6356772e-18  -1.1226151e-17  -6.5888575e-19  4.9239719e-17  3.5151867e-18  2.5254287e-18  -1.0230146e-17  2.0363201e-19  2.3648101e-18  3.1086109e-19  9.9937182e-18  3.6356772e-18  -1.1226151e-17  -6.5888575e-19  4.9239719e-17  
2.8149022e-18  4.3966304e-19  6.5919280e-18  -7.3380582e-18  5.8960350e-18  -9.6804219e-18  -3.7707789e-18  -3.2125842e-18  -1.7375293e-18  -1.0372325e-16  5.1427473e-18  2.8149022e-18  4.3966304e-19  6.5919280e-18  -7.3380582e-18  5.8960350e-18  -9.6804219e-18  -3.7707789e-18  -3.2125842e-18  -1.7375293e-18  -1.0372325e-16  5.1427473e-18  
9.8120297e-18  2.3403520e-18  5.5929586e-18  -5.4498100e-18  -6.1725408e-18  -7.5301229e-19  -1.7424315e-17  9.2352002e-18  -2.5020930e-17  2.0369435e-17  3.7790375e-17  9.8120297e-18  2.3403520e-18  5.5929586e-18  -5.4498100e-18  -6.1725408e-18  -7.5301229e-19  -1.7424315e-17  9.2352002e-18  -2.5020930e-17  2.0369435e-17  3.7790375e-17  
-1.6989787e-17  -1.1996316e-17  8.8176130e-19  8.7947431e-18  1.7125947e-18  -5.8699383e-18  2.3573986e-18  9.4863455e-18  2.8612773e-18  -2.8452895e-18  -6.7671580e-18  -1.6989787e-17  -1.1996316e-17  8.8176130e-19  8.7947431e-18  1.7125947e-18  -5.8699383e-18  2.3573986e-18  9.4863455e-18  2.8612773e-18  -2.8452895e-18  -6.7671580e-18  
5.3667372e-17  -1.3840624e-17  -5.2304284e-19  -3.9156216e-18  1.7800768e-17  -1.4036606e-17  -4.7084444e-18  4.9775891e-18  5.3544129e-18  1.1892078e-16  -5.1320456e-17  5.3667372e-17  -1.3840624e-17  -5.2304284e-19  -3.9156216e-18  1.7800768e-17  -1.4036606e-17  -4.7084444e-18  4.9775891e-18  5.3544129e-18  1.1892078e-16  -5.1320456e-17  
4.0516974e-17  -5.5689240e-18  9.8281233e-18  8.0574009e-19  9.8811687e-19  6.4363916e-18  1.9799395e-18  6.2681497e-18  7.5538134e-18  1.3624684e-17  -3.3810506e-16  4.0516974e-17  -5.5689240e-18  9.8281233e-18  8.0574009e-19  9.8811687e-19  6.4363916e-18  1.9799395e-18  6.2681497e-18  7.5538134e-18  1.3624684e-17  -3.3810506e-16  
7.6605660e-18  -7.6584815e-18  -5.6592918e-17  4.3431614e-18  4.2749753e-18  1.3792449e-17  -1.1300902e-17  4.5697428e-18  -1.5861872e-16  -2.8333914e-19  -1.4003096e-16  7.6605660e-18  -7.6584815e-18  -5.6592918e-17  4.3431614e-18  4.2749753e-18  1.3792449e-17  -1.1300902e-17  4.5697428e-18  -1.5861872e-16  -2.8333914e-19  -1.4003096e-16  
-1.7246438e-17  -1.5220441e-17  1.3340769e-17  2.2042762e-17  1.8854768e-17  9.7095387e-18  1.1064368e-18  -6.2045163e-19  3.2309161e-16  8.0952633e-17  7.6436783e-19  -1.7246438e-17  -1.5220441e-17  1.3340769e-17  2.2042762e-17  1.8854768e-17  9.7095387e-18  1.1064368e-18  -6.2045163e-19  3.2309161e-16  8.0952633e-17  7.6436783e-19  
7.2536725e-18  -6.2748201e-18  -2.8824531e-18  5.7454245e-18  2.2527265e-17  -2.0108562e-17  -3.9370091e-17  2.8516211e-17  1.0159313e-17  3.5361508e-18  -2.0040800e-18  7.2536725e-18  -6.2748201e-18  -2.8824531e-18  5.7454245e-18  2.2527265e-17  -2.0108562e-17  -3.9370091e-17  2.8516211e-17  1.0159313e-17  3.5361508e-18  -2.0040800e-18  
-8.7506974e-18  1.8647960e-19  -6.0681440e-18  -3.0018848e-18  3.7494708e-18  1.1283220e-17  -1.8340381e-18  -2.9649012e-17  1.5429023e-17  -2.0460147e-17  3.5335038e-17  -8.7506974e-18  1.8647960e-19  -6.0681440e-18  -3.0018848e-18  3.7494708e-18  1.1283220e-17  -1.8340381e-18  -2.9649012e-17  1.5429023e-17  -2.0460147e-17  3.5335038e-17  
2.2471784e-18  -3.6977223e-18  -4.5655076e-19  3.0529185e-17  1.0251428e-17  -2.6435898e-18  -6.9922570e-18  1.6896190e-17  1.1304502e-17  6.4589227e-17  6.8906130e-19  2.2471784e-18  -3.6977223e-18  -4.5655076e-19  3.0529185e-17  1.0251428e-17  -2.6435898e-18  -6.9922570e-18  1.6896190e-17  1.1304502e-17  6.4589227e-17  6.8906130e-19  
3.5151867e-18  2.5254287e-18  -1.0230146e-17  2.0363201e-19  2.3648101e-18  3.1086109e-19  9.9937182e-18  3.6356772e-18  -1.1226151e-17  -6.5888575e-19  4.9239719e-17  3.5151867e-18  2.5254287e-18  -1.0230146e-17  2.0363201e-19  2.3648101e-18  3.1086109e-19  9.9937182e-18  3.6356772e-18  -1.1226151e-17  -6.5888575e-19  4.9239719e-17  
2.8149022e-18  4.3966304e-19  6.5919280e-18  -7.3380582e-18  5.8960350e-18  -9.6804219e-18  -3.7707789e-18  -3.2125842e-18  -1.7375293e-18  -1.0372325e-16  5.1427473e-18  2.8149022e-18  4.3966304e-19  6.5919280e-18  -7.3380582e-18  5.8960350e-18  -9.6804219e-18  -3.7707789e-18  -3.2125842e-18  -1.7375293e-18  -1.0372325e-16  5.1427473e-18  
9.8120297e-18  2.3403520e-18  5.5929586e-18  -5.4498100e-18  -6.1725408e-18  -7.5301229e-19  -1.7424315e-17  9.2352002e-18  -2.5020930e-17  2.0369435e-17  3.7790375e-17  9.8120297e-18  2.3403520e-18  5.5929586e-18  -5.4498100e-18  -6.1725408e-18  -7.5301229e-19  -1.7424315e-17  9.2352002e-18  -2.5020930e-17  2.0369435e-17  3.7790375e-17  
-1.6989787e-17  -1.1996316e-17  8.8176130e-19  8.7947431e-18  1.7125947e-18  -5.8699383e-18  2.3573986e-18  9.4863455e-18  2.8612773e-18  -2.8452895e-18  -6.7671580e-18  -1.6989787e-17  -1.1996316e-17  8.8176130e-19  8.7947431e-18  1.7125947e-18  -5.8699383e-18  2.3573986e-18  9.4863455e-18  2.8612773e-18  -2.8452895e-18  -6.7671580e-18  
5.3667372e-17  -1.3840624e-17  -5.2304284e-19  -3.9156216e-18  1.7800768e-17  -1.4036606e-17  -4.7084444e-18  4.9775891e-18  5.3544129e-18  1.1892078e-16  -5.1320456e-17  5.3667372e-17  -1.3840624e-17  -5.2304284e-19  -3.9156216e-18  1.7800768e-17  -1.4036606e-17  -4.7084444e-18  4.9775891e-18  5.3544129e-18  1.1892078e-16  -5.1320456e-17  
4.0516974e-17  -5.5689240e-18  9.8281233e-18  8.0574009e-19  9.8811687e-19  6.4363916e-18  1.9799395e-18  6.2681497e-18  7.5538134e-18  1.3624684e-17  -3.3810506e-16  4.0516974e-17  -5.5689240e-18  9.8281233e-18  8.0574009e-19  9.8811687e-19  6.4363916e-18  1.9799395e-18  6.2681497e-18  7.5538134e-18  1.3624684e-17  -3.3810506e-16  
7.6605660e-18  -7.6584815e-18  -5.6592918e-17  4.3431614e-18  4.2749753e-18  1.3792449e-17  -1.1300902e-17  4.5697428e-18  -1.5861872e-16  -2.8333914e-19  -1.4003096e-16  7.6605660e-18  -7.6584815e-18  -5.6592918e-17  4.3431614e-18  4.2749753e-18  1.3792449e-17  -1.1300902e-17  4.5697428e-18  -1.5861872e-16  -2.8333914e-19  -1.4003096e-16  
-1.7246438e-17  -1.5220441e-17  1.3340769e-17  2.2042762e-17  1.8854768e-17  9.7095387e-18  1.1064368e-18  -6.2045163e-19  3.2309161e-16  8.0952633e-17  7.6436783e-19  -1.7246438e-17  -1.5220441e-17  1.3340769e-17  2.2042762e-17  1.8854768e-17  9.7095387e-18  1.1064368e-18  -6.2045163e-19  3.2309161e-16  8.0952633e-17  7.6436783e-19  
