3.7453944e-18  -4.2522325e-17  -1.4787078e-18  -4.8237468e-18  -2.2653896e-18  -2.3269689e-17  3.0080258e-19  -6.2752436e-18  -5.7267898e-18  -3.1509202e-17  -3.2974146e-17  3.7453944e-18  -4.2522325e-17  -1.4787078e-18  -4.8237468e-18  -2.2653896e-18  -2.3269689e-17  3.0080258e-19  -6.2752436e-18  -5.7267898e-18  -3.1509202e-17  -3.2974146e-17  
4.4982532e-17  -1.8787191e-18  1.0282980e-18  -1.6627045e-17  3.4292129e-18  -3.4846935e-18  2.7191875e-18  -1.3711346e-18  -4.5358614e-19  -1.3555068e-17  3.4597061e-18  4.4982532e-17  -1.8787191e-18  1.0282980e-18  -1.6627045e-17  3.4292129e-18  -3.4846935e-18  2.7191875e-18  -1.3711346e-18  -4.5358614e-19  -1.3555068e-17  3.4597061e-18  
4.2897984e-18  2.6334254e-18  1.7439879e-18  -1.1731406e-18  -1.7106677e-17  -1.3967573e-18  9.3173624e-21  1.5410812e-17  4.6663045e-18  1.8597879e-17  2.2140594e-17  4.2897984e-18  2.6334254e-18  1.7439879e-18  -1.1731406e-18  -1.7106677e-17  -1.3967573e-18  9.3173624e-21  1.5410812e-17  4.6663045e-18  1.8597879e-17  2.2140594e-17  
-4.1284386e-18  1.2079854e-17  1.6510790e-18  4.6917023e-19  -1.2313741e-19  -5.9383362e-18  -5.1071322e-18  -3.7984134e-19  -9.9184382e-18  2.7739164e-17  1.7455033e-18  -4.1284386e-18  1.2079854e-17  1.6510790e-18  4.6917023e-19  -1.2313741e-19  -5.9383362e-18  -5.1071322e-18  -3.7984134e-19  -9.9184382e-18  2.7739164e-17  1.7455033e-18  
-3.9992661e-18  3.3894023e-18  -3.2276190e-18  1.4072394e-18  4.2667961e-19  4.3698430e-18  -6.7508526e-19  -2.9109611e-17  -3.1154295e-17  -5.9485642e-17  -9.2277887e-18  -3.9992661e-18  3.3894023e-18  -3.2276190e-18  1.4072394e-18  4.2667961e-19  4.3698430e-18  -6.7508526e-19  -2.9109611e-17  -3.1154295e-17  -5.9485642e-17  -9.2277887e-18  
-1.0853880e-17  -1.8973538e-18  1.8295912e-19  -4.0518350e-18  -2.0074681e-18  1.0496326e-18  -1.6799204e-17  4.6408935e-18  -5.6468510e-18  -8.5122576e-18  1.2284307e-17  -1.0853880e-17  -1.8973538e-18  1.8295912e-19  -4.0518350e-18  -2.0074681e-18  1.0496326e-18  -1.6799204e-17  4.6408935e-18  -5.6468510e-18  -8.5122576e-18  1.2284307e-17  
3.5363626e-20  -1.0675792e-18  2.3536928e-18  -5.6240870e-18  -1.9261529e-18  2.6829769e-18  2.4990119e-19  1.4313798e-18  3.8091072e-18  -8.5232690e-19  -1.3997219e-19  3.5363626e-20  -1.0675792e-18  2.3536928e-18  -5.6240870e-18  -1.9261529e-18  2.6829769e-18  2.4990119e-19  1.4313798e-18  3.8091072e-18  -8.5232690e-19  -1.3997219e-19  
1.1930353e-17  -2.4466547e-18  -1.1992187e-17  -7.1559990e-18  8.8503826e-18  -9.4922747e-18  8.1558685e-19  -8.8970223e-19  -9.7084799e-18  -9.1164039e-18  -2.4107193e-17  1.1930353e-17  -2.4466547e-18  -1.1992187e-17  -7.1559990e-18  8.8503826e-18  -9.4922747e-18  8.1558685e-19  -8.8970223e-19  -9.7084799e-18  -9.1164039e-18  -2.4107193e-17  
-1.5241087e-17  -9.1856488e-18  -1.6283361e-17  6.0971814e-18  -6.9007774e-18  -2.3558104e-19  -2.6918707e-18  -2.1458097e-17  -4.8754158e-18  -4.0404001e-17  4.1652422e-17  -1.5241087e-17  -9.1856488e-18  -1.6283361e-17  6.0971814e-18  -6.9007774e-18  -2.3558104e-19  -2.6918707e-18  -2.1458097e-17  -4.8754158e-18  -4.0404001e-17  4.1652422e-17  
-3.3843201e-18  -1.3463589e-18  4.1477509e-17  -3.0579531e-17  8.5532963e-17  -4.5553432e-18  -1.4981895e-18  9.0446178e-18  -1.0240660e-16  2.0236808e-19  -5.5939644e-17  -3.3843201e-18  -1.3463589e-18  4.1477509e-17  -3.0579531e-17  8.5532963e-17  -4.5553432e-18  -1.4981895e-18  9.0446178e-18  -1.0240660e-16  2.0236808e-19  -5.5939644e-17  
4.2203628e-17  2.1167353e-18  -1.5284710e-17  2.3179771e-17  -5.3214845e-19  3.8878812e-19  -6.1049900e-18  -9.0484718e-17  6.8699137e-17  1.1829429e-16  2.8110906e-19  4.2203628e-17  2.1167353e-18  -1.5284710e-17  2.3179771e-17  -5.3214845e-19  3.8878812e-19  -6.1049900e-18  -9.0484718e-17  6.8699137e-17  1.1829429e-16  2.8110906e-19  
3.7453944e-18  -4.2522325e-17  -1.4787078e-18  -4.8237468e-18  -2.2653896e-18  -2.3269689e-17  3.0080258e-19  -6.2752436e-18  -5.7267898e-18  -3.1509202e-17  -3.2974146e-17  3.7453944e-18  -4.2522325e-17  -1.4787078e-18  -4.8237468e-18  -2.2653896e-18  -2.3269689e-17  3.0080258e-19  -6.2752436e-18  -5.7267898e-18  -3.1509202e-17  -3.2974146e-17  
4.4982532e-17  -1.8787191e-18  1.0282980e-18  -1.6627045e-17  3.4292129e-18  -3.4846935e-18  2.7191875e-18  -1.3711346e-18  -4.5358614e-19  -1.3555068e-17  3.4597061e-18  4.4982532e-17  -1.8787191e-18  1.0282980e-18  -1.6627045e-17  3.4292129e-18  -3.4846935e-18  2.7191875e-18  -1.3711346e-18  -4.5358614e-19  -1.3555068e-17  3.4597061e-18  
4.2897984e-18  2.6334254e-18  1.7439879e-18  -1.1731406e-18  -1.7106677e-17  -1.3967573e-18  9.3173624e-21  1.5410812e-17  4.6663045e-18  1.8597879e-17  2.2140594e-17  4.2897984e-18  2.6334254e-18  1.7439879e-18  -1.1731406e-18  -1.7106677e-17  -1.3967573e-18  9.3173624e-21  1.5410812e-17  4.6663045e-18  1.8597879e-17  2.2140594e-17  
-4.1284386e-18  1.2079854e-17  1.6510790e-18  4.6917023e-19  -1.2313741e-19  -5.9383362e-18  -5.1071322e-18  -3.7984134e-19  -9.9184382e-18  2.7739164e-17  1.7455033e-18  -4.1284386e-18  1.2079854e-17  1.6510790e-18  4.6917023e-19  -1.2313741e-19  -5.9383362e-18  -5.1071322e-18  -3.7984134e-19  -9.9184382e-18  2.7739164e-17  1.7455033e-18  
-3.9992661e-18  3.3894023e-18  -3.2276190e-18  1.4072394e-18  4.2667961e-19  4.3698430e-18  -6.7508526e-19  -2.9109611e-17  -3.1154295e-17  -5.9485642e-17  -9.2277887e-18  -3.9992661e-18  3.3894023e-18  -3.2276190e-18  1.4072394e-18  4.2667961e-19  4.3698430e-18  -6.7508526e-19  -2.9109611e-17  -3.1154295e-17  -5.9485642e-17  -9.2277887e-18  
-1.0853880e-17  -1.8973538e-18  1.8295912e-19  -4.0518350e-18  -2.0074681e-18  1.0496326e-18  -1.6799204e-17  4.6408935e-18  -5.6468510e-18  -8.5122576e-18  1.2284307e-17  -1.0853880e-17  -1.8973538e-18  1.8295912e-19  -4.0518350e-18  -2.0074681e-18  1.0496326e-18  -1.6799204e-17  4.6408935e-18  -5.6468510e-18  -8.5122576e-18  1.2284307e-17  
3.5363626e-20  -1.0675792e-18  2.3536928e-18  -5.6240870e-18  -1.9261529e-18  2.6829769e-18  2.4990119e-19  1.4313798e-18  3.8091072e-18  -8.5232690e-19  -1.3997219e-19  3.5363626e-20  -1.0675792e-18  2.3536928e-18  -5.6240870e-18  -1.9261529e-18  2.6829769e-18  2.4990119e-19  1.4313798e-18  3.8091072e-18  -8.5232690e-19  -1.3997219e-19  
1.1930353e-17  -2.4466547e-18  -1.1992187e-17  -7.1559990e-18  8.8503826e-18  -9.4922747e-18  8.1558685e-19  -8.8970223e-19  -9.7084799e-18  -9.1164039e-18  -2.4107193e-17  1.1930353e-17  -2.4466547e-18  -1.1992187e-17  -7.1559990e-18  8.8503826e-18  -9.4922747e-18  8.1558685e-19  -8.8970223e-19  -9.7084799e-18  -9.1164039e-18  -2.4107193e-17  
-1.5241087e-17  -9.1856488e-18  -1.6283361e-17  6.0971814e-18  -6.9007774e-18  -2.3558104e-19  -2.6918707e-18  -2.1458097e-17  -4.8754158e-18  -4.0404001e-17  4.1652422e-17  -1.5241087e-17  -9.1856488e-18  -1.6283361e-17  6.0971814e-18  -6.9007774e-18  -2.3558104e-19  -2.6918707e-18  -2.1458097e-17  -4.8754158e-18  -4.0404001e-17  4.1652422e-17  
-3.3843201e-18  -1.3463589e-18  4.1477509e-17  -3.0579531e-17  8.5532963e-17  -4.5553432e-18  -1.4981895e-18  9.0446178e-18  -1.0240660e-16  2.0236808e-19  -5.5939644e-17  -3.3843201e-18  -1.3463589e-18  4.1477509e-17  -3.0579531e-17  8.5532963e-17  -4.5553432e-18  -1.4981895e-18  9.0446178e-18  -1.0240660e-16  2.0236808e-19  -5.5939644e-17  
4.2203628e-17  2.1167353e-18  -1.5284710e-17  2.3179771e-17  -5.3214845e-19  3.8878812e-19  -6.1049900e-18  -9.0484718e-17  6.8699137e-17  1.1829429e-16  2.8110906e-19  4.2203628e-17  2.1167353e-18  -1.5284710e-17  2.3179771e-17  -5.3214845e-19  3.8878812e-19  -6.1049900e-18  -9.0484718e-17  6.8699137e-17  1.1829429e-16  2.8110906e-19  
