0.99789472  0.048035269  -0.0018313060  -0.011097744  -0.0021479033  -0.0068840124  -0.0048854389  0.0041206103  -0.00015719447  -0.00014365123  -0.0021117843  0.99789472  0.048035269  -0.0018313060  -0.011097744  -0.0021479033  -0.0068840124  -0.0048854389  0.0041206103  -0.00015719447  -0.00014365123  -0.0021117843  
0.048270187  -0.99855903  -5.1058019e-05  -0.00032227092  0.0037228917  -0.0039327741  0.0078935324  -0.0023780971  -0.00071688448  0.0044319967  -0.00044976946  0.048270187  -0.99855903  -5.1058019e-05  -0.00032227092  0.0037228917  -0.0039327741  0.0078935324  -0.0023780971  -0.00071688448  0.0044319967  -0.00044976946  
-0.0015352395  -0.00023640543  -0.99815977  0.050962595  0.014808057  0.0020744769  0.0057379427  -0.00091655772  2.5905498e-05  0.0026099965  -5.0415111e-05  -0.0015352395  -0.00023640543  -0.99815977  0.050962595  0.014808057  0.0020744769  0.0057379427  -0.00091655772  2.5905498e-05  0.0026099965  -5.0415111e-05  
-0.011124617  -7.5576494e-05  -0.051079678  -0.99823045  -0.0092327746  0.0033125241  -0.0043561866  0.0034933615  0.0012573385  5.8003957e-05  0.00032145901  -0.011124617  -7.5576494e-05  -0.051079678  -0.99823045  -0.0092327746  0.0033125241  -0.0043561866  0.0034933615  0.0012573385  5.8003957e-05  0.00032145901  
-0.0015088152  -0.0037493160  -0.014514807  0.0099134899  -0.99967661  -0.0030119640  -0.0024777565  -0.0039792257  -0.0057784195  -0.00098093514  0.0031315433  -0.0015088152  -0.0037493160  -0.014514807  0.0099134899  -0.99967661  -0.0030119640  -0.0024777565  -0.0039792257  -0.0057784195  -0.00098093514  0.0031315433  
-0.0054704309  0.0057063031  -0.00052482309  -0.0046057932  0.0024494131  -0.96295587  0.26079168  -0.065166582  -0.0044635500  0.0013169026  0.0015669858  -0.0054704309  0.0057063031  -0.00052482309  -0.0046057932  0.0024494131  -0.96295587  0.26079168  -0.065166582  -0.0044635500  0.0013169026  0.0015669858  
-0.0061338495  -0.0069452048  -0.0057744001  0.0036067385  0.0034231157  -0.26060512  -0.96506682  -0.011647047  -0.0075954467  -0.0049099938  -0.00041728629  -0.0061338495  -0.0069452048  -0.0057744001  0.0036067385  0.0034231157  -0.26060512  -0.96506682  -0.011647047  -0.0075954467  -0.0049099938  -0.00041728629  
-0.0040191807  -0.0023207232  -0.00093629470  0.0033038638  -0.0035124617  -0.065838285  0.0059528449  0.99760814  -0.0092734218  -0.0048930166  -0.00048483458  -0.0040191807  -0.0023207232  -0.00093629470  0.0033038638  -0.0035124617  -0.065838285  0.0059528449  0.99760814  -0.0092734218  -0.0048930166  -0.00048483458  
-5.2613021e-05  -0.00064059785  0.00012648277  0.0012926593  -0.0058601691  -0.0068870561  -0.0063028224  0.0090519582  0.99901531  0.039568914  -0.0050464176  -5.2613021e-05  -0.00064059785  0.00012648277  0.0012926593  -0.0058601691  -0.0068870561  -0.0063028224  0.0090519582  0.99901531  0.039568914  -0.0050464176  
0.00014161298  -0.0043820467  -0.0026062028  0.00011763856  0.00091014625  1.7863283e-05  0.0048739335  -0.0046070418  0.039672903  -0.99905340  0.0012395900  0.00014161298  -0.0043820467  -0.0026062028  0.00011763856  0.00091014625  1.7863283e-05  0.0048739335  -0.0046070418  0.039672903  -0.99905340  0.0012395900  
-0.0021884655  0.00035877342  7.8941532e-05  -0.00018312204  -0.0031328991  -0.0013353955  0.00085878930  -0.00061304983  -0.0049913570  -0.0014164500  -0.99985616  -0.0021884655  0.00035877342  7.8941532e-05  -0.00018312204  -0.0031328991  -0.0013353955  0.00085878930  -0.00061304983  -0.0049913570  -0.0014164500  -0.99985616  
0.99789472  0.048035269  -0.0018313060  -0.011097744  -0.0021479033  -0.0068840124  -0.0048854389  0.0041206103  -0.00015719447  -0.00014365123  -0.0021117843  0.99789472  0.048035269  -0.0018313060  -0.011097744  -0.0021479033  -0.0068840124  -0.0048854389  0.0041206103  -0.00015719447  -0.00014365123  -0.0021117843  
0.048270187  -0.99855903  -5.1058019e-05  -0.00032227092  0.0037228917  -0.0039327741  0.0078935324  -0.0023780971  -0.00071688448  0.0044319967  -0.00044976946  0.048270187  -0.99855903  -5.1058019e-05  -0.00032227092  0.0037228917  -0.0039327741  0.0078935324  -0.0023780971  -0.00071688448  0.0044319967  -0.00044976946  
-0.0015352395  -0.00023640543  -0.99815977  0.050962595  0.014808057  0.0020744769  0.0057379427  -0.00091655772  2.5905498e-05  0.0026099965  -5.0415111e-05  -0.0015352395  -0.00023640543  -0.99815977  0.050962595  0.014808057  0.0020744769  0.0057379427  -0.00091655772  2.5905498e-05  0.0026099965  -5.0415111e-05  
-0.011124617  -7.5576494e-05  -0.051079678  -0.99823045  -0.0092327746  0.0033125241  -0.0043561866  0.0034933615  0.0012573385  5.8003957e-05  0.00032145901  -0.011124617  -7.5576494e-05  -0.051079678  -0.99823045  -0.0092327746  0.0033125241  -0.0043561866  0.0034933615  0.0012573385  5.8003957e-05  0.00032145901  
-0.0015088152  -0.0037493160  -0.014514807  0.0099134899  -0.99967661  -0.0030119640  -0.0024777565  -0.0039792257  -0.0057784195  -0.00098093514  0.0031315433  -0.0015088152  -0.0037493160  -0.014514807  0.0099134899  -0.99967661  -0.0030119640  -0.0024777565  -0.0039792257  -0.0057784195  -0.00098093514  0.0031315433  
-0.0054704309  0.0057063031  -0.00052482309  -0.0046057932  0.0024494131  -0.96295587  0.26079168  -0.065166582  -0.0044635500  0.0013169026  0.0015669858  -0.0054704309  0.0057063031  -0.00052482309  -0.0046057932  0.0024494131  -0.96295587  0.26079168  -0.065166582  -0.0044635500  0.0013169026  0.0015669858  
-0.0061338495  -0.0069452048  -0.0057744001  0.0036067385  0.0034231157  -0.26060512  -0.96506682  -0.011647047  -0.0075954467  -0.0049099938  -0.00041728629  -0.0061338495  -0.0069452048  -0.0057744001  0.0036067385  0.0034231157  -0.26060512  -0.96506682  -0.011647047  -0.0075954467  -0.0049099938  -0.00041728629  
-0.0040191807  -0.0023207232  -0.00093629470  0.0033038638  -0.0035124617  -0.065838285  0.0059528449  0.99760814  -0.0092734218  -0.0048930166  -0.00048483458  -0.0040191807  -0.0023207232  -0.00093629470  0.0033038638  -0.0035124617  -0.065838285  0.0059528449  0.99760814  -0.0092734218  -0.0048930166  -0.00048483458  
-5.2613021e-05  -0.00064059785  0.00012648277  0.0012926593  -0.0058601691  -0.0068870561  -0.0063028224  0.0090519582  0.99901531  0.039568914  -0.0050464176  -5.2613021e-05  -0.00064059785  0.00012648277  0.0012926593  -0.0058601691  -0.0068870561  -0.0063028224  0.0090519582  0.99901531  0.039568914  -0.0050464176  
0.00014161298  -0.0043820467  -0.0026062028  0.00011763856  0.00091014625  1.7863283e-05  0.0048739335  -0.0046070418  0.039672903  -0.99905340  0.0012395900  0.00014161298  -0.0043820467  -0.0026062028  0.00011763856  0.00091014625  1.7863283e-05  0.0048739335  -0.0046070418  0.039672903  -0.99905340  0.0012395900  
-0.0021884655  0.00035877342  7.8941532e-05  -0.00018312204  -0.0031328991  -0.0013353955  0.00085878930  -0.00061304983  -0.0049913570  -0.0014164500  -0.99985616  -0.0021884655  0.00035877342  7.8941532e-05  -0.00018312204  -0.0031328991  -0.0013353955  0.00085878930  -0.00061304983  -0.0049913570  -0.0014164500  -0.99985616  
