0.95234962  0.30479927  -0.0034915592  0.00037394319  -0.0013674415  -3.0040255e-05  0.00080621745  0.0013069039  0.0011172780  0.00058003521  0.00057327001  0.95234962  0.30479927  -0.0034915592  0.00037394319  -0.0013674415  -3.0040255e-05  0.00080621745  0.0013069039  0.0011172780  0.00058003521  0.00057327001  
0.30478257  -0.95228695  -0.0060730384  -0.00092652762  0.0023413463  -0.0017213212  -0.0045217835  -0.0010000325  0.0012450195  5.5905827e-05  0.00090573361  0.30478257  -0.95228695  -0.0060730384  -0.00092652762  0.0023413463  -0.0017213212  -0.0045217835  -0.0010000325  0.0012450195  5.5905827e-05  0.00090573361  
0.0052135938  -0.0047303867  0.99959744  -0.019844893  -0.0047146670  0.00072473644  -0.00044379484  -0.0015056202  -0.0054184300  -0.0010751663  0.00047015113  0.0052135938  -0.0047303867  0.99959744  -0.019844893  -0.0047146670  0.00072473644  -0.00044379484  -0.0015056202  -0.0054184300  -0.0010751663  0.00047015113  
2.4718016e-05  -0.0011226071  0.019838439  0.99970079  -0.0035302173  -0.00099410072  0.0025996788  -0.0018211093  0.00028323933  -0.0027989446  0.00026521072  2.4718016e-05  -0.0011226071  0.019838439  0.99970079  -0.0035302173  -0.00099410072  0.0025996788  -0.0018211093  0.00028323933  -0.0027989446  0.00026521072  
0.00058263296  0.0025978796  0.0048286356  0.0035295857  0.99984252  -0.0012751511  0.0015912581  0.0061730279  0.0021326555  0.0084211442  0.0014186353  0.00058263296  0.0025978796  0.0048286356  0.0035295857  0.99984252  -0.0012751511  0.0015912581  0.0061730279  0.0021326555  0.0084211442  0.0014186353  
0.00055580831  -0.0016158950  -0.00073472947  0.00099352786  0.0013247876  0.99993218  0.0015386877  -0.0062539194  -0.0023781980  -0.00015372675  -0.00014392400  0.00055580831  -0.0016158950  -0.00073472947  0.00099352786  0.0013247876  0.99993218  0.0015386877  -0.0062539194  -0.0023781980  -0.00015372675  -0.00014392400  
-0.00064631475  0.0044352229  -0.00027838643  0.0026437604  0.0013096617  0.0018072741  -0.99887869  0.043299569  -0.00056381400  0.00041826789  -0.00025972647  -0.00064631475  0.0044352229  -0.00027838643  0.0026437604  0.0013096617  0.0018072741  -0.99887869  0.043299569  -0.00056381400  0.00041826789  -0.00025972647  
-0.00090818716  -0.0015486971  0.0015198271  0.0016515919  -0.0062046195  0.0061794901  0.043249715  0.99895554  -7.4798866e-05  0.0034961737  0.00090695024  -0.00090818716  -0.0015486971  0.0015198271  0.0016515919  -0.0062046195  0.0061794901  0.043249715  0.99895554  -7.4798866e-05  0.0034961737  0.00090695024  
-0.0014359781  0.00080588679  0.0054009728  -0.00039312647  -0.0022295599  0.0023868026  -0.00057197649  1.1164768e-05  0.99988804  0.0046705586  0.0098790893  -0.0014359781  0.00080588679  0.0054009728  -0.00039312647  -0.0022295599  0.0023868026  -0.00057197649  1.1164768e-05  0.99988804  0.0046705586  0.0098790893  
-0.00056166918  -0.00012707569  0.0010762331  0.0027854228  -0.0084912303  0.00012877573  0.00027146433  -0.0035303505  -0.0046959370  0.99988020  0.00073368382  -0.00056166918  -0.00012707569  0.0010762331  0.0027854228  -0.0084912303  0.00012877573  0.00027146433  -0.0035303505  -0.0046959370  0.99988020  0.00073368382  
0.00083558797  -0.00070825626  0.00044114085  0.00025431916  0.0014018267  -0.00011175462  0.00028564806  0.00089296157  0.0098872538  0.00082522496  -0.99983492  0.00083558797  -0.00070825626  0.00044114085  0.00025431916  0.0014018267  -0.00011175462  0.00028564806  0.00089296157  0.0098872538  0.00082522496  -0.99983492  
0.95234962  0.30479927  -0.0034915592  0.00037394319  -0.0013674415  -3.0040255e-05  0.00080621745  0.0013069039  0.0011172780  0.00058003521  0.00057327001  0.95234962  0.30479927  -0.0034915592  0.00037394319  -0.0013674415  -3.0040255e-05  0.00080621745  0.0013069039  0.0011172780  0.00058003521  0.00057327001  
0.30478257  -0.95228695  -0.0060730384  -0.00092652762  0.0023413463  -0.0017213212  -0.0045217835  -0.0010000325  0.0012450195  5.5905827e-05  0.00090573361  0.30478257  -0.95228695  -0.0060730384  -0.00092652762  0.0023413463  -0.0017213212  -0.0045217835  -0.0010000325  0.0012450195  5.5905827e-05  0.00090573361  
0.0052135938  -0.0047303867  0.99959744  -0.019844893  -0.0047146670  0.00072473644  -0.00044379484  -0.0015056202  -0.0054184300  -0.0010751663  0.00047015113  0.0052135938  -0.0047303867  0.99959744  -0.019844893  -0.0047146670  0.00072473644  -0.00044379484  -0.0015056202  -0.0054184300  -0.0010751663  0.00047015113  
2.4718016e-05  -0.0011226071  0.019838439  0.99970079  -0.0035302173  -0.00099410072  0.0025996788  -0.0018211093  0.00028323933  -0.0027989446  0.00026521072  2.4718016e-05  -0.0011226071  0.019838439  0.99970079  -0.0035302173  -0.00099410072  0.0025996788  -0.0018211093  0.00028323933  -0.0027989446  0.00026521072  
0.00058263296  0.0025978796  0.0048286356  0.0035295857  0.99984252  -0.0012751511  0.0015912581  0.0061730279  0.0021326555  0.0084211442  0.0014186353  0.00058263296  0.0025978796  0.0048286356  0.0035295857  0.99984252  -0.0012751511  0.0015912581  0.0061730279  0.0021326555  0.0084211442  0.0014186353  
0.00055580831  -0.0016158950  -0.00073472947  0.00099352786  0.0013247876  0.99993218  0.0015386877  -0.0062539194  -0.0023781980  -0.00015372675  -0.00014392400  0.00055580831  -0.0016158950  -0.00073472947  0.00099352786  0.0013247876  0.99993218  0.0015386877  -0.0062539194  -0.0023781980  -0.00015372675  -0.00014392400  
-0.00064631475  0.0044352229  -0.00027838643  0.0026437604  0.0013096617  0.0018072741  -0.99887869  0.043299569  -0.00056381400  0.00041826789  -0.00025972647  -0.00064631475  0.0044352229  -0.00027838643  0.0026437604  0.0013096617  0.0018072741  -0.99887869  0.043299569  -0.00056381400  0.00041826789  -0.00025972647  
-0.00090818716  -0.0015486971  0.0015198271  0.0016515919  -0.0062046195  0.0061794901  0.043249715  0.99895554  -7.4798866e-05  0.0034961737  0.00090695024  -0.00090818716  -0.0015486971  0.0015198271  0.0016515919  -0.0062046195  0.0061794901  0.043249715  0.99895554  -7.4798866e-05  0.0034961737  0.00090695024  
-0.0014359781  0.00080588679  0.0054009728  -0.00039312647  -0.0022295599  0.0023868026  -0.00057197649  1.1164768e-05  0.99988804  0.0046705586  0.0098790893  -0.0014359781  0.00080588679  0.0054009728  -0.00039312647  -0.0022295599  0.0023868026  -0.00057197649  1.1164768e-05  0.99988804  0.0046705586  0.0098790893  
-0.00056166918  -0.00012707569  0.0010762331  0.0027854228  -0.0084912303  0.00012877573  0.00027146433  -0.0035303505  -0.0046959370  0.99988020  0.00073368382  -0.00056166918  -0.00012707569  0.0010762331  0.0027854228  -0.0084912303  0.00012877573  0.00027146433  -0.0035303505  -0.0046959370  0.99988020  0.00073368382  
0.00083558797  -0.00070825626  0.00044114085  0.00025431916  0.0014018267  -0.00011175462  0.00028564806  0.00089296157  0.0098872538  0.00082522496  -0.99983492  0.00083558797  -0.00070825626  0.00044114085  0.00025431916  0.0014018267  -0.00011175462  0.00028564806  0.00089296157  0.0098872538  0.00082522496  -0.99983492  
