1.7403880e-18  1.9637400e-17  3.2653120e-18  6.5030955e-18  3.3690735e-18  1.2032950e-17  1.8719428e-18  7.5673924e-18  4.0111245e-17  -4.8509577e-18  -1.1629762e-18  1.7403880e-18  1.9637400e-17  3.2653120e-18  6.5030955e-18  3.3690735e-18  1.2032950e-17  1.8719428e-18  7.5673924e-18  4.0111245e-17  -4.8509577e-18  -1.1629762e-18  
-1.1994834e-17  1.9400562e-18  3.4615060e-18  1.1871167e-18  5.3543434e-18  -2.3126117e-18  5.5516128e-18  1.4091809e-17  5.8018051e-18  1.0461095e-17  -9.5939981e-18  -1.1994834e-17  1.9400562e-18  3.4615060e-18  1.1871167e-18  5.3543434e-18  -2.3126117e-18  5.5516128e-18  1.4091809e-17  5.8018051e-18  1.0461095e-17  -9.5939981e-18  
-4.0217124e-18  1.1715524e-17  -3.8775315e-18  2.0953689e-17  5.7525184e-18  7.7613629e-18  5.2143348e-18  -8.6778525e-19  -1.5741260e-17  2.2482160e-17  1.2403527e-17  -4.0217124e-18  1.1715524e-17  -3.8775315e-18  2.0953689e-17  5.7525184e-18  7.7613629e-18  5.2143348e-18  -8.6778525e-19  -1.5741260e-17  2.2482160e-17  1.2403527e-17  
-2.0218676e-18  -6.1366478e-18  2.3339993e-18  6.4628614e-19  -1.3369780e-17  2.0417729e-18  -1.0062751e-18  -3.3639490e-17  5.6283222e-18  4.2399293e-18  -1.6350277e-17  -2.0218676e-18  -6.1366478e-18  2.3339993e-18  6.4628614e-19  -1.3369780e-17  2.0417729e-18  -1.0062751e-18  -3.3639490e-17  5.6283222e-18  4.2399293e-18  -1.6350277e-17  
-8.4529653e-18  -2.1035362e-17  -6.3452297e-18  2.6249975e-17  4.4461884e-18  -6.1091193e-18  1.7453114e-18  1.5410613e-17  8.2882650e-17  -3.8934915e-17  2.6127393e-18  -8.4529653e-18  -2.1035362e-17  -6.3452297e-18  2.6249975e-17  4.4461884e-18  -6.1091193e-18  1.7453114e-18  1.5410613e-17  8.2882650e-17  -3.8934915e-17  2.6127393e-18  
4.1132767e-17  -1.8240749e-17  9.2750108e-20  6.6797018e-18  4.7422198e-18  5.1259787e-18  8.5482565e-18  -3.6432369e-17  2.6121967e-18  3.4564450e-17  -2.2126618e-17  4.1132767e-17  -1.8240749e-17  9.2750108e-20  6.6797018e-18  4.7422198e-18  5.1259787e-18  8.5482565e-18  -3.6432369e-17  2.6121967e-18  3.4564450e-17  -2.2126618e-17  
-1.5083963e-17  1.4890310e-17  -2.5648158e-18  7.7927031e-20  -2.1172224e-17  -3.1823028e-18  -1.6703490e-18  1.8910011e-19  -3.3830496e-18  -7.1934273e-19  1.0451243e-16  -1.5083963e-17  1.4890310e-17  -2.5648158e-18  7.7927031e-20  -2.1172224e-17  -3.1823028e-18  -1.6703490e-18  1.8910011e-19  -3.3830496e-18  -7.1934273e-19  1.0451243e-16  
-3.5723191e-17  -2.2009847e-17  2.8142670e-19  -5.2075586e-18  2.1986361e-17  -2.1315584e-18  -6.4776845e-18  -1.9047653e-18  1.9325480e-17  3.5933202e-17  3.2297419e-17  -3.5723191e-17  -2.2009847e-17  2.8142670e-19  -5.2075586e-18  2.1986361e-17  -2.1315584e-18  -6.4776845e-18  -1.9047653e-18  1.9325480e-17  3.5933202e-17  3.2297419e-17  
2.0824305e-17  2.8527011e-17  -5.0855858e-18  -1.3584291e-17  4.6762413e-17  2.7429574e-18  2.4526686e-17  7.7709979e-18  -2.7541806e-20  -1.3881811e-16  2.3717897e-16  2.0824305e-17  2.8527011e-17  -5.0855858e-18  -1.3584291e-17  4.6762413e-17  2.7429574e-18  2.4526686e-17  7.7709979e-18  -2.7541806e-20  -1.3881811e-16  2.3717897e-16  
-4.5333203e-18  -2.8290927e-17  1.1567082e-17  2.8846766e-18  6.4721682e-17  -1.8515876e-17  -1.1476026e-17  -5.9899629e-17  9.7617688e-17  1.8909316e-18  2.5202735e-16  -4.5333203e-18  -2.8290927e-17  1.1567082e-17  2.8846766e-18  6.4721682e-17  -1.8515876e-17  -1.1476026e-17  -5.9899629e-17  9.7617688e-17  1.8909316e-18  2.5202735e-16  
-2.5615970e-17  5.1255817e-18  -3.5101045e-18  4.8423180e-17  -7.9573451e-19  4.1696891e-17  4.6586812e-20  4.0186419e-18  1.6319445e-16  -1.4716732e-16  1.3082424e-18  -2.5615970e-17  5.1255817e-18  -3.5101045e-18  4.8423180e-17  -7.9573451e-19  4.1696891e-17  4.6586812e-20  4.0186419e-18  1.6319445e-16  -1.4716732e-16  1.3082424e-18  
1.7403880e-18  1.9637400e-17  3.2653120e-18  6.5030955e-18  3.3690735e-18  1.2032950e-17  1.8719428e-18  7.5673924e-18  4.0111245e-17  -4.8509577e-18  -1.1629762e-18  1.7403880e-18  1.9637400e-17  3.2653120e-18  6.5030955e-18  3.3690735e-18  1.2032950e-17  1.8719428e-18  7.5673924e-18  4.0111245e-17  -4.8509577e-18  -1.1629762e-18  
-1.1994834e-17  1.9400562e-18  3.4615060e-18  1.1871167e-18  5.3543434e-18  -2.3126117e-18  5.5516128e-18  1.4091809e-17  5.8018051e-18  1.0461095e-17  -9.5939981e-18  -1.1994834e-17  1.9400562e-18  3.4615060e-18  1.1871167e-18  5.3543434e-18  -2.3126117e-18  5.5516128e-18  1.4091809e-17  5.8018051e-18  1.0461095e-17  -9.5939981e-18  
-4.0217124e-18  1.1715524e-17  -3.8775315e-18  2.0953689e-17  5.7525184e-18  7.7613629e-18  5.2143348e-18  -8.6778525e-19  -1.5741260e-17  2.2482160e-17  1.2403527e-17  -4.0217124e-18  1.1715524e-17  -3.8775315e-18  2.0953689e-17  5.7525184e-18  7.7613629e-18  5.2143348e-18  -8.6778525e-19  -1.5741260e-17  2.2482160e-17  1.2403527e-17  
-2.0218676e-18  -6.1366478e-18  2.3339993e-18  6.4628614e-19  -1.3369780e-17  2.0417729e-18  -1.0062751e-18  -3.3639490e-17  5.6283222e-18  4.2399293e-18  -1.6350277e-17  -2.0218676e-18  -6.1366478e-18  2.3339993e-18  6.4628614e-19  -1.3369780e-17  2.0417729e-18  -1.0062751e-18  -3.3639490e-17  5.6283222e-18  4.2399293e-18  -1.6350277e-17  
-8.4529653e-18  -2.1035362e-17  -6.3452297e-18  2.6249975e-17  4.4461884e-18  -6.1091193e-18  1.7453114e-18  1.5410613e-17  8.2882650e-17  -3.8934915e-17  2.6127393e-18  -8.4529653e-18  -2.1035362e-17  -6.3452297e-18  2.6249975e-17  4.4461884e-18  -6.1091193e-18  1.7453114e-18  1.5410613e-17  8.2882650e-17  -3.8934915e-17  2.6127393e-18  
4.1132767e-17  -1.8240749e-17  9.2750108e-20  6.6797018e-18  4.7422198e-18  5.1259787e-18  8.5482565e-18  -3.6432369e-17  2.6121967e-18  3.4564450e-17  -2.2126618e-17  4.1132767e-17  -1.8240749e-17  9.2750108e-20  6.6797018e-18  4.7422198e-18  5.1259787e-18  8.5482565e-18  -3.6432369e-17  2.6121967e-18  3.4564450e-17  -2.2126618e-17  
-1.5083963e-17  1.4890310e-17  -2.5648158e-18  7.7927031e-20  -2.1172224e-17  -3.1823028e-18  -1.6703490e-18  1.8910011e-19  -3.3830496e-18  -7.1934273e-19  1.0451243e-16  -1.5083963e-17  1.4890310e-17  -2.5648158e-18  7.7927031e-20  -2.1172224e-17  -3.1823028e-18  -1.6703490e-18  1.8910011e-19  -3.3830496e-18  -7.1934273e-19  1.0451243e-16  
-3.5723191e-17  -2.2009847e-17  2.8142670e-19  -5.2075586e-18  2.1986361e-17  -2.1315584e-18  -6.4776845e-18  -1.9047653e-18  1.9325480e-17  3.5933202e-17  3.2297419e-17  -3.5723191e-17  -2.2009847e-17  2.8142670e-19  -5.2075586e-18  2.1986361e-17  -2.1315584e-18  -6.4776845e-18  -1.9047653e-18  1.9325480e-17  3.5933202e-17  3.2297419e-17  
2.0824305e-17  2.8527011e-17  -5.0855858e-18  -1.3584291e-17  4.6762413e-17  2.7429574e-18  2.4526686e-17  7.7709979e-18  -2.7541806e-20  -1.3881811e-16  2.3717897e-16  2.0824305e-17  2.8527011e-17  -5.0855858e-18  -1.3584291e-17  4.6762413e-17  2.7429574e-18  2.4526686e-17  7.7709979e-18  -2.7541806e-20  -1.3881811e-16  2.3717897e-16  
-4.5333203e-18  -2.8290927e-17  1.1567082e-17  2.8846766e-18  6.4721682e-17  -1.8515876e-17  -1.1476026e-17  -5.9899629e-17  9.7617688e-17  1.8909316e-18  2.5202735e-16  -4.5333203e-18  -2.8290927e-17  1.1567082e-17  2.8846766e-18  6.4721682e-17  -1.8515876e-17  -1.1476026e-17  -5.9899629e-17  9.7617688e-17  1.8909316e-18  2.5202735e-16  
-2.5615970e-17  5.1255817e-18  -3.5101045e-18  4.8423180e-17  -7.9573451e-19  4.1696891e-17  4.6586812e-20  4.0186419e-18  1.6319445e-16  -1.4716732e-16  1.3082424e-18  -2.5615970e-17  5.1255817e-18  -3.5101045e-18  4.8423180e-17  -7.9573451e-19  4.1696891e-17  4.6586812e-20  4.0186419e-18  1.6319445e-16  -1.4716732e-16  1.3082424e-18  
