-0.99771541  -0.035560639  -0.0018120468  -0.011038524  -0.0031850059  -0.0013216320  -0.0052474248  0.0041843950  0.00064018097  -0.00079977842  0.0018717811  -0.99771541  -0.035560639  -0.0018120468  -0.011038524  -0.0031850059  -0.0013216320  -0.0052474248  0.0041843950  0.00064018097  -0.00079977842  0.0018717811  
-0.035934424  0.99913930  0.0015062165  -0.00025262741  0.0034804118  -0.0065450415  0.0038261747  -0.0024895567  7.1673069e-05  0.0044645829  0.00061590528  -0.035934424  0.99913930  0.0015062165  -0.00025262741  0.0034804118  -0.0065450415  0.0038261747  -0.0024895567  7.1673069e-05  0.0044645829  0.00061590528  
0.0019024449  0.0014300301  -0.99797027  -0.057290647  -0.014241457  0.0010089018  -0.0060211701  0.0010613564  -8.3904368e-05  -0.0015908768  -0.00026986131  0.0019024449  0.0014300301  -0.99797027  -0.057290647  -0.014241457  0.0010089018  -0.0060211701  0.0010613564  -8.3904368e-05  -0.0015908768  -0.00026986131  
0.010826290  -2.2404596e-05  0.057420156  -0.99802830  -0.0062303796  0.0050945576  -0.0017380979  0.0029258544  -0.00095062922  0.00010062258  -0.00036381981  0.010826290  -2.2404596e-05  0.057420156  -0.99802830  -0.0062303796  0.0050945576  -0.0017380979  0.0029258544  -0.00095062922  0.00010062258  -0.00036381981  
0.0025314011  0.0034696965  0.013967081  0.0069582957  -0.99973772  -0.0065276880  -0.00011236644  -0.0039297243  0.0047320931  -0.00010180383  -0.0033688325  0.0025314011  0.0034696965  0.013967081  0.0069582957  -0.99973772  -0.0065276880  -0.00011236644  -0.0039297243  0.0047320931  -0.00010180383  -0.0033688325  
0.0012253882  -0.0068541340  -0.0013385183  -0.0055161320  0.0065602818  -0.99653000  0.067984178  -0.043073299  0.00018744527  0.0018810247  -0.0011715165  0.0012253882  -0.0068541340  -0.0013385183  -0.0055161320  0.0065602818  -0.99653000  0.067984178  -0.043073299  0.00018744527  0.0018810247  -0.0011715165  
0.0052153352  0.0035584121  0.0057796480  0.0016805855  0.00077261978  -0.067107308  -0.99727067  -0.023825474  0.0048706735  -0.0020496733  0.00062152257  0.0052153352  0.0035584121  0.0057796480  0.0016805855  0.00077261978  -0.067107308  -0.99727067  -0.023825474  0.0048706735  -0.0020496733  0.00062152257  
0.0039427414  0.0024672412  0.0010422625  0.0028071656  -0.0034309385  -0.044595538  -0.020720424  0.99862372  0.010309936  -0.0017581657  4.2980958e-05  0.0039427414  0.0024672412  0.0010422625  0.0028071656  -0.0034309385  -0.044595538  -0.020720424  0.99862372  0.010309936  -0.0017581657  4.2980958e-05  
-0.00042022518  -2.4279251e-05  1.9996171e-05  0.00098952153  -0.0048070205  -0.00092007643  -0.0051210430  0.010220958  -0.99917440  0.036637209  0.0032833919  -0.00042022518  -2.4279251e-05  1.9996171e-05  0.00098952153  -0.0048070205  -0.00092007643  -0.0051210430  0.010220958  -0.99917440  0.036637209  0.0032833919  
0.00052060444  0.0044337262  0.0016156848  3.0409069e-05  4.1072697e-05  -0.0017501869  0.0020620969  -0.0014520251  -0.036669120  -0.99920754  0.00087269217  0.00052060444  0.0044337262  0.0016156848  3.0409069e-05  4.1072697e-05  -0.0017501869  0.0020620969  -0.0014520251  -0.036669120  -0.99920754  0.00087269217  
0.0019682751  -0.00055301704  -0.00027034478  -0.00026606422  -0.0033707217  -0.0011256143  0.00073030760  -0.00010616530  0.0033118790  0.00076705237  0.99989046  0.0019682751  -0.00055301704  -0.00027034478  -0.00026606422  -0.0033707217  -0.0011256143  0.00073030760  -0.00010616530  0.0033118790  0.00076705237  0.99989046  
-0.99771541  -0.035560639  -0.0018120468  -0.011038524  -0.0031850059  -0.0013216320  -0.0052474248  0.0041843950  0.00064018097  -0.00079977842  0.0018717811  -0.99771541  -0.035560639  -0.0018120468  -0.011038524  -0.0031850059  -0.0013216320  -0.0052474248  0.0041843950  0.00064018097  -0.00079977842  0.0018717811  
-0.035934424  0.99913930  0.0015062165  -0.00025262741  0.0034804118  -0.0065450415  0.0038261747  -0.0024895567  7.1673069e-05  0.0044645829  0.00061590528  -0.035934424  0.99913930  0.0015062165  -0.00025262741  0.0034804118  -0.0065450415  0.0038261747  -0.0024895567  7.1673069e-05  0.0044645829  0.00061590528  
0.0019024449  0.0014300301  -0.99797027  -0.057290647  -0.014241457  0.0010089018  -0.0060211701  0.0010613564  -8.3904368e-05  -0.0015908768  -0.00026986131  0.0019024449  0.0014300301  -0.99797027  -0.057290647  -0.014241457  0.0010089018  -0.0060211701  0.0010613564  -8.3904368e-05  -0.0015908768  -0.00026986131  
0.010826290  -2.2404596e-05  0.057420156  -0.99802830  -0.0062303796  0.0050945576  -0.0017380979  0.0029258544  -0.00095062922  0.00010062258  -0.00036381981  0.010826290  -2.2404596e-05  0.057420156  -0.99802830  -0.0062303796  0.0050945576  -0.0017380979  0.0029258544  -0.00095062922  0.00010062258  -0.00036381981  
0.0025314011  0.0034696965  0.013967081  0.0069582957  -0.99973772  -0.0065276880  -0.00011236644  -0.0039297243  0.0047320931  -0.00010180383  -0.0033688325  0.0025314011  0.0034696965  0.013967081  0.0069582957  -0.99973772  -0.0065276880  -0.00011236644  -0.0039297243  0.0047320931  -0.00010180383  -0.0033688325  
0.0012253882  -0.0068541340  -0.0013385183  -0.0055161320  0.0065602818  -0.99653000  0.067984178  -0.043073299  0.00018744527  0.0018810247  -0.0011715165  0.0012253882  -0.0068541340  -0.0013385183  -0.0055161320  0.0065602818  -0.99653000  0.067984178  -0.043073299  0.00018744527  0.0018810247  -0.0011715165  
0.0052153352  0.0035584121  0.0057796480  0.0016805855  0.00077261978  -0.067107308  -0.99727067  -0.023825474  0.0048706735  -0.0020496733  0.00062152257  0.0052153352  0.0035584121  0.0057796480  0.0016805855  0.00077261978  -0.067107308  -0.99727067  -0.023825474  0.0048706735  -0.0020496733  0.00062152257  
0.0039427414  0.0024672412  0.0010422625  0.0028071656  -0.0034309385  -0.044595538  -0.020720424  0.99862372  0.010309936  -0.0017581657  4.2980958e-05  0.0039427414  0.0024672412  0.0010422625  0.0028071656  -0.0034309385  -0.044595538  -0.020720424  0.99862372  0.010309936  -0.0017581657  4.2980958e-05  
-0.00042022518  -2.4279251e-05  1.9996171e-05  0.00098952153  -0.0048070205  -0.00092007643  -0.0051210430  0.010220958  -0.99917440  0.036637209  0.0032833919  -0.00042022518  -2.4279251e-05  1.9996171e-05  0.00098952153  -0.0048070205  -0.00092007643  -0.0051210430  0.010220958  -0.99917440  0.036637209  0.0032833919  
0.00052060444  0.0044337262  0.0016156848  3.0409069e-05  4.1072697e-05  -0.0017501869  0.0020620969  -0.0014520251  -0.036669120  -0.99920754  0.00087269217  0.00052060444  0.0044337262  0.0016156848  3.0409069e-05  4.1072697e-05  -0.0017501869  0.0020620969  -0.0014520251  -0.036669120  -0.99920754  0.00087269217  
0.0019682751  -0.00055301704  -0.00027034478  -0.00026606422  -0.0033707217  -0.0011256143  0.00073030760  -0.00010616530  0.0033118790  0.00076705237  0.99989046  0.0019682751  -0.00055301704  -0.00027034478  -0.00026606422  -0.0033707217  -0.0011256143  0.00073030760  -0.00010616530  0.0033118790  0.00076705237  0.99989046  
