2.0074681e-18  -5.5880458e-17  -7.8037145e-18  2.0913243e-18  5.7058257e-18  -6.5297770e-18  -1.9183602e-17  -6.6071746e-18  -2.0123385e-18  -9.6251530e-18  5.9834407e-18  2.0074681e-18  -5.5880458e-17  -7.8037145e-18  2.0913243e-18  5.7058257e-18  -6.5297770e-18  -1.9183602e-17  -6.6071746e-18  -2.0123385e-18  -9.6251530e-18  5.9834407e-18  
-3.9668247e-17  -2.9576273e-18  2.1646774e-17  -1.7052679e-17  2.7225651e-17  -2.7337988e-19  2.3138399e-17  5.7243969e-17  -2.3547939e-17  -1.1980222e-19  2.4846441e-17  -3.9668247e-17  -2.9576273e-18  2.1646774e-17  -1.7052679e-17  2.7225651e-17  -2.7337988e-19  2.3138399e-17  5.7243969e-17  -2.3547939e-17  -1.1980222e-19  2.4846441e-17  
5.3549423e-18  -6.5793284e-18  -3.8847049e-18  -7.9324212e-17  -4.7254592e-17  -2.0851834e-18  5.3955999e-18  -1.1027098e-17  3.2779010e-17  9.3235034e-18  -1.2716506e-17  5.3549423e-18  -6.5793284e-18  -3.8847049e-18  -7.9324212e-17  -4.7254592e-17  -2.0851834e-18  5.3955999e-18  -1.1027098e-17  3.2779010e-17  9.3235034e-18  -1.2716506e-17  
-2.0277969e-18  1.2623967e-17  2.1047922e-17  6.5182362e-18  1.8558492e-18  2.7186581e-18  9.7324086e-18  8.3154813e-18  -1.5467880e-17  -4.5073799e-18  -2.7902959e-17  -2.0277969e-18  1.2623967e-17  2.1047922e-17  6.5182362e-18  1.8558492e-18  2.7186581e-18  9.7324086e-18  8.3154813e-18  -1.5467880e-17  -4.5073799e-18  -2.7902959e-17  
8.0938233e-18  4.7950535e-18  4.1839404e-17  1.4630377e-18  -2.0252161e-18  1.7168828e-18  -5.3588598e-18  1.7448614e-18  4.7742403e-17  1.3274594e-18  -9.5970951e-18  8.0938233e-18  4.7950535e-18  4.1839404e-17  1.4630377e-18  -2.0252161e-18  1.7168828e-18  -5.3588598e-18  1.7448614e-18  4.7742403e-17  1.3274594e-18  -9.5970951e-18  
-9.4588169e-18  1.8632607e-18  -1.9202237e-18  -2.7782681e-19  -4.8645102e-18  2.9834618e-18  2.0146679e-18  -8.8033193e-19  -1.4801371e-17  7.3467032e-17  4.1175330e-17  -9.4588169e-18  1.8632607e-18  -1.9202237e-18  -2.7782681e-19  -4.8645102e-18  2.9834618e-18  2.0146679e-18  -8.8033193e-19  -1.4801371e-17  7.3467032e-17  4.1175330e-17  
-5.8004816e-18  -5.8850155e-17  -6.4696377e-18  9.5926481e-18  1.3883929e-18  -2.3670336e-18  -1.1266597e-18  1.2573992e-17  5.1016794e-18  2.6609222e-17  -1.0309662e-17  -5.8004816e-18  -5.8850155e-17  -6.4696377e-18  9.5926481e-18  1.3883929e-18  -2.3670336e-18  -1.1266597e-18  1.2573992e-17  5.1016794e-18  2.6609222e-17  -1.0309662e-17  
-8.6118899e-18  -1.3569733e-17  1.3584344e-17  5.5501834e-18  4.7081843e-17  1.6571538e-18  5.3760122e-18  1.3303447e-18  3.3985874e-18  -6.0157206e-18  8.4933052e-17  -8.6118899e-18  -1.3569733e-17  1.3584344e-17  5.5501834e-18  4.7081843e-17  1.6571538e-18  5.3760122e-18  1.3303447e-18  3.3985874e-18  -6.0157206e-18  8.4933052e-17  
1.5345061e-17  -9.3448910e-19  3.6758054e-17  -1.5763389e-17  7.1453542e-17  1.5976074e-17  3.0436011e-18  -4.0390634e-18  6.9008965e-18  -3.7369585e-17  2.8892590e-16  1.5345061e-17  -9.3448910e-19  3.6758054e-17  -1.5763389e-17  7.1453542e-17  1.5976074e-17  3.0436011e-18  -4.0390634e-18  6.9008965e-18  -3.7369585e-17  2.8892590e-16  
5.9676648e-18  1.0607817e-17  4.2693637e-18  1.8812178e-17  9.0597466e-17  1.4888219e-17  -2.7043221e-17  1.5926271e-17  -4.3505968e-17  -1.0799022e-17  3.9697872e-16  5.9676648e-18  1.0607817e-17  4.2693637e-18  1.8812178e-17  9.0597466e-17  1.4888219e-17  -2.7043221e-17  1.5926271e-17  -4.3505968e-17  -1.0799022e-17  3.9697872e-16  
4.2927630e-18  -9.5460613e-18  1.4155615e-17  7.4987827e-18  3.8089272e-17  4.9826713e-19  7.7990559e-18  6.2885949e-17  4.2393448e-16  -3.2515430e-16  1.4163979e-18  4.2927630e-18  -9.5460613e-18  1.4155615e-17  7.4987827e-18  3.8089272e-17  4.9826713e-19  7.7990559e-18  6.2885949e-17  4.2393448e-16  -3.2515430e-16  1.4163979e-18  
2.0074681e-18  -5.5880458e-17  -7.8037145e-18  2.0913243e-18  5.7058257e-18  -6.5297770e-18  -1.9183602e-17  -6.6071746e-18  -2.0123385e-18  -9.6251530e-18  5.9834407e-18  2.0074681e-18  -5.5880458e-17  -7.8037145e-18  2.0913243e-18  5.7058257e-18  -6.5297770e-18  -1.9183602e-17  -6.6071746e-18  -2.0123385e-18  -9.6251530e-18  5.9834407e-18  
-3.9668247e-17  -2.9576273e-18  2.1646774e-17  -1.7052679e-17  2.7225651e-17  -2.7337988e-19  2.3138399e-17  5.7243969e-17  -2.3547939e-17  -1.1980222e-19  2.4846441e-17  -3.9668247e-17  -2.9576273e-18  2.1646774e-17  -1.7052679e-17  2.7225651e-17  -2.7337988e-19  2.3138399e-17  5.7243969e-17  -2.3547939e-17  -1.1980222e-19  2.4846441e-17  
5.3549423e-18  -6.5793284e-18  -3.8847049e-18  -7.9324212e-17  -4.7254592e-17  -2.0851834e-18  5.3955999e-18  -1.1027098e-17  3.2779010e-17  9.3235034e-18  -1.2716506e-17  5.3549423e-18  -6.5793284e-18  -3.8847049e-18  -7.9324212e-17  -4.7254592e-17  -2.0851834e-18  5.3955999e-18  -1.1027098e-17  3.2779010e-17  9.3235034e-18  -1.2716506e-17  
-2.0277969e-18  1.2623967e-17  2.1047922e-17  6.5182362e-18  1.8558492e-18  2.7186581e-18  9.7324086e-18  8.3154813e-18  -1.5467880e-17  -4.5073799e-18  -2.7902959e-17  -2.0277969e-18  1.2623967e-17  2.1047922e-17  6.5182362e-18  1.8558492e-18  2.7186581e-18  9.7324086e-18  8.3154813e-18  -1.5467880e-17  -4.5073799e-18  -2.7902959e-17  
8.0938233e-18  4.7950535e-18  4.1839404e-17  1.4630377e-18  -2.0252161e-18  1.7168828e-18  -5.3588598e-18  1.7448614e-18  4.7742403e-17  1.3274594e-18  -9.5970951e-18  8.0938233e-18  4.7950535e-18  4.1839404e-17  1.4630377e-18  -2.0252161e-18  1.7168828e-18  -5.3588598e-18  1.7448614e-18  4.7742403e-17  1.3274594e-18  -9.5970951e-18  
-9.4588169e-18  1.8632607e-18  -1.9202237e-18  -2.7782681e-19  -4.8645102e-18  2.9834618e-18  2.0146679e-18  -8.8033193e-19  -1.4801371e-17  7.3467032e-17  4.1175330e-17  -9.4588169e-18  1.8632607e-18  -1.9202237e-18  -2.7782681e-19  -4.8645102e-18  2.9834618e-18  2.0146679e-18  -8.8033193e-19  -1.4801371e-17  7.3467032e-17  4.1175330e-17  
-5.8004816e-18  -5.8850155e-17  -6.4696377e-18  9.5926481e-18  1.3883929e-18  -2.3670336e-18  -1.1266597e-18  1.2573992e-17  5.1016794e-18  2.6609222e-17  -1.0309662e-17  -5.8004816e-18  -5.8850155e-17  -6.4696377e-18  9.5926481e-18  1.3883929e-18  -2.3670336e-18  -1.1266597e-18  1.2573992e-17  5.1016794e-18  2.6609222e-17  -1.0309662e-17  
-8.6118899e-18  -1.3569733e-17  1.3584344e-17  5.5501834e-18  4.7081843e-17  1.6571538e-18  5.3760122e-18  1.3303447e-18  3.3985874e-18  -6.0157206e-18  8.4933052e-17  -8.6118899e-18  -1.3569733e-17  1.3584344e-17  5.5501834e-18  4.7081843e-17  1.6571538e-18  5.3760122e-18  1.3303447e-18  3.3985874e-18  -6.0157206e-18  8.4933052e-17  
1.5345061e-17  -9.3448910e-19  3.6758054e-17  -1.5763389e-17  7.1453542e-17  1.5976074e-17  3.0436011e-18  -4.0390634e-18  6.9008965e-18  -3.7369585e-17  2.8892590e-16  1.5345061e-17  -9.3448910e-19  3.6758054e-17  -1.5763389e-17  7.1453542e-17  1.5976074e-17  3.0436011e-18  -4.0390634e-18  6.9008965e-18  -3.7369585e-17  2.8892590e-16  
5.9676648e-18  1.0607817e-17  4.2693637e-18  1.8812178e-17  9.0597466e-17  1.4888219e-17  -2.7043221e-17  1.5926271e-17  -4.3505968e-17  -1.0799022e-17  3.9697872e-16  5.9676648e-18  1.0607817e-17  4.2693637e-18  1.8812178e-17  9.0597466e-17  1.4888219e-17  -2.7043221e-17  1.5926271e-17  -4.3505968e-17  -1.0799022e-17  3.9697872e-16  
4.2927630e-18  -9.5460613e-18  1.4155615e-17  7.4987827e-18  3.8089272e-17  4.9826713e-19  7.7990559e-18  6.2885949e-17  4.2393448e-16  -3.2515430e-16  1.4163979e-18  4.2927630e-18  -9.5460613e-18  1.4155615e-17  7.4987827e-18  3.8089272e-17  4.9826713e-19  7.7990559e-18  6.2885949e-17  4.2393448e-16  -3.2515430e-16  1.4163979e-18  
