-6.7860574e-19  -1.0763565e-17  7.5931210e-19  5.9379657e-19  -1.1257068e-18  7.5033884e-19  -2.9107758e-18  5.2775447e-19  5.0457753e-18  8.4794351e-18  -6.0467035e-18  -6.7860574e-19  -1.0763565e-17  7.5931210e-19  5.9379657e-19  -1.1257068e-18  7.5033884e-19  -2.9107758e-18  5.2775447e-19  5.0457753e-18  8.4794351e-18  -6.0467035e-18  
-4.4808572e-18  -1.3714522e-18  -1.5475821e-18  -4.2838691e-19  -5.1118438e-19  5.7312367e-19  2.1415640e-18  -2.4522663e-18  -1.5348237e-18  6.9287295e-18  -9.0081954e-19  -4.4808572e-18  -1.3714522e-18  -1.5475821e-18  -4.2838691e-19  -5.1118438e-19  5.7312367e-19  2.1415640e-18  -2.4522663e-18  -1.5348237e-18  6.9287295e-18  -9.0081954e-19  
1.4591466e-18  -1.3120540e-18  3.5953902e-19  -2.3420461e-19  -8.2111903e-19  -2.0336467e-18  -4.3129793e-18  -4.3281398e-19  -4.1136314e-17  7.3956564e-20  5.9344584e-19  1.4591466e-18  -1.3120540e-18  3.5953902e-19  -2.3420461e-19  -8.2111903e-19  -2.0336467e-18  -4.3129793e-18  -4.3281398e-19  -4.1136314e-17  7.3956564e-20  5.9344584e-19  
1.8977773e-18  2.7909736e-19  3.8698818e-19  1.0047928e-19  4.0022307e-19  -1.3521822e-18  -3.3616620e-19  -6.5676817e-19  1.3485188e-17  -2.9370867e-18  7.1786042e-20  1.8977773e-18  2.7909736e-19  3.8698818e-19  1.0047928e-19  4.0022307e-19  -1.3521822e-18  -3.3616620e-19  -6.5676817e-19  1.3485188e-17  -2.9370867e-18  7.1786042e-20  
5.9306865e-19  3.5672793e-18  -8.0349016e-19  -5.9991108e-19  8.4623885e-20  6.9435526e-19  5.6480223e-19  -4.1031467e-19  -5.6551890e-18  1.0969077e-18  -2.4558662e-18  5.9306865e-19  3.5672793e-18  -8.0349016e-19  -5.9991108e-19  8.4623885e-20  6.9435526e-19  5.6480223e-19  -4.1031467e-19  -5.6551890e-18  1.0969077e-18  -2.4558662e-18  
8.6748747e-19  5.7651180e-19  1.3913972e-18  1.5394824e-19  -4.4098653e-20  2.2554237e-19  -6.1479703e-19  2.9228923e-18  3.4069253e-18  -5.0477870e-20  -1.9152077e-18  8.6748747e-19  5.7651180e-19  1.3913972e-18  1.5394824e-19  -4.4098653e-20  2.2554237e-19  -6.1479703e-19  2.9228923e-18  3.4069253e-18  -5.0477870e-20  -1.9152077e-18  
-4.4641622e-18  1.0672615e-18  -1.7508932e-20  9.6527345e-19  2.3207669e-19  -5.6749512e-19  2.4960883e-19  -5.5665843e-20  8.1919699e-17  1.9455326e-17  4.1237981e-18  -4.4641622e-18  1.0672615e-18  -1.7508932e-20  9.6527345e-19  2.3207669e-19  -5.6749512e-19  2.4960883e-19  -5.5665843e-20  8.1919699e-17  1.9455326e-17  4.1237981e-18  
1.6404100e-18  7.1500169e-19  -2.9555163e-19  -5.4935381e-19  5.7939039e-20  -1.0826835e-18  -2.1213047e-20  3.1432419e-19  -2.0722529e-18  -7.5294347e-18  1.0205192e-17  1.6404100e-18  7.1500169e-19  -2.9555163e-19  -5.4935381e-19  5.7939039e-20  -1.0826835e-18  -2.1213047e-20  3.1432419e-19  -2.0722529e-18  -7.5294347e-18  1.0205192e-17  
6.7509452e-18  -2.1103826e-18  -2.8931946e-17  3.4270953e-18  1.1366917e-18  5.6619256e-18  -2.6684603e-17  1.2554160e-17  1.3842785e-19  -1.6792743e-18  -8.4462420e-18  6.7509452e-18  -2.1103826e-18  -2.8931946e-17  3.4270953e-18  1.1366917e-18  5.6619256e-18  -2.6684603e-17  1.2554160e-17  1.3842785e-19  -1.6792743e-18  -8.4462420e-18  
-5.5136683e-18  5.4260931e-18  2.3367521e-19  -1.2554299e-17  -5.8980228e-18  8.2973495e-19  4.4641194e-17  2.0475850e-17  -1.1466990e-18  1.1463135e-18  -3.1055674e-16  -5.5136683e-18  5.4260931e-18  2.3367521e-19  -1.2554299e-17  -5.8980228e-18  8.2973495e-19  4.4641194e-17  2.0475850e-17  -1.1466990e-18  1.1463135e-18  -3.1055674e-16  
-2.5649878e-19  -9.5047685e-19  -1.2025750e-18  -4.8867448e-18  -2.8374545e-18  -2.3114867e-18  5.2226066e-18  2.4028075e-18  -4.1967306e-18  5.6705203e-17  4.3504406e-19  -2.5649878e-19  -9.5047685e-19  -1.2025750e-18  -4.8867448e-18  -2.8374545e-18  -2.3114867e-18  5.2226066e-18  2.4028075e-18  -4.1967306e-18  5.6705203e-17  4.3504406e-19  
-6.7860574e-19  -1.0763565e-17  7.5931210e-19  5.9379657e-19  -1.1257068e-18  7.5033884e-19  -2.9107758e-18  5.2775447e-19  5.0457753e-18  8.4794351e-18  -6.0467035e-18  -6.7860574e-19  -1.0763565e-17  7.5931210e-19  5.9379657e-19  -1.1257068e-18  7.5033884e-19  -2.9107758e-18  5.2775447e-19  5.0457753e-18  8.4794351e-18  -6.0467035e-18  
-4.4808572e-18  -1.3714522e-18  -1.5475821e-18  -4.2838691e-19  -5.1118438e-19  5.7312367e-19  2.1415640e-18  -2.4522663e-18  -1.5348237e-18  6.9287295e-18  -9.0081954e-19  -4.4808572e-18  -1.3714522e-18  -1.5475821e-18  -4.2838691e-19  -5.1118438e-19  5.7312367e-19  2.1415640e-18  -2.4522663e-18  -1.5348237e-18  6.9287295e-18  -9.0081954e-19  
1.4591466e-18  -1.3120540e-18  3.5953902e-19  -2.3420461e-19  -8.2111903e-19  -2.0336467e-18  -4.3129793e-18  -4.3281398e-19  -4.1136314e-17  7.3956564e-20  5.9344584e-19  1.4591466e-18  -1.3120540e-18  3.5953902e-19  -2.3420461e-19  -8.2111903e-19  -2.0336467e-18  -4.3129793e-18  -4.3281398e-19  -4.1136314e-17  7.3956564e-20  5.9344584e-19  
1.8977773e-18  2.7909736e-19  3.8698818e-19  1.0047928e-19  4.0022307e-19  -1.3521822e-18  -3.3616620e-19  -6.5676817e-19  1.3485188e-17  -2.9370867e-18  7.1786042e-20  1.8977773e-18  2.7909736e-19  3.8698818e-19  1.0047928e-19  4.0022307e-19  -1.3521822e-18  -3.3616620e-19  -6.5676817e-19  1.3485188e-17  -2.9370867e-18  7.1786042e-20  
5.9306865e-19  3.5672793e-18  -8.0349016e-19  -5.9991108e-19  8.4623885e-20  6.9435526e-19  5.6480223e-19  -4.1031467e-19  -5.6551890e-18  1.0969077e-18  -2.4558662e-18  5.9306865e-19  3.5672793e-18  -8.0349016e-19  -5.9991108e-19  8.4623885e-20  6.9435526e-19  5.6480223e-19  -4.1031467e-19  -5.6551890e-18  1.0969077e-18  -2.4558662e-18  
8.6748747e-19  5.7651180e-19  1.3913972e-18  1.5394824e-19  -4.4098653e-20  2.2554237e-19  -6.1479703e-19  2.9228923e-18  3.4069253e-18  -5.0477870e-20  -1.9152077e-18  8.6748747e-19  5.7651180e-19  1.3913972e-18  1.5394824e-19  -4.4098653e-20  2.2554237e-19  -6.1479703e-19  2.9228923e-18  3.4069253e-18  -5.0477870e-20  -1.9152077e-18  
-4.4641622e-18  1.0672615e-18  -1.7508932e-20  9.6527345e-19  2.3207669e-19  -5.6749512e-19  2.4960883e-19  -5.5665843e-20  8.1919699e-17  1.9455326e-17  4.1237981e-18  -4.4641622e-18  1.0672615e-18  -1.7508932e-20  9.6527345e-19  2.3207669e-19  -5.6749512e-19  2.4960883e-19  -5.5665843e-20  8.1919699e-17  1.9455326e-17  4.1237981e-18  
1.6404100e-18  7.1500169e-19  -2.9555163e-19  -5.4935381e-19  5.7939039e-20  -1.0826835e-18  -2.1213047e-20  3.1432419e-19  -2.0722529e-18  -7.5294347e-18  1.0205192e-17  1.6404100e-18  7.1500169e-19  -2.9555163e-19  -5.4935381e-19  5.7939039e-20  -1.0826835e-18  -2.1213047e-20  3.1432419e-19  -2.0722529e-18  -7.5294347e-18  1.0205192e-17  
6.7509452e-18  -2.1103826e-18  -2.8931946e-17  3.4270953e-18  1.1366917e-18  5.6619256e-18  -2.6684603e-17  1.2554160e-17  1.3842785e-19  -1.6792743e-18  -8.4462420e-18  6.7509452e-18  -2.1103826e-18  -2.8931946e-17  3.4270953e-18  1.1366917e-18  5.6619256e-18  -2.6684603e-17  1.2554160e-17  1.3842785e-19  -1.6792743e-18  -8.4462420e-18  
-5.5136683e-18  5.4260931e-18  2.3367521e-19  -1.2554299e-17  -5.8980228e-18  8.2973495e-19  4.4641194e-17  2.0475850e-17  -1.1466990e-18  1.1463135e-18  -3.1055674e-16  -5.5136683e-18  5.4260931e-18  2.3367521e-19  -1.2554299e-17  -5.8980228e-18  8.2973495e-19  4.4641194e-17  2.0475850e-17  -1.1466990e-18  1.1463135e-18  -3.1055674e-16  
-2.5649878e-19  -9.5047685e-19  -1.2025750e-18  -4.8867448e-18  -2.8374545e-18  -2.3114867e-18  5.2226066e-18  2.4028075e-18  -4.1967306e-18  5.6705203e-17  4.3504406e-19  -2.5649878e-19  -9.5047685e-19  -1.2025750e-18  -4.8867448e-18  -2.8374545e-18  -2.3114867e-18  5.2226066e-18  2.4028075e-18  -4.1967306e-18  5.6705203e-17  4.3504406e-19  
