0.99976626  -0.0045573196  0.0069477208  -0.0047123461  2.7539616e-05  -0.0019779885  0.00012188435  -0.0012233614  -0.00030214504  3.0313303e-05  0.0012623753  0.99976626  -0.0045573196  0.0069477208  -0.0047123461  2.7539616e-05  -0.0019779885  0.00012188435  -0.0012233614  -0.00030214504  3.0313303e-05  0.0012623753  
-0.0045104799  -0.99980957  -0.0024129791  0.0036059462  -0.0013953946  0.0038551188  -0.0024645243  0.0026800430  -0.00016822177  -0.00063561110  -0.00045110423  -0.0045104799  -0.99980957  -0.0024129791  0.0036059462  -0.0013953946  0.0038551188  -0.0024645243  0.0026800430  -0.00016822177  -0.00063561110  -0.00045110423  
-0.0070845975  -0.0023706572  0.99978060  -0.011913749  0.0022198419  0.0037034191  -0.0015540281  0.0011782140  -0.00076074250  -0.0012912820  -0.00071725132  -0.0070845975  -0.0023706572  0.99978060  -0.011913749  0.0022198419  0.0037034191  -0.0015540281  0.0011782140  -0.00076074250  -0.0012912820  -0.00071725132  
-0.0047444724  -0.0035436294  -0.011982649  -0.99972551  0.0094366817  0.0014827305  0.00069323444  -0.0030380472  -0.0037184444  -0.00063666875  -0.00037881945  -0.0047444724  -0.0035436294  -0.011982649  -0.99972551  0.0094366817  0.0014827305  0.00069323444  -0.0030380472  -0.0037184444  -0.00063666875  -0.00037881945  
4.4879666e-05  -0.0014362504  -0.0021084180  0.0094826436  0.99986813  -0.0054748494  -7.3786535e-05  -0.0026280644  0.00051176443  -0.0019149317  -0.0034723159  4.4879666e-05  -0.0014362504  -0.0021084180  0.0094826436  0.99986813  -0.0054748494  -7.3786535e-05  -0.0026280644  0.00051176443  -0.0019149317  -0.0034723159  
0.0018503592  0.0038643001  -0.0037118072  0.0016533699  0.0054297740  0.99965080  -0.0040568157  -0.0080383161  -0.010212245  -0.0091341190  -0.00061013032  0.0018503592  0.0038643001  -0.0037118072  0.0016533699  0.0054297740  0.99965080  -0.0040568157  -0.0080383161  -0.010212245  -0.0091341190  -0.00061013032  
0.00010925203  0.0023867064  -0.0014707870  -0.00057327559  -0.00019766489  -0.0043042042  -0.99956471  -0.026793557  -0.0017391678  0.0013017093  -7.1765006e-05  0.00010925203  0.0023867064  -0.0014707870  -0.00057327559  -0.00019766489  -0.0043042042  -0.99956471  -0.026793557  -0.0017391678  0.0013017093  -7.1765006e-05  
0.0012864705  0.0027446765  -0.0012240121  -0.0030806529  0.0026814566  0.0080563070  -0.026810215  0.99946807  0.010739923  -0.00098235972  0.0020384702  0.0012864705  0.0027446765  -0.0012240121  -0.0030806529  0.0026814566  0.0080563070  -0.026810215  0.99946807  0.010739923  -0.00098235972  0.0020384702  
-0.00030616362  0.00016484908  -0.00071339800  0.0036905077  0.00041370955  -0.010184715  0.0014848212  0.010881189  -0.99982826  -0.0047271660  -0.0045451939  -0.00030616362  0.00016484908  -0.00071339800  0.0036905077  0.00041370955  -0.010184715  0.0014848212  0.010881189  -0.99982826  -0.0047271660  -0.0045451939  
1.6881472e-05  0.00059384692  -0.0012311599  0.00060504687  -0.0020087797  -0.0091022937  -0.0012125795  -0.0010110638  0.0048108641  -0.99989987  0.0016074041  1.6881472e-05  0.00059384692  -0.0012311599  0.00060504687  -0.0020087797  -0.0091022937  -0.0012125795  -0.0010110638  0.0048108641  -0.99989987  0.0016074041  
0.0012387467  0.00043765280  -0.00066994454  0.00038201261  -0.0034911071  -0.00059233816  1.0678307e-05  0.0019917118  0.0045606840  -0.0015898513  -0.99988272  0.0012387467  0.00043765280  -0.00066994454  0.00038201261  -0.0034911071  -0.00059233816  1.0678307e-05  0.0019917118  0.0045606840  -0.0015898513  -0.99988272  
0.99976626  -0.0045573196  0.0069477208  -0.0047123461  2.7539616e-05  -0.0019779885  0.00012188435  -0.0012233614  -0.00030214504  3.0313303e-05  0.0012623753  0.99976626  -0.0045573196  0.0069477208  -0.0047123461  2.7539616e-05  -0.0019779885  0.00012188435  -0.0012233614  -0.00030214504  3.0313303e-05  0.0012623753  
-0.0045104799  -0.99980957  -0.0024129791  0.0036059462  -0.0013953946  0.0038551188  -0.0024645243  0.0026800430  -0.00016822177  -0.00063561110  -0.00045110423  -0.0045104799  -0.99980957  -0.0024129791  0.0036059462  -0.0013953946  0.0038551188  -0.0024645243  0.0026800430  -0.00016822177  -0.00063561110  -0.00045110423  
-0.0070845975  -0.0023706572  0.99978060  -0.011913749  0.0022198419  0.0037034191  -0.0015540281  0.0011782140  -0.00076074250  -0.0012912820  -0.00071725132  -0.0070845975  -0.0023706572  0.99978060  -0.011913749  0.0022198419  0.0037034191  -0.0015540281  0.0011782140  -0.00076074250  -0.0012912820  -0.00071725132  
-0.0047444724  -0.0035436294  -0.011982649  -0.99972551  0.0094366817  0.0014827305  0.00069323444  -0.0030380472  -0.0037184444  -0.00063666875  -0.00037881945  -0.0047444724  -0.0035436294  -0.011982649  -0.99972551  0.0094366817  0.0014827305  0.00069323444  -0.0030380472  -0.0037184444  -0.00063666875  -0.00037881945  
4.4879666e-05  -0.0014362504  -0.0021084180  0.0094826436  0.99986813  -0.0054748494  -7.3786535e-05  -0.0026280644  0.00051176443  -0.0019149317  -0.0034723159  4.4879666e-05  -0.0014362504  -0.0021084180  0.0094826436  0.99986813  -0.0054748494  -7.3786535e-05  -0.0026280644  0.00051176443  -0.0019149317  -0.0034723159  
0.0018503592  0.0038643001  -0.0037118072  0.0016533699  0.0054297740  0.99965080  -0.0040568157  -0.0080383161  -0.010212245  -0.0091341190  -0.00061013032  0.0018503592  0.0038643001  -0.0037118072  0.0016533699  0.0054297740  0.99965080  -0.0040568157  -0.0080383161  -0.010212245  -0.0091341190  -0.00061013032  
0.00010925203  0.0023867064  -0.0014707870  -0.00057327559  -0.00019766489  -0.0043042042  -0.99956471  -0.026793557  -0.0017391678  0.0013017093  -7.1765006e-05  0.00010925203  0.0023867064  -0.0014707870  -0.00057327559  -0.00019766489  -0.0043042042  -0.99956471  -0.026793557  -0.0017391678  0.0013017093  -7.1765006e-05  
0.0012864705  0.0027446765  -0.0012240121  -0.0030806529  0.0026814566  0.0080563070  -0.026810215  0.99946807  0.010739923  -0.00098235972  0.0020384702  0.0012864705  0.0027446765  -0.0012240121  -0.0030806529  0.0026814566  0.0080563070  -0.026810215  0.99946807  0.010739923  -0.00098235972  0.0020384702  
-0.00030616362  0.00016484908  -0.00071339800  0.0036905077  0.00041370955  -0.010184715  0.0014848212  0.010881189  -0.99982826  -0.0047271660  -0.0045451939  -0.00030616362  0.00016484908  -0.00071339800  0.0036905077  0.00041370955  -0.010184715  0.0014848212  0.010881189  -0.99982826  -0.0047271660  -0.0045451939  
1.6881472e-05  0.00059384692  -0.0012311599  0.00060504687  -0.0020087797  -0.0091022937  -0.0012125795  -0.0010110638  0.0048108641  -0.99989987  0.0016074041  1.6881472e-05  0.00059384692  -0.0012311599  0.00060504687  -0.0020087797  -0.0091022937  -0.0012125795  -0.0010110638  0.0048108641  -0.99989987  0.0016074041  
0.0012387467  0.00043765280  -0.00066994454  0.00038201261  -0.0034911071  -0.00059233816  1.0678307e-05  0.0019917118  0.0045606840  -0.0015898513  -0.99988272  0.0012387467  0.00043765280  -0.00066994454  0.00038201261  -0.0034911071  -0.00059233816  1.0678307e-05  0.0019917118  0.0045606840  -0.0015898513  -0.99988272  
