5.6645328e-20  -5.1456193e-18  -2.1340995e-18  2.7008969e-18  -7.1409113e-18  2.3035061e-18  1.5114244e-18  1.4751079e-18  -2.2611545e-18  3.9454795e-18  1.5564230e-19  5.6645328e-20  -5.1456193e-18  -2.1340995e-18  2.7008969e-18  -7.1409113e-18  2.3035061e-18  1.5114244e-18  1.4751079e-18  -2.2611545e-18  3.9454795e-18  1.5564230e-19  
3.7591322e-18  7.3840097e-19  9.5915893e-19  -4.5676252e-18  -4.0445823e-20  -3.7354153e-19  -1.4888722e-18  5.5681828e-18  3.5456799e-18  -9.1022161e-18  -1.6517142e-17  3.7591322e-18  7.3840097e-19  9.5915893e-19  -4.5676252e-18  -4.0445823e-20  -3.7354153e-19  -1.4888722e-18  5.5681828e-18  3.5456799e-18  -9.1022161e-18  -1.6517142e-17  
-2.0642193e-18  -5.9228779e-19  -7.1844276e-19  1.7138124e-18  -2.5265934e-18  -2.8320547e-18  -1.4441912e-19  -1.8607196e-18  -9.7798424e-18  -2.4780796e-17  -8.8655762e-18  -2.0642193e-18  -5.9228779e-19  -7.1844276e-19  1.7138124e-18  -2.5265934e-18  -2.8320547e-18  -1.4441912e-19  -1.8607196e-18  -9.7798424e-18  -2.4780796e-17  -8.8655762e-18  
2.8733740e-18  -8.1468158e-18  -8.4872701e-19  2.5895352e-18  6.7338987e-18  -4.8275584e-19  2.0500315e-18  2.9350750e-18  -1.2874795e-17  8.0426837e-18  -1.9278867e-18  2.8733740e-18  -8.1468158e-18  -8.4872701e-19  2.5895352e-18  6.7338987e-18  -4.8275584e-19  2.0500315e-18  2.9350750e-18  -1.2874795e-17  8.0426837e-18  -1.9278867e-18  
2.0818799e-17  2.1817451e-18  7.2006271e-18  7.1430288e-18  -5.6974298e-19  6.4557145e-19  -7.2770718e-19  -3.7076816e-18  9.7502690e-17  -3.7195202e-17  1.9863426e-17  2.0818799e-17  2.1817451e-18  7.2006271e-18  7.1430288e-18  -5.6974298e-19  6.4557145e-19  -7.2770718e-19  -3.7076816e-18  9.7502690e-17  -3.7195202e-17  1.9863426e-17  
-4.3641255e-18  5.3955999e-19  -3.8887283e-18  2.3023414e-19  -3.0536861e-19  1.5216815e-18  -1.8018508e-18  -2.1697278e-18  -5.4792444e-18  -1.1873337e-17  6.3173570e-18  -4.3641255e-18  5.3955999e-19  -3.8887283e-18  2.3023414e-19  -3.0536861e-19  1.5216815e-18  -1.8018508e-18  -2.1697278e-18  -5.4792444e-18  -1.1873337e-17  6.3173570e-18  
4.9297318e-18  -2.6369724e-18  2.8727652e-19  3.3081004e-18  6.2037487e-18  1.6033804e-18  6.0405361e-19  -2.1801040e-18  1.3526269e-17  3.7705672e-18  1.0539737e-17  4.9297318e-18  -2.6369724e-18  2.8727652e-19  3.3081004e-18  6.2037487e-18  1.6033804e-18  6.0405361e-19  -2.1801040e-18  1.3526269e-17  3.7705672e-18  1.0539737e-17  
6.2849845e-19  9.1246624e-19  1.0850492e-18  2.6849356e-18  2.5499000e-19  -4.1557554e-18  -4.3889542e-18  2.4636747e-20  1.1173265e-17  -4.3034568e-18  8.0322282e-18  6.2849845e-19  9.1246624e-19  1.0850492e-18  2.6849356e-18  2.5499000e-19  -4.1557554e-18  -4.3889542e-18  2.4636747e-20  1.1173265e-17  -4.3034568e-18  8.0322282e-18  
-2.5270804e-17  1.1331607e-17  -3.5956549e-18  4.3647820e-17  -3.4996913e-17  -4.6875862e-18  -1.0799670e-19  -1.4780725e-19  3.2390871e-18  3.7239009e-18  7.8314443e-17  -2.5270804e-17  1.1331607e-17  -3.5956549e-18  4.3647820e-17  -3.4996913e-17  -4.6875862e-18  -1.0799670e-19  -1.4780725e-19  3.2390871e-18  3.7239009e-18  7.8314443e-17  
-4.6417406e-19  -2.1650162e-18  3.2348612e-17  1.3568833e-17  2.0240527e-17  9.8379965e-18  -4.0132421e-18  1.1646703e-20  -8.7988459e-18  -3.4920389e-18  1.6517481e-16  -4.6417406e-19  -2.1650162e-18  3.2348612e-17  1.3568833e-17  2.0240527e-17  9.8379965e-18  -4.0132421e-18  1.1646703e-20  -8.7988459e-18  -3.4920389e-18  1.6517481e-16  
-1.5154478e-18  -1.3786520e-17  1.0538149e-17  3.6620411e-18  -8.4575330e-18  -1.2647525e-18  3.6603999e-18  1.1726470e-17  2.9182098e-17  -1.3563365e-16  -4.5897274e-19  -1.5154478e-18  -1.3786520e-17  1.0538149e-17  3.6620411e-18  -8.4575330e-18  -1.2647525e-18  3.6603999e-18  1.1726470e-17  2.9182098e-17  -1.3563365e-16  -4.5897274e-19  
5.6645328e-20  -5.1456193e-18  -2.1340995e-18  2.7008969e-18  -7.1409113e-18  2.3035061e-18  1.5114244e-18  1.4751079e-18  -2.2611545e-18  3.9454795e-18  1.5564230e-19  5.6645328e-20  -5.1456193e-18  -2.1340995e-18  2.7008969e-18  -7.1409113e-18  2.3035061e-18  1.5114244e-18  1.4751079e-18  -2.2611545e-18  3.9454795e-18  1.5564230e-19  
3.7591322e-18  7.3840097e-19  9.5915893e-19  -4.5676252e-18  -4.0445823e-20  -3.7354153e-19  -1.4888722e-18  5.5681828e-18  3.5456799e-18  -9.1022161e-18  -1.6517142e-17  3.7591322e-18  7.3840097e-19  9.5915893e-19  -4.5676252e-18  -4.0445823e-20  -3.7354153e-19  -1.4888722e-18  5.5681828e-18  3.5456799e-18  -9.1022161e-18  -1.6517142e-17  
-2.0642193e-18  -5.9228779e-19  -7.1844276e-19  1.7138124e-18  -2.5265934e-18  -2.8320547e-18  -1.4441912e-19  -1.8607196e-18  -9.7798424e-18  -2.4780796e-17  -8.8655762e-18  -2.0642193e-18  -5.9228779e-19  -7.1844276e-19  1.7138124e-18  -2.5265934e-18  -2.8320547e-18  -1.4441912e-19  -1.8607196e-18  -9.7798424e-18  -2.4780796e-17  -8.8655762e-18  
2.8733740e-18  -8.1468158e-18  -8.4872701e-19  2.5895352e-18  6.7338987e-18  -4.8275584e-19  2.0500315e-18  2.9350750e-18  -1.2874795e-17  8.0426837e-18  -1.9278867e-18  2.8733740e-18  -8.1468158e-18  -8.4872701e-19  2.5895352e-18  6.7338987e-18  -4.8275584e-19  2.0500315e-18  2.9350750e-18  -1.2874795e-17  8.0426837e-18  -1.9278867e-18  
2.0818799e-17  2.1817451e-18  7.2006271e-18  7.1430288e-18  -5.6974298e-19  6.4557145e-19  -7.2770718e-19  -3.7076816e-18  9.7502690e-17  -3.7195202e-17  1.9863426e-17  2.0818799e-17  2.1817451e-18  7.2006271e-18  7.1430288e-18  -5.6974298e-19  6.4557145e-19  -7.2770718e-19  -3.7076816e-18  9.7502690e-17  -3.7195202e-17  1.9863426e-17  
-4.3641255e-18  5.3955999e-19  -3.8887283e-18  2.3023414e-19  -3.0536861e-19  1.5216815e-18  -1.8018508e-18  -2.1697278e-18  -5.4792444e-18  -1.1873337e-17  6.3173570e-18  -4.3641255e-18  5.3955999e-19  -3.8887283e-18  2.3023414e-19  -3.0536861e-19  1.5216815e-18  -1.8018508e-18  -2.1697278e-18  -5.4792444e-18  -1.1873337e-17  6.3173570e-18  
4.9297318e-18  -2.6369724e-18  2.8727652e-19  3.3081004e-18  6.2037487e-18  1.6033804e-18  6.0405361e-19  -2.1801040e-18  1.3526269e-17  3.7705672e-18  1.0539737e-17  4.9297318e-18  -2.6369724e-18  2.8727652e-19  3.3081004e-18  6.2037487e-18  1.6033804e-18  6.0405361e-19  -2.1801040e-18  1.3526269e-17  3.7705672e-18  1.0539737e-17  
6.2849845e-19  9.1246624e-19  1.0850492e-18  2.6849356e-18  2.5499000e-19  -4.1557554e-18  -4.3889542e-18  2.4636747e-20  1.1173265e-17  -4.3034568e-18  8.0322282e-18  6.2849845e-19  9.1246624e-19  1.0850492e-18  2.6849356e-18  2.5499000e-19  -4.1557554e-18  -4.3889542e-18  2.4636747e-20  1.1173265e-17  -4.3034568e-18  8.0322282e-18  
-2.5270804e-17  1.1331607e-17  -3.5956549e-18  4.3647820e-17  -3.4996913e-17  -4.6875862e-18  -1.0799670e-19  -1.4780725e-19  3.2390871e-18  3.7239009e-18  7.8314443e-17  -2.5270804e-17  1.1331607e-17  -3.5956549e-18  4.3647820e-17  -3.4996913e-17  -4.6875862e-18  -1.0799670e-19  -1.4780725e-19  3.2390871e-18  3.7239009e-18  7.8314443e-17  
-4.6417406e-19  -2.1650162e-18  3.2348612e-17  1.3568833e-17  2.0240527e-17  9.8379965e-18  -4.0132421e-18  1.1646703e-20  -8.7988459e-18  -3.4920389e-18  1.6517481e-16  -4.6417406e-19  -2.1650162e-18  3.2348612e-17  1.3568833e-17  2.0240527e-17  9.8379965e-18  -4.0132421e-18  1.1646703e-20  -8.7988459e-18  -3.4920389e-18  1.6517481e-16  
-1.5154478e-18  -1.3786520e-17  1.0538149e-17  3.6620411e-18  -8.4575330e-18  -1.2647525e-18  3.6603999e-18  1.1726470e-17  2.9182098e-17  -1.3563365e-16  -4.5897274e-19  -1.5154478e-18  -1.3786520e-17  1.0538149e-17  3.6620411e-18  -8.4575330e-18  -1.2647525e-18  3.6603999e-18  1.1726470e-17  2.9182098e-17  -1.3563365e-16  -4.5897274e-19  
