1.4009660e-18  -5.2168759e-18  -4.0812165e-18  -1.1416151e-18  1.0520679e-17  -1.0555725e-17  1.7448879e-18  -1.4612271e-17  -2.0291521e-17  -1.3755815e-18  3.4411349e-17  1.4009660e-18  -5.2168759e-18  -4.0812165e-18  -1.1416151e-18  1.0520679e-17  -1.0555725e-17  1.7448879e-18  -1.4612271e-17  -2.0291521e-17  -1.3755815e-18  3.4411349e-17  
-1.3700758e-17  -1.9166238e-18  -2.2581898e-18  1.8531493e-18  -1.1046263e-17  -3.7184746e-18  -1.5284286e-17  -8.0044614e-20  -9.2487528e-18  -1.5687050e-17  1.2348682e-18  -1.3700758e-17  -1.9166238e-18  -2.2581898e-18  1.8531493e-18  -1.1046263e-17  -3.7184746e-18  -1.5284286e-17  -8.0044614e-20  -9.2487528e-18  -1.5687050e-17  1.2348682e-18  
-6.0685676e-18  -3.0624476e-18  3.2851643e-19  2.2366964e-20  -3.9298094e-18  5.7471185e-19  1.8052390e-19  -3.8646937e-18  -2.1141942e-18  -3.5177278e-18  -9.8394524e-18  -6.0685676e-18  -3.0624476e-18  3.2851643e-19  2.2366964e-20  -3.9298094e-18  5.7471185e-19  1.8052390e-19  -3.8646937e-18  -2.1141942e-18  -3.5177278e-18  -9.8394524e-18  
1.7888277e-19  1.0751389e-17  1.4217977e-18  -4.0995071e-21  -2.0882936e-18  -7.5544751e-20  7.9610509e-19  -1.4433944e-17  -5.4981967e-18  -2.3484835e-17  9.8377848e-18  1.7888277e-19  1.0751389e-17  1.4217977e-18  -4.0995071e-21  -2.0882936e-18  -7.5544751e-20  7.9610509e-19  -1.4433944e-17  -5.4981967e-18  -2.3484835e-17  9.8377848e-18  
2.8208103e-17  6.1710585e-18  -1.6238680e-18  -9.6437348e-19  -3.4327995e-21  -2.2810597e-18  5.1718773e-18  2.8413456e-18  1.6235875e-17  1.0199425e-16  1.5347972e-18  2.8208103e-17  6.1710585e-18  -1.6238680e-18  -9.6437348e-19  -3.4327995e-21  -2.2810597e-18  5.1718773e-18  2.8413456e-18  1.6235875e-17  1.0199425e-16  1.5347972e-18  
3.4237072e-18  1.1705995e-18  -9.3851251e-19  -1.2369857e-18  -9.0717229e-19  2.5826299e-18  -1.3159716e-17  3.6403888e-18  -1.0266886e-17  -8.3826616e-18  2.4292905e-18  3.4237072e-18  1.1705995e-18  -9.3851251e-19  -1.2369857e-18  -9.0717229e-19  2.5826299e-18  -1.3159716e-17  3.6403888e-18  -1.0266886e-17  -8.3826616e-18  2.4292905e-18  
1.6708784e-18  -1.6315972e-18  -6.6680551e-18  -1.6880837e-18  1.4393737e-18  1.1756606e-17  6.6420618e-19  -1.4846899e-19  -1.2504324e-18  -8.9700789e-19  6.6185037e-19  1.6708784e-18  -1.6315972e-18  -6.6680551e-18  -1.6880837e-18  1.4393737e-18  1.1756606e-17  6.6420618e-19  -1.4846899e-19  -1.2504324e-18  -8.9700789e-19  6.6185037e-19  
5.8517801e-18  1.7383234e-18  1.1800969e-17  -1.2246680e-17  -9.7521616e-19  5.1056499e-18  -2.4263259e-18  1.5907345e-19  -4.1954601e-18  -4.8767128e-17  4.3406349e-17  5.8517801e-18  1.7383234e-18  1.1800969e-17  -1.2246680e-17  -9.7521616e-19  5.1056499e-18  -2.4263259e-18  1.5907345e-19  -4.1954601e-18  -4.8767128e-17  4.3406349e-17  
-6.2383977e-18  3.7650615e-18  1.6951670e-17  1.3358345e-17  -1.3632889e-17  -1.1329066e-17  2.5453340e-19  7.7115997e-18  -8.0287341e-18  -1.0886925e-16  -2.9098462e-16  -6.2383977e-18  3.7650615e-18  1.6951670e-17  1.3358345e-17  -1.3632889e-17  -1.1329066e-17  2.5453340e-19  7.7115997e-18  -8.0287341e-18  -1.0886925e-16  -2.9098462e-16  
-3.9281153e-18  2.1019546e-17  -2.5618511e-18  -1.9163062e-17  1.4239429e-16  1.2946369e-17  1.2561499e-17  5.8883189e-17  5.9483550e-17  -3.3407178e-18  -2.9442865e-18  -3.9281153e-18  2.1019546e-17  -2.5618511e-18  -1.9163062e-17  1.4239429e-16  1.2946369e-17  1.2561499e-17  5.8883189e-17  5.9483550e-17  -3.3407178e-18  -2.9442865e-18  
-1.9827400e-17  -1.2811903e-18  5.4818914e-19  1.7398603e-17  -5.6078743e-18  2.5379225e-19  -7.7556851e-18  -1.5022935e-16  1.0537662e-16  8.2570995e-17  -1.1295978e-19  -1.9827400e-17  -1.2811903e-18  5.4818914e-19  1.7398603e-17  -5.6078743e-18  2.5379225e-19  -7.7556851e-18  -1.5022935e-16  1.0537662e-16  8.2570995e-17  -1.1295978e-19  
1.4009660e-18  -5.2168759e-18  -4.0812165e-18  -1.1416151e-18  1.0520679e-17  -1.0555725e-17  1.7448879e-18  -1.4612271e-17  -2.0291521e-17  -1.3755815e-18  3.4411349e-17  1.4009660e-18  -5.2168759e-18  -4.0812165e-18  -1.1416151e-18  1.0520679e-17  -1.0555725e-17  1.7448879e-18  -1.4612271e-17  -2.0291521e-17  -1.3755815e-18  3.4411349e-17  
-1.3700758e-17  -1.9166238e-18  -2.2581898e-18  1.8531493e-18  -1.1046263e-17  -3.7184746e-18  -1.5284286e-17  -8.0044614e-20  -9.2487528e-18  -1.5687050e-17  1.2348682e-18  -1.3700758e-17  -1.9166238e-18  -2.2581898e-18  1.8531493e-18  -1.1046263e-17  -3.7184746e-18  -1.5284286e-17  -8.0044614e-20  -9.2487528e-18  -1.5687050e-17  1.2348682e-18  
-6.0685676e-18  -3.0624476e-18  3.2851643e-19  2.2366964e-20  -3.9298094e-18  5.7471185e-19  1.8052390e-19  -3.8646937e-18  -2.1141942e-18  -3.5177278e-18  -9.8394524e-18  -6.0685676e-18  -3.0624476e-18  3.2851643e-19  2.2366964e-20  -3.9298094e-18  5.7471185e-19  1.8052390e-19  -3.8646937e-18  -2.1141942e-18  -3.5177278e-18  -9.8394524e-18  
1.7888277e-19  1.0751389e-17  1.4217977e-18  -4.0995071e-21  -2.0882936e-18  -7.5544751e-20  7.9610509e-19  -1.4433944e-17  -5.4981967e-18  -2.3484835e-17  9.8377848e-18  1.7888277e-19  1.0751389e-17  1.4217977e-18  -4.0995071e-21  -2.0882936e-18  -7.5544751e-20  7.9610509e-19  -1.4433944e-17  -5.4981967e-18  -2.3484835e-17  9.8377848e-18  
2.8208103e-17  6.1710585e-18  -1.6238680e-18  -9.6437348e-19  -3.4327995e-21  -2.2810597e-18  5.1718773e-18  2.8413456e-18  1.6235875e-17  1.0199425e-16  1.5347972e-18  2.8208103e-17  6.1710585e-18  -1.6238680e-18  -9.6437348e-19  -3.4327995e-21  -2.2810597e-18  5.1718773e-18  2.8413456e-18  1.6235875e-17  1.0199425e-16  1.5347972e-18  
3.4237072e-18  1.1705995e-18  -9.3851251e-19  -1.2369857e-18  -9.0717229e-19  2.5826299e-18  -1.3159716e-17  3.6403888e-18  -1.0266886e-17  -8.3826616e-18  2.4292905e-18  3.4237072e-18  1.1705995e-18  -9.3851251e-19  -1.2369857e-18  -9.0717229e-19  2.5826299e-18  -1.3159716e-17  3.6403888e-18  -1.0266886e-17  -8.3826616e-18  2.4292905e-18  
1.6708784e-18  -1.6315972e-18  -6.6680551e-18  -1.6880837e-18  1.4393737e-18  1.1756606e-17  6.6420618e-19  -1.4846899e-19  -1.2504324e-18  -8.9700789e-19  6.6185037e-19  1.6708784e-18  -1.6315972e-18  -6.6680551e-18  -1.6880837e-18  1.4393737e-18  1.1756606e-17  6.6420618e-19  -1.4846899e-19  -1.2504324e-18  -8.9700789e-19  6.6185037e-19  
5.8517801e-18  1.7383234e-18  1.1800969e-17  -1.2246680e-17  -9.7521616e-19  5.1056499e-18  -2.4263259e-18  1.5907345e-19  -4.1954601e-18  -4.8767128e-17  4.3406349e-17  5.8517801e-18  1.7383234e-18  1.1800969e-17  -1.2246680e-17  -9.7521616e-19  5.1056499e-18  -2.4263259e-18  1.5907345e-19  -4.1954601e-18  -4.8767128e-17  4.3406349e-17  
-6.2383977e-18  3.7650615e-18  1.6951670e-17  1.3358345e-17  -1.3632889e-17  -1.1329066e-17  2.5453340e-19  7.7115997e-18  -8.0287341e-18  -1.0886925e-16  -2.9098462e-16  -6.2383977e-18  3.7650615e-18  1.6951670e-17  1.3358345e-17  -1.3632889e-17  -1.1329066e-17  2.5453340e-19  7.7115997e-18  -8.0287341e-18  -1.0886925e-16  -2.9098462e-16  
-3.9281153e-18  2.1019546e-17  -2.5618511e-18  -1.9163062e-17  1.4239429e-16  1.2946369e-17  1.2561499e-17  5.8883189e-17  5.9483550e-17  -3.3407178e-18  -2.9442865e-18  -3.9281153e-18  2.1019546e-17  -2.5618511e-18  -1.9163062e-17  1.4239429e-16  1.2946369e-17  1.2561499e-17  5.8883189e-17  5.9483550e-17  -3.3407178e-18  -2.9442865e-18  
-1.9827400e-17  -1.2811903e-18  5.4818914e-19  1.7398603e-17  -5.6078743e-18  2.5379225e-19  -7.7556851e-18  -1.5022935e-16  1.0537662e-16  8.2570995e-17  -1.1295978e-19  -1.9827400e-17  -1.2811903e-18  5.4818914e-19  1.7398603e-17  -5.6078743e-18  2.5379225e-19  -7.7556851e-18  -1.5022935e-16  1.0537662e-16  8.2570995e-17  -1.1295978e-19  
