0.99987157  -0.0042804600  0.0061053169  0.0030576794  0.00054681300  0.0026748291  0.0068044682  0.00016610024  -5.7809879e-05  0.00015490910  -0.0016395782  0.99987157  -0.0042804600  0.0061053169  0.0030576794  0.00054681300  0.0026748291  0.0068044682  0.00016610024  -5.7809879e-05  0.00015490910  -0.0016395782  
0.0043247754  0.99988095  -0.0041782030  -0.0040545578  0.0020776730  -0.00050755646  0.0019373539  -0.0026331961  0.00047274529  -0.00074931910  0.00083637947  0.0043247754  0.99988095  -0.0041782030  -0.0040545578  0.0020776730  -0.00050755646  0.0019373539  -0.0026331961  0.00047274529  -0.00074931910  0.00083637947  
0.0061651467  -0.0041846430  -0.99975182  -0.0026980483  -0.010678343  -0.00030289996  0.00019673163  -0.0024267907  0.00032741204  -0.0025027480  -0.00095709173  0.0061651467  -0.0041846430  -0.99975182  -0.0026980483  -0.010678343  -0.00030289996  0.00019673163  -0.0024267907  0.00032741204  -0.0025027480  -0.00095709173  
-0.0030481397  0.0041035437  -0.0027622830  0.99985088  -0.0054957662  -0.0045760783  -0.0024397560  -0.0013551043  -0.0017941399  0.00069497307  -0.00011054457  -0.0030481397  0.0041035437  -0.0027622830  0.99985088  -0.0054957662  -0.0045760783  -0.0024397560  -0.0013551043  -0.0017941399  0.00069497307  -0.00011054457  
0.00055911759  0.0020383053  0.010687812  -0.0054222036  -0.99984912  -0.0025453837  0.00070900438  0.00052453622  0.0024361959  0.0029968038  0.0047123995  0.00055911759  0.0020383053  0.010687812  -0.0054222036  -0.99984912  -0.0025453837  0.00070900438  0.00052453622  0.0024361959  0.0029968038  0.0047123995  
0.0025183946  -0.00071738042  0.00045323507  -0.0044811303  0.0025531967  -0.99899766  0.026952069  -0.031285485  7.5464204e-05  -0.0037270254  0.00023673566  0.0025183946  -0.00071738042  0.00045323507  -0.0044811303  0.0025531967  -0.99899766  0.026952069  -0.031285485  7.5464204e-05  -0.0037270254  0.00023673566  
0.0069106345  0.0018820499  -0.00016773208  -0.0025217924  -0.00059288376  -0.027185903  -0.99942297  0.0086403372  0.0095940581  -0.0044872627  -0.0012126137  0.0069106345  0.0018820499  -0.00016773208  -0.0025217924  -0.00059288376  -0.027185903  -0.99942297  0.0086403372  0.0095940581  -0.0044872627  -0.0012126137  
0.00010682059  -0.0025644061  0.0024254305  -0.0012350480  -0.00063698941  0.031053634  -0.0094086496  -0.99936779  0.0080055971  -0.0057210055  0.0015982279  0.00010682059  -0.0025644061  0.0024254305  -0.0012350480  -0.00063698941  0.031053634  -0.0094086496  -0.99936779  0.0080055971  -0.0057210055  0.0015982279  
-2.5837326e-05  -0.00039522167  9.8334082e-05  0.0017521482  0.0025793736  -0.00014452376  0.0093427671  0.0074973285  0.99736769  0.070476109  -0.0031317563  -2.5837326e-05  -0.00039522167  9.8334082e-05  0.0017521482  0.0025793736  -0.00014452376  0.0093427671  0.0074973285  0.99736769  0.070476109  -0.0031317563  
-0.00012595412  0.00078119917  -0.0025264415  -0.00082356506  0.0027618039  -0.0036773850  -0.0050806123  -0.0063681405  -0.070428418  0.99738094  -0.0081318545  -0.00012595412  0.00078119917  -0.0025264415  -0.00082356506  0.0027618039  -0.0036773850  -0.0050806123  -0.0063681405  -0.070428418  0.99738094  -0.0081318545  
0.0016541352  -0.00083968450  -0.00091219738  0.00014119141  0.0047215012  0.00013358717  -0.0012225613  0.0015740499  0.0025229662  0.0083275156  0.99985376  0.0016541352  -0.00083968450  -0.00091219738  0.00014119141  0.0047215012  0.00013358717  -0.0012225613  0.0015740499  0.0025229662  0.0083275156  0.99985376  
0.99987157  -0.0042804600  0.0061053169  0.0030576794  0.00054681300  0.0026748291  0.0068044682  0.00016610024  -5.7809879e-05  0.00015490910  -0.0016395782  0.99987157  -0.0042804600  0.0061053169  0.0030576794  0.00054681300  0.0026748291  0.0068044682  0.00016610024  -5.7809879e-05  0.00015490910  -0.0016395782  
0.0043247754  0.99988095  -0.0041782030  -0.0040545578  0.0020776730  -0.00050755646  0.0019373539  -0.0026331961  0.00047274529  -0.00074931910  0.00083637947  0.0043247754  0.99988095  -0.0041782030  -0.0040545578  0.0020776730  -0.00050755646  0.0019373539  -0.0026331961  0.00047274529  -0.00074931910  0.00083637947  
0.0061651467  -0.0041846430  -0.99975182  -0.0026980483  -0.010678343  -0.00030289996  0.00019673163  -0.0024267907  0.00032741204  -0.0025027480  -0.00095709173  0.0061651467  -0.0041846430  -0.99975182  -0.0026980483  -0.010678343  -0.00030289996  0.00019673163  -0.0024267907  0.00032741204  -0.0025027480  -0.00095709173  
-0.0030481397  0.0041035437  -0.0027622830  0.99985088  -0.0054957662  -0.0045760783  -0.0024397560  -0.0013551043  -0.0017941399  0.00069497307  -0.00011054457  -0.0030481397  0.0041035437  -0.0027622830  0.99985088  -0.0054957662  -0.0045760783  -0.0024397560  -0.0013551043  -0.0017941399  0.00069497307  -0.00011054457  
0.00055911759  0.0020383053  0.010687812  -0.0054222036  -0.99984912  -0.0025453837  0.00070900438  0.00052453622  0.0024361959  0.0029968038  0.0047123995  0.00055911759  0.0020383053  0.010687812  -0.0054222036  -0.99984912  -0.0025453837  0.00070900438  0.00052453622  0.0024361959  0.0029968038  0.0047123995  
0.0025183946  -0.00071738042  0.00045323507  -0.0044811303  0.0025531967  -0.99899766  0.026952069  -0.031285485  7.5464204e-05  -0.0037270254  0.00023673566  0.0025183946  -0.00071738042  0.00045323507  -0.0044811303  0.0025531967  -0.99899766  0.026952069  -0.031285485  7.5464204e-05  -0.0037270254  0.00023673566  
0.0069106345  0.0018820499  -0.00016773208  -0.0025217924  -0.00059288376  -0.027185903  -0.99942297  0.0086403372  0.0095940581  -0.0044872627  -0.0012126137  0.0069106345  0.0018820499  -0.00016773208  -0.0025217924  -0.00059288376  -0.027185903  -0.99942297  0.0086403372  0.0095940581  -0.0044872627  -0.0012126137  
0.00010682059  -0.0025644061  0.0024254305  -0.0012350480  -0.00063698941  0.031053634  -0.0094086496  -0.99936779  0.0080055971  -0.0057210055  0.0015982279  0.00010682059  -0.0025644061  0.0024254305  -0.0012350480  -0.00063698941  0.031053634  -0.0094086496  -0.99936779  0.0080055971  -0.0057210055  0.0015982279  
-2.5837326e-05  -0.00039522167  9.8334082e-05  0.0017521482  0.0025793736  -0.00014452376  0.0093427671  0.0074973285  0.99736769  0.070476109  -0.0031317563  -2.5837326e-05  -0.00039522167  9.8334082e-05  0.0017521482  0.0025793736  -0.00014452376  0.0093427671  0.0074973285  0.99736769  0.070476109  -0.0031317563  
-0.00012595412  0.00078119917  -0.0025264415  -0.00082356506  0.0027618039  -0.0036773850  -0.0050806123  -0.0063681405  -0.070428418  0.99738094  -0.0081318545  -0.00012595412  0.00078119917  -0.0025264415  -0.00082356506  0.0027618039  -0.0036773850  -0.0050806123  -0.0063681405  -0.070428418  0.99738094  -0.0081318545  
0.0016541352  -0.00083968450  -0.00091219738  0.00014119141  0.0047215012  0.00013358717  -0.0012225613  0.0015740499  0.0025229662  0.0083275156  0.99985376  0.0016541352  -0.00083968450  -0.00091219738  0.00014119141  0.0047215012  0.00013358717  -0.0012225613  0.0015740499  0.0025229662  0.0083275156  0.99985376  
