-2.3632219e-18  8.1543862e-18  -4.4028773e-18  1.3412978e-17  6.4954722e-18  -9.5037097e-19  -6.8698607e-18  -5.3468955e-18  -4.3169034e-18  -1.9905274e-18  -6.0986372e-18  -2.3632219e-18  8.1543862e-18  -4.4028773e-18  1.3412978e-17  6.4954722e-18  -9.5037097e-19  -6.8698607e-18  -5.3468955e-18  -4.3169034e-18  -1.9905274e-18  -6.0986372e-18  
-1.9828406e-17  -4.4323117e-18  -5.2031116e-18  3.7037574e-18  2.8108788e-18  1.2613168e-17  -1.0013412e-17  -1.7613627e-17  6.7612287e-18  -4.0045600e-18  5.4294812e-19  -1.9828406e-17  -4.4323117e-18  -5.2031116e-18  3.7037574e-18  2.8108788e-18  1.2613168e-17  -1.0013412e-17  -1.7613627e-17  6.7612287e-18  -4.0045600e-18  5.4294812e-19  
5.2770153e-18  2.0447375e-18  3.0280898e-18  -1.5438870e-17  -1.5829987e-17  -1.3992984e-18  -3.8218127e-18  -1.1433251e-17  -1.1966881e-17  9.9831303e-18  1.9017584e-17  5.2770153e-18  2.0447375e-18  3.0280898e-18  -1.5438870e-17  -1.5829987e-17  -1.3992984e-18  -3.8218127e-18  -1.1433251e-17  -1.1966881e-17  9.9831303e-18  1.9017584e-17  
1.9398537e-17  6.1498827e-18  2.7833503e-18  -6.2111338e-20  7.3480638e-18  -7.3326583e-19  -8.6323245e-19  -3.0425688e-17  1.0253863e-17  -2.4085594e-17  -4.4223590e-18  1.9398537e-17  6.1498827e-18  2.7833503e-18  -6.2111338e-20  7.3480638e-18  -7.3326583e-19  -8.6323245e-19  -3.0425688e-17  1.0253863e-17  -2.4085594e-17  -4.4223590e-18  
2.0618052e-17  2.7160111e-18  9.8052534e-18  -6.2806434e-18  4.0295210e-18  -1.6318090e-17  1.1443415e-18  -1.7341941e-18  -1.8763156e-17  -5.9323541e-17  -3.4122722e-18  2.0618052e-17  2.7160111e-18  9.8052534e-18  -6.2806434e-18  4.0295210e-18  -1.6318090e-17  1.1443415e-18  -1.7341941e-18  -1.8763156e-17  -5.9323541e-17  -3.4122722e-18  
-6.9964921e-18  4.3639984e-17  -1.2705494e-19  -5.9496653e-18  2.1822110e-17  2.6045204e-18  -1.0178477e-17  6.8031569e-18  5.9790997e-18  1.3827178e-17  2.3886329e-18  -6.9964921e-18  4.3639984e-17  -1.2705494e-19  -5.9496653e-18  2.1822110e-17  2.6045204e-18  -1.0178477e-17  6.8031569e-18  5.9790997e-18  1.3827178e-17  2.3886329e-18  
-7.1692869e-18  2.1048769e-19  1.6407028e-18  8.9639909e-19  -5.1217965e-18  1.5270945e-18  1.9005302e-20  -4.2881043e-20  6.3152659e-18  -3.7933312e-18  8.0174845e-18  -7.1692869e-18  2.1048769e-19  1.6407028e-18  8.9639909e-19  -5.1217965e-18  1.5270945e-18  1.9005302e-20  -4.2881043e-20  6.3152659e-18  -3.7933312e-18  8.0174845e-18  
-2.0506668e-18  -7.5512987e-18  5.8009051e-18  1.5903044e-18  -3.4921051e-18  -9.0251361e-18  -7.9621097e-20  -1.7330757e-18  -1.9115945e-18  1.4178855e-17  5.9826890e-17  -2.0506668e-18  -7.5512987e-18  5.8009051e-18  1.5903044e-18  -3.4921051e-18  -9.0251361e-18  -7.9621097e-20  -1.7330757e-18  -1.9115945e-18  1.4178855e-17  5.9826890e-17  
-1.3408955e-17  1.4156038e-18  -1.2595803e-17  1.0546566e-17  -5.7539901e-17  6.9695988e-18  -4.9922004e-19  -7.3297202e-18  -6.0508361e-18  7.4125627e-17  1.8212214e-17  -1.3408955e-17  1.4156038e-18  -1.2595803e-17  1.0546566e-17  -5.7539901e-17  6.9695988e-18  -4.9922004e-19  -7.3297202e-18  -6.0508361e-18  7.4125627e-17  1.8212214e-17  
7.4030680e-18  -8.2941466e-18  2.1454921e-17  1.6160912e-17  2.7376528e-17  -6.2015517e-18  8.9375740e-18  -7.3938049e-17  -1.9774672e-17  3.2920564e-18  -2.8310689e-16  7.4030680e-18  -8.2941466e-18  2.1454921e-17  1.6160912e-17  2.7376528e-17  -6.2015517e-18  8.9375740e-18  -7.3938049e-17  -1.9774672e-17  3.2920564e-18  -2.8310689e-16  
-5.2820975e-18  5.8319912e-17  -4.2411787e-17  2.0443193e-17  -8.1558685e-18  -2.7685272e-18  6.1738114e-19  -5.9599038e-17  9.6990805e-17  -1.8118924e-16  8.7037929e-19  -5.2820975e-18  5.8319912e-17  -4.2411787e-17  2.0443193e-17  -8.1558685e-18  -2.7685272e-18  6.1738114e-19  -5.9599038e-17  9.6990805e-17  -1.8118924e-16  8.7037929e-19  
-2.3632219e-18  8.1543862e-18  -4.4028773e-18  1.3412978e-17  6.4954722e-18  -9.5037097e-19  -6.8698607e-18  -5.3468955e-18  -4.3169034e-18  -1.9905274e-18  -6.0986372e-18  -2.3632219e-18  8.1543862e-18  -4.4028773e-18  1.3412978e-17  6.4954722e-18  -9.5037097e-19  -6.8698607e-18  -5.3468955e-18  -4.3169034e-18  -1.9905274e-18  -6.0986372e-18  
-1.9828406e-17  -4.4323117e-18  -5.2031116e-18  3.7037574e-18  2.8108788e-18  1.2613168e-17  -1.0013412e-17  -1.7613627e-17  6.7612287e-18  -4.0045600e-18  5.4294812e-19  -1.9828406e-17  -4.4323117e-18  -5.2031116e-18  3.7037574e-18  2.8108788e-18  1.2613168e-17  -1.0013412e-17  -1.7613627e-17  6.7612287e-18  -4.0045600e-18  5.4294812e-19  
5.2770153e-18  2.0447375e-18  3.0280898e-18  -1.5438870e-17  -1.5829987e-17  -1.3992984e-18  -3.8218127e-18  -1.1433251e-17  -1.1966881e-17  9.9831303e-18  1.9017584e-17  5.2770153e-18  2.0447375e-18  3.0280898e-18  -1.5438870e-17  -1.5829987e-17  -1.3992984e-18  -3.8218127e-18  -1.1433251e-17  -1.1966881e-17  9.9831303e-18  1.9017584e-17  
1.9398537e-17  6.1498827e-18  2.7833503e-18  -6.2111338e-20  7.3480638e-18  -7.3326583e-19  -8.6323245e-19  -3.0425688e-17  1.0253863e-17  -2.4085594e-17  -4.4223590e-18  1.9398537e-17  6.1498827e-18  2.7833503e-18  -6.2111338e-20  7.3480638e-18  -7.3326583e-19  -8.6323245e-19  -3.0425688e-17  1.0253863e-17  -2.4085594e-17  -4.4223590e-18  
2.0618052e-17  2.7160111e-18  9.8052534e-18  -6.2806434e-18  4.0295210e-18  -1.6318090e-17  1.1443415e-18  -1.7341941e-18  -1.8763156e-17  -5.9323541e-17  -3.4122722e-18  2.0618052e-17  2.7160111e-18  9.8052534e-18  -6.2806434e-18  4.0295210e-18  -1.6318090e-17  1.1443415e-18  -1.7341941e-18  -1.8763156e-17  -5.9323541e-17  -3.4122722e-18  
-6.9964921e-18  4.3639984e-17  -1.2705494e-19  -5.9496653e-18  2.1822110e-17  2.6045204e-18  -1.0178477e-17  6.8031569e-18  5.9790997e-18  1.3827178e-17  2.3886329e-18  -6.9964921e-18  4.3639984e-17  -1.2705494e-19  -5.9496653e-18  2.1822110e-17  2.6045204e-18  -1.0178477e-17  6.8031569e-18  5.9790997e-18  1.3827178e-17  2.3886329e-18  
-7.1692869e-18  2.1048769e-19  1.6407028e-18  8.9639909e-19  -5.1217965e-18  1.5270945e-18  1.9005302e-20  -4.2881043e-20  6.3152659e-18  -3.7933312e-18  8.0174845e-18  -7.1692869e-18  2.1048769e-19  1.6407028e-18  8.9639909e-19  -5.1217965e-18  1.5270945e-18  1.9005302e-20  -4.2881043e-20  6.3152659e-18  -3.7933312e-18  8.0174845e-18  
-2.0506668e-18  -7.5512987e-18  5.8009051e-18  1.5903044e-18  -3.4921051e-18  -9.0251361e-18  -7.9621097e-20  -1.7330757e-18  -1.9115945e-18  1.4178855e-17  5.9826890e-17  -2.0506668e-18  -7.5512987e-18  5.8009051e-18  1.5903044e-18  -3.4921051e-18  -9.0251361e-18  -7.9621097e-20  -1.7330757e-18  -1.9115945e-18  1.4178855e-17  5.9826890e-17  
-1.3408955e-17  1.4156038e-18  -1.2595803e-17  1.0546566e-17  -5.7539901e-17  6.9695988e-18  -4.9922004e-19  -7.3297202e-18  -6.0508361e-18  7.4125627e-17  1.8212214e-17  -1.3408955e-17  1.4156038e-18  -1.2595803e-17  1.0546566e-17  -5.7539901e-17  6.9695988e-18  -4.9922004e-19  -7.3297202e-18  -6.0508361e-18  7.4125627e-17  1.8212214e-17  
7.4030680e-18  -8.2941466e-18  2.1454921e-17  1.6160912e-17  2.7376528e-17  -6.2015517e-18  8.9375740e-18  -7.3938049e-17  -1.9774672e-17  3.2920564e-18  -2.8310689e-16  7.4030680e-18  -8.2941466e-18  2.1454921e-17  1.6160912e-17  2.7376528e-17  -6.2015517e-18  8.9375740e-18  -7.3938049e-17  -1.9774672e-17  3.2920564e-18  -2.8310689e-16  
-5.2820975e-18  5.8319912e-17  -4.2411787e-17  2.0443193e-17  -8.1558685e-18  -2.7685272e-18  6.1738114e-19  -5.9599038e-17  9.6990805e-17  -1.8118924e-16  8.7037929e-19  -5.2820975e-18  5.8319912e-17  -4.2411787e-17  2.0443193e-17  -8.1558685e-18  -2.7685272e-18  6.1738114e-19  -5.9599038e-17  9.6990805e-17  -1.8118924e-16  8.7037929e-19  
