9.5545316e-19  -1.1287053e-16  -9.7408789e-19  4.5485669e-19  -3.2687954e-17  -3.7396505e-17  1.0620946e-17  -3.8656466e-18  4.1038746e-19  -3.9683494e-18  2.5410988e-18  9.5545316e-19  -1.1287053e-16  -9.7408789e-19  4.5485669e-19  -3.2687954e-17  -3.7396505e-17  1.0620946e-17  -3.8656466e-18  4.1038746e-19  -3.9683494e-18  2.5410988e-18  
-3.7756070e-17  -3.8186363e-18  2.3767744e-18  1.0019976e-17  4.2952511e-18  -1.0737837e-17  -5.8055638e-18  -5.3686007e-18  3.9874076e-18  5.3884001e-18  5.8614680e-19  -3.7756070e-17  -3.8186363e-18  2.3767744e-18  1.0019976e-17  4.2952511e-18  -1.0737837e-17  -5.8055638e-18  -5.3686007e-18  3.9874076e-18  5.3884001e-18  5.8614680e-19  
6.4205097e-19  6.8279326e-18  -6.3072191e-19  -1.7613627e-17  -3.4257718e-18  5.9461713e-19  -7.4979356e-18  -1.0100868e-18  -3.5096810e-18  1.3947668e-17  -5.4379515e-19  6.4205097e-19  6.8279326e-18  -6.3072191e-19  -1.7613627e-17  -3.4257718e-18  5.9461713e-19  -7.4979356e-18  -1.0100868e-18  -3.5096810e-18  1.3947668e-17  -5.4379515e-19  
-7.6232965e-21  3.8539999e-18  4.4426878e-19  1.0991311e-18  -4.4363880e-18  3.1272456e-18  -1.7699600e-17  -1.3781755e-17  -6.4416220e-17  -1.2961298e-17  3.6032782e-18  -7.6232965e-21  3.8539999e-18  4.4426878e-19  1.0991311e-18  -4.4363880e-18  3.1272456e-18  -1.7699600e-17  -1.3781755e-17  -6.4416220e-17  -1.2961298e-17  3.6032782e-18  
2.2032280e-17  -9.7749190e-18  9.0960751e-18  2.4295023e-18  7.4989944e-18  1.7766516e-18  5.4986203e-18  -1.3112321e-17  2.3608158e-17  -1.5369363e-16  2.6540719e-18  2.2032280e-17  -9.7749190e-18  9.0960751e-18  2.4295023e-18  7.4989944e-18  1.7766516e-18  5.4986203e-18  -1.3112321e-17  2.3608158e-17  -1.5369363e-16  2.6540719e-18  
-2.1260527e-17  1.6671302e-17  -1.5102597e-18  -4.7399964e-18  -2.5797447e-19  -2.0757601e-18  4.6798570e-19  1.7155858e-18  -1.3363004e-18  -1.0247087e-17  -1.6732924e-17  -2.1260527e-17  1.6671302e-17  -1.5102597e-18  -4.7399964e-18  -2.5797447e-19  -2.0757601e-18  4.6798570e-19  1.7155858e-18  -1.3363004e-18  -1.0247087e-17  -1.6732924e-17  
-1.0805599e-17  -2.2616627e-17  6.3341124e-18  -2.4621554e-17  -5.4795620e-18  -2.5931914e-18  6.7489468e-18  -3.9831724e-18  5.2644156e-18  1.6948229e-17  8.2962642e-18  -1.0805599e-17  -2.2616627e-17  6.3341124e-18  -2.4621554e-17  -5.4795620e-18  -2.5931914e-18  6.7489468e-18  -3.9831724e-18  5.2644156e-18  1.6948229e-17  8.2962642e-18  
1.2148358e-17  -2.3078683e-17  8.0368604e-18  -2.0289615e-18  -4.8039077e-18  3.9245683e-18  1.4073876e-17  -3.3104430e-18  -4.2031363e-18  2.2661824e-17  -1.9795954e-18  1.2148358e-17  -2.3078683e-17  8.0368604e-18  -2.0289615e-18  -4.8039077e-18  3.9245683e-18  1.4073876e-17  -3.3104430e-18  -4.2031363e-18  2.2661824e-17  -1.9795954e-18  
-2.3793155e-18  -4.3897482e-19  -4.1021382e-17  2.1009911e-17  -8.7177690e-18  -3.8294360e-18  -6.5663053e-18  6.2831978e-19  -3.4124443e-18  -7.5652007e-17  8.2594606e-17  -2.3793155e-18  -4.3897482e-19  -4.1021382e-17  2.1009911e-17  -8.7177690e-18  -3.8294360e-18  -6.5663053e-18  6.2831978e-19  -3.4124443e-18  -7.5652007e-17  8.2594606e-17  
-7.1595460e-19  -5.0817742e-18  4.4913922e-18  -2.2272096e-17  8.1109175e-17  9.0003074e-18  1.1475338e-17  -1.3167670e-17  -3.8946985e-17  -1.0610808e-18  -1.8873053e-16  -7.1595460e-19  -5.0817742e-18  4.4913922e-18  -2.2272096e-17  8.1109175e-17  9.0003074e-18  1.1475338e-17  -1.3167670e-17  -3.8946985e-17  -1.0610808e-18  -1.8873053e-16  
-3.5202689e-18  9.1708257e-18  -4.6197177e-18  -5.0836376e-17  -4.1961059e-17  1.8209144e-17  -8.3589446e-18  -3.7547475e-17  1.3380008e-16  -1.1974669e-16  2.1046585e-18  -3.5202689e-18  9.1708257e-18  -4.6197177e-18  -5.0836376e-17  -4.1961059e-17  1.8209144e-17  -8.3589446e-18  -3.7547475e-17  1.3380008e-16  -1.1974669e-16  2.1046585e-18  
9.5545316e-19  -1.1287053e-16  -9.7408789e-19  4.5485669e-19  -3.2687954e-17  -3.7396505e-17  1.0620946e-17  -3.8656466e-18  4.1038746e-19  -3.9683494e-18  2.5410988e-18  9.5545316e-19  -1.1287053e-16  -9.7408789e-19  4.5485669e-19  -3.2687954e-17  -3.7396505e-17  1.0620946e-17  -3.8656466e-18  4.1038746e-19  -3.9683494e-18  2.5410988e-18  
-3.7756070e-17  -3.8186363e-18  2.3767744e-18  1.0019976e-17  4.2952511e-18  -1.0737837e-17  -5.8055638e-18  -5.3686007e-18  3.9874076e-18  5.3884001e-18  5.8614680e-19  -3.7756070e-17  -3.8186363e-18  2.3767744e-18  1.0019976e-17  4.2952511e-18  -1.0737837e-17  -5.8055638e-18  -5.3686007e-18  3.9874076e-18  5.3884001e-18  5.8614680e-19  
6.4205097e-19  6.8279326e-18  -6.3072191e-19  -1.7613627e-17  -3.4257718e-18  5.9461713e-19  -7.4979356e-18  -1.0100868e-18  -3.5096810e-18  1.3947668e-17  -5.4379515e-19  6.4205097e-19  6.8279326e-18  -6.3072191e-19  -1.7613627e-17  -3.4257718e-18  5.9461713e-19  -7.4979356e-18  -1.0100868e-18  -3.5096810e-18  1.3947668e-17  -5.4379515e-19  
-7.6232965e-21  3.8539999e-18  4.4426878e-19  1.0991311e-18  -4.4363880e-18  3.1272456e-18  -1.7699600e-17  -1.3781755e-17  -6.4416220e-17  -1.2961298e-17  3.6032782e-18  -7.6232965e-21  3.8539999e-18  4.4426878e-19  1.0991311e-18  -4.4363880e-18  3.1272456e-18  -1.7699600e-17  -1.3781755e-17  -6.4416220e-17  -1.2961298e-17  3.6032782e-18  
2.2032280e-17  -9.7749190e-18  9.0960751e-18  2.4295023e-18  7.4989944e-18  1.7766516e-18  5.4986203e-18  -1.3112321e-17  2.3608158e-17  -1.5369363e-16  2.6540719e-18  2.2032280e-17  -9.7749190e-18  9.0960751e-18  2.4295023e-18  7.4989944e-18  1.7766516e-18  5.4986203e-18  -1.3112321e-17  2.3608158e-17  -1.5369363e-16  2.6540719e-18  
-2.1260527e-17  1.6671302e-17  -1.5102597e-18  -4.7399964e-18  -2.5797447e-19  -2.0757601e-18  4.6798570e-19  1.7155858e-18  -1.3363004e-18  -1.0247087e-17  -1.6732924e-17  -2.1260527e-17  1.6671302e-17  -1.5102597e-18  -4.7399964e-18  -2.5797447e-19  -2.0757601e-18  4.6798570e-19  1.7155858e-18  -1.3363004e-18  -1.0247087e-17  -1.6732924e-17  
-1.0805599e-17  -2.2616627e-17  6.3341124e-18  -2.4621554e-17  -5.4795620e-18  -2.5931914e-18  6.7489468e-18  -3.9831724e-18  5.2644156e-18  1.6948229e-17  8.2962642e-18  -1.0805599e-17  -2.2616627e-17  6.3341124e-18  -2.4621554e-17  -5.4795620e-18  -2.5931914e-18  6.7489468e-18  -3.9831724e-18  5.2644156e-18  1.6948229e-17  8.2962642e-18  
1.2148358e-17  -2.3078683e-17  8.0368604e-18  -2.0289615e-18  -4.8039077e-18  3.9245683e-18  1.4073876e-17  -3.3104430e-18  -4.2031363e-18  2.2661824e-17  -1.9795954e-18  1.2148358e-17  -2.3078683e-17  8.0368604e-18  -2.0289615e-18  -4.8039077e-18  3.9245683e-18  1.4073876e-17  -3.3104430e-18  -4.2031363e-18  2.2661824e-17  -1.9795954e-18  
-2.3793155e-18  -4.3897482e-19  -4.1021382e-17  2.1009911e-17  -8.7177690e-18  -3.8294360e-18  -6.5663053e-18  6.2831978e-19  -3.4124443e-18  -7.5652007e-17  8.2594606e-17  -2.3793155e-18  -4.3897482e-19  -4.1021382e-17  2.1009911e-17  -8.7177690e-18  -3.8294360e-18  -6.5663053e-18  6.2831978e-19  -3.4124443e-18  -7.5652007e-17  8.2594606e-17  
-7.1595460e-19  -5.0817742e-18  4.4913922e-18  -2.2272096e-17  8.1109175e-17  9.0003074e-18  1.1475338e-17  -1.3167670e-17  -3.8946985e-17  -1.0610808e-18  -1.8873053e-16  -7.1595460e-19  -5.0817742e-18  4.4913922e-18  -2.2272096e-17  8.1109175e-17  9.0003074e-18  1.1475338e-17  -1.3167670e-17  -3.8946985e-17  -1.0610808e-18  -1.8873053e-16  
-3.5202689e-18  9.1708257e-18  -4.6197177e-18  -5.0836376e-17  -4.1961059e-17  1.8209144e-17  -8.3589446e-18  -3.7547475e-17  1.3380008e-16  -1.1974669e-16  2.1046585e-18  -3.5202689e-18  9.1708257e-18  -4.6197177e-18  -5.0836376e-17  -4.1961059e-17  1.8209144e-17  -8.3589446e-18  -3.7547475e-17  1.3380008e-16  -1.1974669e-16  2.1046585e-18  
