-2.8032555e-18  1.0542596e-17  -8.2755119e-19  -4.7836186e-18  -1.8010038e-18  -4.0056188e-18  -4.7613416e-17  9.6392349e-19  2.9004102e-17  5.8826438e-19  -7.6571778e-18  -2.8032555e-18  1.0542596e-17  -8.2755119e-19  -4.7836186e-18  -1.8010038e-18  -4.0056188e-18  -4.7613416e-17  9.6392349e-19  2.9004102e-17  5.8826438e-19  -7.6571778e-18  
3.5994242e-17  3.1599424e-18  5.1995117e-18  -3.4475300e-18  -1.6304034e-17  1.4553032e-17  -3.0437176e-17  -3.6877856e-17  3.7143718e-18  3.9895258e-17  -2.2664908e-17  3.5994242e-17  3.1599424e-18  5.1995117e-18  -3.4475300e-18  -1.6304034e-17  1.4553032e-17  -3.0437176e-17  -3.6877856e-17  3.7143718e-18  3.9895258e-17  -2.2664908e-17  
3.9869841e-18  -1.7608333e-17  -1.8317087e-20  6.1641552e-17  -3.6886167e-18  9.8467580e-19  3.4237072e-18  1.1358712e-18  1.3010850e-17  -6.7148537e-18  6.7389941e-18  3.9869841e-18  -1.7608333e-17  -1.8317087e-20  6.1641552e-17  -3.6886167e-18  9.8467580e-19  3.4237072e-18  1.1358712e-18  1.3010850e-17  -6.7148537e-18  6.7389941e-18  
2.7697977e-18  3.0304721e-18  3.7850091e-17  4.0136127e-18  1.8196385e-18  5.2541454e-18  -2.3683041e-18  -2.4808748e-17  1.7093125e-18  8.4737176e-18  2.3309923e-17  2.7697977e-18  3.0304721e-18  3.7850091e-17  4.0136127e-18  1.8196385e-18  5.2541454e-18  -2.3683041e-18  -2.4808748e-17  1.7093125e-18  8.4737176e-18  2.3309923e-17  
1.0703532e-17  2.0550806e-17  -8.4555064e-19  3.9305505e-18  1.6122031e-18  -3.6692938e-18  -3.7530971e-18  -1.0072750e-17  1.9835765e-17  -8.8764500e-17  2.0503743e-17  1.0703532e-17  2.0550806e-17  -8.4555064e-19  3.9305505e-18  1.6122031e-18  -3.6692938e-18  -3.7530971e-18  -1.0072750e-17  1.9835765e-17  -8.8764500e-17  2.0503743e-17  
1.9466511e-17  -7.3398581e-18  9.1807784e-18  -1.8113800e-18  -6.4071690e-18  2.8058760e-18  -5.9419361e-18  -2.5883209e-18  5.0284111e-18  2.2921267e-17  1.6869085e-17  1.9466511e-17  -7.3398581e-18  9.1807784e-18  -1.8113800e-18  -6.4071690e-18  2.8058760e-18  -5.9419361e-18  -2.5883209e-18  5.0284111e-18  2.2921267e-17  1.6869085e-17  
-1.9590178e-17  -1.1673702e-18  8.9277273e-18  6.1951990e-18  -2.6637333e-18  -2.1700984e-18  -1.9638459e-18  -8.4023551e-18  -3.7663320e-18  3.0122609e-18  -1.1217893e-16  -1.9590178e-17  -1.1673702e-18  8.9277273e-18  6.1951990e-18  -2.6637333e-18  -2.1700984e-18  -1.9638459e-18  -8.4023551e-18  -3.7663320e-18  3.0122609e-18  -1.1217893e-16  
4.6044711e-18  -1.4569761e-18  6.9202592e-19  1.3440719e-17  -4.8584778e-17  -7.6645894e-18  3.7896254e-18  -2.7882042e-18  1.3376980e-17  -1.6599940e-17  -1.1005684e-16  4.6044711e-18  -1.4569761e-18  6.9202592e-19  1.3440719e-17  -4.8584778e-17  -7.6645894e-18  3.7896254e-18  -2.7882042e-18  1.3376980e-17  -1.6599940e-17  -1.1005684e-16  
-5.5311251e-18  -2.1257880e-18  -6.7173948e-18  4.7054798e-18  4.8371696e-17  1.1279197e-17  8.1357515e-19  8.1714327e-18  7.4662116e-18  1.0742601e-17  -9.0748992e-18  -5.5311251e-18  -2.1257880e-18  -6.7173948e-18  4.7054798e-18  4.8371696e-17  1.1279197e-17  8.1357515e-19  8.1714327e-18  7.4662116e-18  1.0742601e-17  -9.0748992e-18  
1.7150300e-18  7.9138619e-18  1.2528570e-17  1.2870666e-18  7.6386927e-17  1.9580067e-17  1.3118529e-17  6.5146257e-17  -2.3967373e-17  2.9323023e-18  -2.0840367e-16  1.7150300e-18  7.9138619e-18  1.2528570e-17  1.2870666e-18  7.6386927e-17  1.9580067e-17  1.3118529e-17  6.5146257e-17  -2.3967373e-17  2.9323023e-18  -2.0840367e-16  
1.5312662e-17  -2.1466197e-17  1.1106296e-17  1.0326179e-17  6.9782412e-18  6.8469908e-18  7.6685069e-17  1.2179164e-16  2.6916484e-16  -4.8058542e-16  1.1464062e-19  1.5312662e-17  -2.1466197e-17  1.1106296e-17  1.0326179e-17  6.9782412e-18  6.8469908e-18  7.6685069e-17  1.2179164e-16  2.6916484e-16  -4.8058542e-16  1.1464062e-19  
-2.8032555e-18  1.0542596e-17  -8.2755119e-19  -4.7836186e-18  -1.8010038e-18  -4.0056188e-18  -4.7613416e-17  9.6392349e-19  2.9004102e-17  5.8826438e-19  -7.6571778e-18  -2.8032555e-18  1.0542596e-17  -8.2755119e-19  -4.7836186e-18  -1.8010038e-18  -4.0056188e-18  -4.7613416e-17  9.6392349e-19  2.9004102e-17  5.8826438e-19  -7.6571778e-18  
3.5994242e-17  3.1599424e-18  5.1995117e-18  -3.4475300e-18  -1.6304034e-17  1.4553032e-17  -3.0437176e-17  -3.6877856e-17  3.7143718e-18  3.9895258e-17  -2.2664908e-17  3.5994242e-17  3.1599424e-18  5.1995117e-18  -3.4475300e-18  -1.6304034e-17  1.4553032e-17  -3.0437176e-17  -3.6877856e-17  3.7143718e-18  3.9895258e-17  -2.2664908e-17  
3.9869841e-18  -1.7608333e-17  -1.8317087e-20  6.1641552e-17  -3.6886167e-18  9.8467580e-19  3.4237072e-18  1.1358712e-18  1.3010850e-17  -6.7148537e-18  6.7389941e-18  3.9869841e-18  -1.7608333e-17  -1.8317087e-20  6.1641552e-17  -3.6886167e-18  9.8467580e-19  3.4237072e-18  1.1358712e-18  1.3010850e-17  -6.7148537e-18  6.7389941e-18  
2.7697977e-18  3.0304721e-18  3.7850091e-17  4.0136127e-18  1.8196385e-18  5.2541454e-18  -2.3683041e-18  -2.4808748e-17  1.7093125e-18  8.4737176e-18  2.3309923e-17  2.7697977e-18  3.0304721e-18  3.7850091e-17  4.0136127e-18  1.8196385e-18  5.2541454e-18  -2.3683041e-18  -2.4808748e-17  1.7093125e-18  8.4737176e-18  2.3309923e-17  
1.0703532e-17  2.0550806e-17  -8.4555064e-19  3.9305505e-18  1.6122031e-18  -3.6692938e-18  -3.7530971e-18  -1.0072750e-17  1.9835765e-17  -8.8764500e-17  2.0503743e-17  1.0703532e-17  2.0550806e-17  -8.4555064e-19  3.9305505e-18  1.6122031e-18  -3.6692938e-18  -3.7530971e-18  -1.0072750e-17  1.9835765e-17  -8.8764500e-17  2.0503743e-17  
1.9466511e-17  -7.3398581e-18  9.1807784e-18  -1.8113800e-18  -6.4071690e-18  2.8058760e-18  -5.9419361e-18  -2.5883209e-18  5.0284111e-18  2.2921267e-17  1.6869085e-17  1.9466511e-17  -7.3398581e-18  9.1807784e-18  -1.8113800e-18  -6.4071690e-18  2.8058760e-18  -5.9419361e-18  -2.5883209e-18  5.0284111e-18  2.2921267e-17  1.6869085e-17  
-1.9590178e-17  -1.1673702e-18  8.9277273e-18  6.1951990e-18  -2.6637333e-18  -2.1700984e-18  -1.9638459e-18  -8.4023551e-18  -3.7663320e-18  3.0122609e-18  -1.1217893e-16  -1.9590178e-17  -1.1673702e-18  8.9277273e-18  6.1951990e-18  -2.6637333e-18  -2.1700984e-18  -1.9638459e-18  -8.4023551e-18  -3.7663320e-18  3.0122609e-18  -1.1217893e-16  
4.6044711e-18  -1.4569761e-18  6.9202592e-19  1.3440719e-17  -4.8584778e-17  -7.6645894e-18  3.7896254e-18  -2.7882042e-18  1.3376980e-17  -1.6599940e-17  -1.1005684e-16  4.6044711e-18  -1.4569761e-18  6.9202592e-19  1.3440719e-17  -4.8584778e-17  -7.6645894e-18  3.7896254e-18  -2.7882042e-18  1.3376980e-17  -1.6599940e-17  -1.1005684e-16  
-5.5311251e-18  -2.1257880e-18  -6.7173948e-18  4.7054798e-18  4.8371696e-17  1.1279197e-17  8.1357515e-19  8.1714327e-18  7.4662116e-18  1.0742601e-17  -9.0748992e-18  -5.5311251e-18  -2.1257880e-18  -6.7173948e-18  4.7054798e-18  4.8371696e-17  1.1279197e-17  8.1357515e-19  8.1714327e-18  7.4662116e-18  1.0742601e-17  -9.0748992e-18  
1.7150300e-18  7.9138619e-18  1.2528570e-17  1.2870666e-18  7.6386927e-17  1.9580067e-17  1.3118529e-17  6.5146257e-17  -2.3967373e-17  2.9323023e-18  -2.0840367e-16  1.7150300e-18  7.9138619e-18  1.2528570e-17  1.2870666e-18  7.6386927e-17  1.9580067e-17  1.3118529e-17  6.5146257e-17  -2.3967373e-17  2.9323023e-18  -2.0840367e-16  
1.5312662e-17  -2.1466197e-17  1.1106296e-17  1.0326179e-17  6.9782412e-18  6.8469908e-18  7.6685069e-17  1.2179164e-16  2.6916484e-16  -4.8058542e-16  1.1464062e-19  1.5312662e-17  -2.1466197e-17  1.1106296e-17  1.0326179e-17  6.9782412e-18  6.8469908e-18  7.6685069e-17  1.2179164e-16  2.6916484e-16  -4.8058542e-16  1.1464062e-19  
