4.5681546e-19  2.8090154e-17  1.3738874e-18  2.5792153e-18  -4.5436965e-18  1.5424470e-18  5.9952992e-18  2.2094854e-18  -8.7778024e-18  6.9784927e-19  7.6232965e-20  4.5681546e-19  2.8090154e-17  1.3738874e-18  2.5792153e-18  -4.5436965e-18  1.5424470e-18  5.9952992e-18  2.2094854e-18  -8.7778024e-18  6.9784927e-19  7.6232965e-20  
-2.6304608e-17  9.0717229e-19  2.0083151e-18  3.1183518e-18  6.9592227e-18  2.0846328e-17  -1.9894263e-17  1.2486960e-17  -1.2308448e-18  -1.5519761e-18  -1.2803750e-17  -2.6304608e-17  9.0717229e-19  2.0083151e-18  3.1183518e-18  6.9592227e-18  2.0846328e-17  -1.9894263e-17  1.2486960e-17  -1.2308448e-18  -1.5519761e-18  -1.2803750e-17  
-1.0858962e-18  1.8795661e-18  -7.6873534e-19  9.8971565e-18  4.5616959e-18  2.8900764e-18  3.6659586e-18  -9.4126536e-18  2.6128637e-17  5.4063995e-18  -6.4103453e-18  -1.0858962e-18  1.8795661e-18  -7.6873534e-19  9.8971565e-18  4.5616959e-18  2.8900764e-18  3.6659586e-18  -9.4126536e-18  2.6128637e-17  5.4063995e-18  -6.4103453e-18  
-1.1341771e-18  5.8318218e-18  -3.8544234e-17  1.6055510e-18  3.6422417e-20  -1.4924721e-18  6.9422820e-18  1.5242358e-18  2.9769132e-17  -6.6619141e-19  -2.0063669e-17  -1.1341771e-18  5.8318218e-18  -3.8544234e-17  1.6055510e-18  3.6422417e-20  -1.4924721e-18  6.9422820e-18  1.5242358e-18  2.9769132e-17  -6.6619141e-19  -2.0063669e-17  
9.2548937e-18  -4.7089738e-19  1.1272262e-17  -3.0171314e-18  2.7141450e-18  3.0772442e-18  -3.1537684e-18  2.2436354e-17  -2.2046312e-17  2.7808383e-17  3.0082163e-17  9.2548937e-18  -4.7089738e-19  1.1272262e-17  -3.0171314e-18  2.7141450e-18  3.0772442e-18  -3.1537684e-18  2.2436354e-17  -2.2046312e-17  2.7808383e-17  3.0082163e-17  
9.1657435e-18  1.3975197e-17  -2.2954593e-19  -1.1604351e-19  -2.4355374e-18  -2.9701607e-18  6.7663109e-18  -2.8724211e-18  -2.9132639e-18  -1.9267035e-17  -1.4065167e-17  9.1657435e-18  1.3975197e-17  -2.2954593e-19  -1.1604351e-19  -2.4355374e-18  -2.9701607e-18  6.7663109e-18  -2.8724211e-18  -2.9132639e-18  -1.9267035e-17  -1.4065167e-17  
-2.6241081e-18  1.9417383e-17  -1.5099209e-17  1.3728710e-17  4.2671402e-18  -3.2799233e-18  1.2437620e-18  -1.2910582e-17  -4.5803307e-19  -9.6726927e-18  9.9212969e-18  -2.6241081e-18  1.9417383e-17  -1.5099209e-17  1.3728710e-17  4.2671402e-18  -3.2799233e-18  1.2437620e-18  -1.2910582e-17  -4.5803307e-19  -9.6726927e-18  9.9212969e-18  
2.8929140e-17  -5.3339782e-18  -1.3390744e-17  -4.2266944e-18  6.2908078e-18  -8.1241048e-18  -9.2163537e-18  3.4196838e-18  -1.4937823e-17  1.7122123e-17  8.6645224e-17  2.8929140e-17  -5.3339782e-18  -1.3390744e-17  -4.2266944e-18  6.2908078e-18  -8.1241048e-18  -9.2163537e-18  3.4196838e-18  -1.4937823e-17  1.7122123e-17  8.6645224e-17  
-9.6803160e-18  -2.0311850e-18  2.2992498e-17  -1.4865216e-17  5.3600113e-17  -4.3309853e-19  -1.3476135e-17  2.0250440e-18  2.4086176e-19  1.9757189e-17  -1.5716733e-16  -9.6803160e-18  -2.0311850e-18  2.2992498e-17  -1.4865216e-17  5.3600113e-17  -4.3309853e-19  -1.3476135e-17  2.0250440e-18  2.4086176e-19  1.9757189e-17  -1.5716733e-16  
-5.9600415e-18  -2.2420962e-18  -1.9007419e-18  -4.8624985e-18  3.0815039e-17  5.2528748e-18  -2.7553346e-17  -3.5236504e-17  2.7809561e-17  -9.6020449e-19  4.1179989e-17  -5.9600415e-18  -2.2420962e-18  -1.9007419e-18  -4.8624985e-18  3.0815039e-17  5.2528748e-18  -2.7553346e-17  -3.5236504e-17  2.7809561e-17  -9.6020449e-19  4.1179989e-17  
-1.1045310e-18  1.9368255e-17  -9.3935954e-18  2.9796078e-17  7.2643663e-18  3.8370593e-19  5.7128137e-18  -4.2619310e-17  8.3135119e-17  4.0063134e-16  3.2477055e-19  -1.1045310e-18  1.9368255e-17  -9.3935954e-18  2.9796078e-17  7.2643663e-18  3.8370593e-19  5.7128137e-18  -4.2619310e-17  8.3135119e-17  4.0063134e-16  3.2477055e-19  
4.5681546e-19  2.8090154e-17  1.3738874e-18  2.5792153e-18  -4.5436965e-18  1.5424470e-18  5.9952992e-18  2.2094854e-18  -8.7778024e-18  6.9784927e-19  7.6232965e-20  4.5681546e-19  2.8090154e-17  1.3738874e-18  2.5792153e-18  -4.5436965e-18  1.5424470e-18  5.9952992e-18  2.2094854e-18  -8.7778024e-18  6.9784927e-19  7.6232965e-20  
-2.6304608e-17  9.0717229e-19  2.0083151e-18  3.1183518e-18  6.9592227e-18  2.0846328e-17  -1.9894263e-17  1.2486960e-17  -1.2308448e-18  -1.5519761e-18  -1.2803750e-17  -2.6304608e-17  9.0717229e-19  2.0083151e-18  3.1183518e-18  6.9592227e-18  2.0846328e-17  -1.9894263e-17  1.2486960e-17  -1.2308448e-18  -1.5519761e-18  -1.2803750e-17  
-1.0858962e-18  1.8795661e-18  -7.6873534e-19  9.8971565e-18  4.5616959e-18  2.8900764e-18  3.6659586e-18  -9.4126536e-18  2.6128637e-17  5.4063995e-18  -6.4103453e-18  -1.0858962e-18  1.8795661e-18  -7.6873534e-19  9.8971565e-18  4.5616959e-18  2.8900764e-18  3.6659586e-18  -9.4126536e-18  2.6128637e-17  5.4063995e-18  -6.4103453e-18  
-1.1341771e-18  5.8318218e-18  -3.8544234e-17  1.6055510e-18  3.6422417e-20  -1.4924721e-18  6.9422820e-18  1.5242358e-18  2.9769132e-17  -6.6619141e-19  -2.0063669e-17  -1.1341771e-18  5.8318218e-18  -3.8544234e-17  1.6055510e-18  3.6422417e-20  -1.4924721e-18  6.9422820e-18  1.5242358e-18  2.9769132e-17  -6.6619141e-19  -2.0063669e-17  
9.2548937e-18  -4.7089738e-19  1.1272262e-17  -3.0171314e-18  2.7141450e-18  3.0772442e-18  -3.1537684e-18  2.2436354e-17  -2.2046312e-17  2.7808383e-17  3.0082163e-17  9.2548937e-18  -4.7089738e-19  1.1272262e-17  -3.0171314e-18  2.7141450e-18  3.0772442e-18  -3.1537684e-18  2.2436354e-17  -2.2046312e-17  2.7808383e-17  3.0082163e-17  
9.1657435e-18  1.3975197e-17  -2.2954593e-19  -1.1604351e-19  -2.4355374e-18  -2.9701607e-18  6.7663109e-18  -2.8724211e-18  -2.9132639e-18  -1.9267035e-17  -1.4065167e-17  9.1657435e-18  1.3975197e-17  -2.2954593e-19  -1.1604351e-19  -2.4355374e-18  -2.9701607e-18  6.7663109e-18  -2.8724211e-18  -2.9132639e-18  -1.9267035e-17  -1.4065167e-17  
-2.6241081e-18  1.9417383e-17  -1.5099209e-17  1.3728710e-17  4.2671402e-18  -3.2799233e-18  1.2437620e-18  -1.2910582e-17  -4.5803307e-19  -9.6726927e-18  9.9212969e-18  -2.6241081e-18  1.9417383e-17  -1.5099209e-17  1.3728710e-17  4.2671402e-18  -3.2799233e-18  1.2437620e-18  -1.2910582e-17  -4.5803307e-19  -9.6726927e-18  9.9212969e-18  
2.8929140e-17  -5.3339782e-18  -1.3390744e-17  -4.2266944e-18  6.2908078e-18  -8.1241048e-18  -9.2163537e-18  3.4196838e-18  -1.4937823e-17  1.7122123e-17  8.6645224e-17  2.8929140e-17  -5.3339782e-18  -1.3390744e-17  -4.2266944e-18  6.2908078e-18  -8.1241048e-18  -9.2163537e-18  3.4196838e-18  -1.4937823e-17  1.7122123e-17  8.6645224e-17  
-9.6803160e-18  -2.0311850e-18  2.2992498e-17  -1.4865216e-17  5.3600113e-17  -4.3309853e-19  -1.3476135e-17  2.0250440e-18  2.4086176e-19  1.9757189e-17  -1.5716733e-16  -9.6803160e-18  -2.0311850e-18  2.2992498e-17  -1.4865216e-17  5.3600113e-17  -4.3309853e-19  -1.3476135e-17  2.0250440e-18  2.4086176e-19  1.9757189e-17  -1.5716733e-16  
-5.9600415e-18  -2.2420962e-18  -1.9007419e-18  -4.8624985e-18  3.0815039e-17  5.2528748e-18  -2.7553346e-17  -3.5236504e-17  2.7809561e-17  -9.6020449e-19  4.1179989e-17  -5.9600415e-18  -2.2420962e-18  -1.9007419e-18  -4.8624985e-18  3.0815039e-17  5.2528748e-18  -2.7553346e-17  -3.5236504e-17  2.7809561e-17  -9.6020449e-19  4.1179989e-17  
-1.1045310e-18  1.9368255e-17  -9.3935954e-18  2.9796078e-17  7.2643663e-18  3.8370593e-19  5.7128137e-18  -4.2619310e-17  8.3135119e-17  4.0063134e-16  3.2477055e-19  -1.1045310e-18  1.9368255e-17  -9.3935954e-18  2.9796078e-17  7.2643663e-18  3.8370593e-19  5.7128137e-18  -4.2619310e-17  8.3135119e-17  4.0063134e-16  3.2477055e-19  
