1.0826140e-19  -1.9837935e-17  4.8009827e-18  2.3977385e-18  -4.4511581e-19  -8.9971840e-18  8.9772787e-18  -8.1160579e-18  3.8942340e-18  3.6011606e-18  5.1885850e-17  1.0826140e-19  -1.9837935e-17  4.8009827e-18  2.3977385e-18  -4.4511581e-19  -8.9971840e-18  8.9772787e-18  -8.1160579e-18  3.8942340e-18  3.6011606e-18  5.1885850e-17  
-3.6685632e-17  5.3066614e-19  1.3029908e-17  1.3054789e-17  -2.9434395e-19  7.7596688e-18  3.8391768e-18  -3.2127960e-18  1.1198199e-17  1.0426129e-17  -3.1861144e-18  -3.6685632e-17  5.3066614e-19  1.3029908e-17  1.3054789e-17  -2.9434395e-19  7.7596688e-18  3.8391768e-18  -3.2127960e-18  1.1198199e-17  1.0426129e-17  -3.1861144e-18  
-9.3842780e-18  -5.5480658e-18  1.5230711e-18  2.6332137e-18  -6.5937280e-18  2.8561951e-18  3.8163069e-18  1.0847316e-17  -2.1711572e-17  6.0050824e-17  -7.6698833e-18  -9.3842780e-18  -5.5480658e-18  1.5230711e-18  2.6332137e-18  -6.5937280e-18  2.8561951e-18  3.8163069e-18  1.0847316e-17  -2.1711572e-17  6.0050824e-17  -7.6698833e-18  
-1.9471170e-19  5.6504509e-18  -1.7664872e-18  2.1355785e-18  -9.8229352e-19  -4.8426991e-18  -8.0407249e-18  -2.8439872e-17  1.1180067e-17  2.0015389e-17  1.9590046e-17  -1.9471170e-19  5.6504509e-18  -1.7664872e-18  2.1355785e-18  -9.8229352e-19  -4.8426991e-18  -8.0407249e-18  -2.8439872e-17  1.1180067e-17  2.0015389e-17  1.9590046e-17  
-1.5651051e-18  -1.7451843e-17  9.6493993e-18  4.4800631e-18  -3.9764623e-18  1.0688709e-17  2.8807591e-18  -1.2867357e-18  -2.5325226e-17  -1.5535537e-17  4.3939834e-19  -1.5651051e-18  -1.7451843e-17  9.6493993e-18  4.4800631e-18  -3.9764623e-18  1.0688709e-17  2.8807591e-18  -1.2867357e-18  -2.5325226e-17  -1.5535537e-17  4.3939834e-19  
-9.5604609e-18  -6.2595735e-18  -6.2341625e-19  -4.7677367e-18  8.6634530e-18  -2.7663037e-18  -3.3694971e-18  7.5210173e-18  -4.5199796e-18  -1.9879652e-17  -1.4453956e-18  -9.5604609e-18  -6.2595735e-18  -6.2341625e-19  -4.7677367e-18  8.6634530e-18  -2.7663037e-18  -3.3694971e-18  7.5210173e-18  -4.5199796e-18  -1.9879652e-17  -1.4453956e-18  
8.0341075e-19  6.6513262e-19  -4.0221360e-18  -1.4117339e-17  -6.4925075e-19  -1.0207382e-17  -3.0364014e-18  -1.1506943e-18  -2.8566186e-19  1.1987634e-18  8.7531326e-18  8.0341075e-19  6.6513262e-19  -4.0221360e-18  -1.4117339e-17  -6.4925075e-19  -1.0207382e-17  -3.0364014e-18  -1.1506943e-18  -2.8566186e-19  1.1987634e-18  8.7531326e-18  
1.2789139e-17  2.1417228e-18  8.1365985e-18  -1.2200980e-18  -2.9604596e-17  3.8324006e-18  2.3400344e-18  1.2749302e-18  -6.0003814e-18  1.6059427e-17  1.9864723e-17  1.2789139e-17  2.1417228e-18  8.1365985e-18  -1.2200980e-18  -2.9604596e-17  3.8324006e-18  2.3400344e-18  1.2749302e-18  -6.0003814e-18  1.6059427e-17  1.9864723e-17  
1.6432439e-19  -1.8677076e-19  -3.0527491e-17  1.8161551e-17  -3.3507353e-17  -2.3672453e-18  8.7850022e-18  6.9520229e-19  -9.5694871e-20  9.0387945e-18  -8.9204851e-17  1.6432439e-19  -1.8677076e-19  -3.0527491e-17  1.8161551e-17  -3.3507353e-17  -2.3672453e-18  8.7850022e-18  6.9520229e-19  -9.5694871e-20  9.0387945e-18  -8.9204851e-17  
1.7594568e-17  5.5921115e-18  -4.2398234e-17  2.9686387e-17  2.8071625e-17  -5.5029613e-18  -1.3141293e-17  2.0106127e-17  5.7746736e-17  2.3404579e-18  3.2964627e-16  1.7594568e-17  5.5921115e-18  -4.2398234e-17  2.9686387e-17  2.8071625e-17  -5.5029613e-18  -1.3141293e-17  2.0106127e-17  5.7746736e-17  2.3404579e-18  3.2964627e-16  
-2.9722386e-17  -2.3280701e-18  3.2259250e-17  5.2349813e-18  1.6591258e-18  -5.7878820e-19  2.6118261e-18  6.6048876e-17  -2.6704725e-17  -1.6898805e-16  -3.0310677e-18  -2.9722386e-17  -2.3280701e-18  3.2259250e-17  5.2349813e-18  1.6591258e-18  -5.7878820e-19  2.6118261e-18  6.6048876e-17  -2.6704725e-17  -1.6898805e-16  -3.0310677e-18  
1.0826140e-19  -1.9837935e-17  4.8009827e-18  2.3977385e-18  -4.4511581e-19  -8.9971840e-18  8.9772787e-18  -8.1160579e-18  3.8942340e-18  3.6011606e-18  5.1885850e-17  1.0826140e-19  -1.9837935e-17  4.8009827e-18  2.3977385e-18  -4.4511581e-19  -8.9971840e-18  8.9772787e-18  -8.1160579e-18  3.8942340e-18  3.6011606e-18  5.1885850e-17  
-3.6685632e-17  5.3066614e-19  1.3029908e-17  1.3054789e-17  -2.9434395e-19  7.7596688e-18  3.8391768e-18  -3.2127960e-18  1.1198199e-17  1.0426129e-17  -3.1861144e-18  -3.6685632e-17  5.3066614e-19  1.3029908e-17  1.3054789e-17  -2.9434395e-19  7.7596688e-18  3.8391768e-18  -3.2127960e-18  1.1198199e-17  1.0426129e-17  -3.1861144e-18  
-9.3842780e-18  -5.5480658e-18  1.5230711e-18  2.6332137e-18  -6.5937280e-18  2.8561951e-18  3.8163069e-18  1.0847316e-17  -2.1711572e-17  6.0050824e-17  -7.6698833e-18  -9.3842780e-18  -5.5480658e-18  1.5230711e-18  2.6332137e-18  -6.5937280e-18  2.8561951e-18  3.8163069e-18  1.0847316e-17  -2.1711572e-17  6.0050824e-17  -7.6698833e-18  
-1.9471170e-19  5.6504509e-18  -1.7664872e-18  2.1355785e-18  -9.8229352e-19  -4.8426991e-18  -8.0407249e-18  -2.8439872e-17  1.1180067e-17  2.0015389e-17  1.9590046e-17  -1.9471170e-19  5.6504509e-18  -1.7664872e-18  2.1355785e-18  -9.8229352e-19  -4.8426991e-18  -8.0407249e-18  -2.8439872e-17  1.1180067e-17  2.0015389e-17  1.9590046e-17  
-1.5651051e-18  -1.7451843e-17  9.6493993e-18  4.4800631e-18  -3.9764623e-18  1.0688709e-17  2.8807591e-18  -1.2867357e-18  -2.5325226e-17  -1.5535537e-17  4.3939834e-19  -1.5651051e-18  -1.7451843e-17  9.6493993e-18  4.4800631e-18  -3.9764623e-18  1.0688709e-17  2.8807591e-18  -1.2867357e-18  -2.5325226e-17  -1.5535537e-17  4.3939834e-19  
-9.5604609e-18  -6.2595735e-18  -6.2341625e-19  -4.7677367e-18  8.6634530e-18  -2.7663037e-18  -3.3694971e-18  7.5210173e-18  -4.5199796e-18  -1.9879652e-17  -1.4453956e-18  -9.5604609e-18  -6.2595735e-18  -6.2341625e-19  -4.7677367e-18  8.6634530e-18  -2.7663037e-18  -3.3694971e-18  7.5210173e-18  -4.5199796e-18  -1.9879652e-17  -1.4453956e-18  
8.0341075e-19  6.6513262e-19  -4.0221360e-18  -1.4117339e-17  -6.4925075e-19  -1.0207382e-17  -3.0364014e-18  -1.1506943e-18  -2.8566186e-19  1.1987634e-18  8.7531326e-18  8.0341075e-19  6.6513262e-19  -4.0221360e-18  -1.4117339e-17  -6.4925075e-19  -1.0207382e-17  -3.0364014e-18  -1.1506943e-18  -2.8566186e-19  1.1987634e-18  8.7531326e-18  
1.2789139e-17  2.1417228e-18  8.1365985e-18  -1.2200980e-18  -2.9604596e-17  3.8324006e-18  2.3400344e-18  1.2749302e-18  -6.0003814e-18  1.6059427e-17  1.9864723e-17  1.2789139e-17  2.1417228e-18  8.1365985e-18  -1.2200980e-18  -2.9604596e-17  3.8324006e-18  2.3400344e-18  1.2749302e-18  -6.0003814e-18  1.6059427e-17  1.9864723e-17  
1.6432439e-19  -1.8677076e-19  -3.0527491e-17  1.8161551e-17  -3.3507353e-17  -2.3672453e-18  8.7850022e-18  6.9520229e-19  -9.5694871e-20  9.0387945e-18  -8.9204851e-17  1.6432439e-19  -1.8677076e-19  -3.0527491e-17  1.8161551e-17  -3.3507353e-17  -2.3672453e-18  8.7850022e-18  6.9520229e-19  -9.5694871e-20  9.0387945e-18  -8.9204851e-17  
1.7594568e-17  5.5921115e-18  -4.2398234e-17  2.9686387e-17  2.8071625e-17  -5.5029613e-18  -1.3141293e-17  2.0106127e-17  5.7746736e-17  2.3404579e-18  3.2964627e-16  1.7594568e-17  5.5921115e-18  -4.2398234e-17  2.9686387e-17  2.8071625e-17  -5.5029613e-18  -1.3141293e-17  2.0106127e-17  5.7746736e-17  2.3404579e-18  3.2964627e-16  
-2.9722386e-17  -2.3280701e-18  3.2259250e-17  5.2349813e-18  1.6591258e-18  -5.7878820e-19  2.6118261e-18  6.6048876e-17  -2.6704725e-17  -1.6898805e-16  -3.0310677e-18  -2.9722386e-17  -2.3280701e-18  3.2259250e-17  5.2349813e-18  1.6591258e-18  -5.7878820e-19  2.6118261e-18  6.6048876e-17  -2.6704725e-17  -1.6898805e-16  -3.0310677e-18  
