4.7984416e-19  -8.6347174e-17  -6.3129366e-18  -3.1645151e-18  2.0378766e-17  6.3612174e-19  1.9899345e-17  -4.2563406e-19  -1.8689782e-18  -4.5206148e-18  1.5424470e-18  4.7984416e-19  -8.6347174e-17  -6.3129366e-18  -3.1645151e-18  2.0378766e-17  6.3612174e-19  1.9899345e-17  -4.2563406e-19  -1.8689782e-18  -4.5206148e-18  1.5424470e-18  
1.3917387e-17  3.0366131e-19  1.6100826e-17  5.5297487e-18  5.1751595e-18  1.5547290e-18  -1.4442759e-17  3.3197339e-18  -2.4125616e-18  4.8217351e-18  -8.9179864e-18  1.3917387e-17  3.0366131e-19  1.6100826e-17  5.5297487e-18  5.1751595e-18  1.5547290e-18  -1.4442759e-17  3.3197339e-18  -2.4125616e-18  4.8217351e-18  -8.9179864e-18  
6.6322680e-18  -1.0977547e-18  1.1522824e-18  -9.0626173e-18  5.2784976e-18  1.2764787e-18  -4.9593779e-18  -4.3579845e-18  4.7213616e-18  -2.4010419e-17  4.3393498e-18  6.6322680e-18  -1.0977547e-18  1.1522824e-18  -9.0626173e-18  5.2784976e-18  1.2764787e-18  -4.9593779e-18  -4.3579845e-18  4.7213616e-18  -2.4010419e-17  4.3393498e-18  
2.6755653e-18  -8.6072312e-18  1.4158156e-17  -6.2544119e-19  -2.6950471e-18  -4.5900186e-18  -8.6492652e-19  -1.0482721e-17  -1.4035495e-17  1.2456837e-17  -3.6355925e-17  2.6755653e-18  -8.6072312e-18  1.4158156e-17  -6.2544119e-19  -2.6950471e-18  -4.5900186e-18  -8.6492652e-19  -1.0482721e-17  -1.4035495e-17  1.2456837e-17  -3.6355925e-17  
-2.2847443e-17  6.1799524e-18  1.9752385e-17  -4.0244653e-18  3.2442123e-18  -1.7556240e-17  2.3541163e-18  -6.1870992e-18  5.8406098e-18  5.2811022e-17  4.3245267e-18  -2.2847443e-17  6.1799524e-18  1.9752385e-17  -4.0244653e-18  3.2442123e-18  -1.7556240e-17  2.3541163e-18  -6.1870992e-18  5.8406098e-18  5.2811022e-17  4.3245267e-18  
-3.9353151e-18  6.4857313e-18  -8.3093932e-19  4.5035683e-18  -5.0123175e-19  -1.0944724e-18  3.2569476e-18  -1.0677062e-17  -1.8874012e-18  -8.8499061e-18  -1.6438792e-18  -3.9353151e-18  6.4857313e-18  -8.3093932e-19  4.5035683e-18  -5.0123175e-19  -1.0944724e-18  3.2569476e-18  -1.0677062e-17  -1.8874012e-18  -8.8499061e-18  -1.6438792e-18  
2.7576428e-17  -2.4000255e-17  -1.2790198e-19  5.4661154e-18  -3.5868669e-18  -9.3622552e-18  2.4746597e-18  -2.7378222e-18  4.6750925e-18  -4.7103502e-18  9.1663788e-18  2.7576428e-17  -2.4000255e-17  -1.2790198e-19  5.4661154e-18  -3.5868669e-18  -9.3622552e-18  2.4746597e-18  -2.7378222e-18  4.6750925e-18  -4.7103502e-18  9.1663788e-18  
-4.3071625e-18  -4.6779512e-18  7.9117112e-18  5.4751680e-18  -1.5259087e-17  1.0215429e-17  -1.6097861e-18  -9.2451661e-19  1.2192775e-18  -2.7109859e-17  1.5044205e-17  -4.3071625e-18  -4.6779512e-18  7.9117112e-18  5.4751680e-18  -1.5259087e-17  1.0215429e-17  -1.6097861e-18  -9.2451661e-19  1.2192775e-18  -2.7109859e-17  1.5044205e-17  
-5.9643825e-18  -1.1646703e-20  3.3780944e-17  -3.9702022e-18  4.1996423e-17  2.8503717e-18  -1.6823663e-18  2.1654503e-17  5.9851480e-18  7.3701462e-17  -6.8689707e-17  -5.9643825e-18  -1.1646703e-20  3.3780944e-17  -3.9702022e-18  4.1996423e-17  2.8503717e-18  -1.6823663e-18  2.1654503e-17  5.9851480e-18  7.3701462e-17  -6.8689707e-17  
3.3669560e-19  5.5967702e-18  1.2404374e-17  3.9732198e-18  3.8580763e-18  -2.7228509e-17  3.1530801e-18  6.0770114e-18  1.4250482e-17  6.4847387e-18  -2.4968210e-16  3.3669560e-19  5.5967702e-18  1.2404374e-17  3.9732198e-18  3.8580763e-18  -2.7228509e-17  3.1530801e-18  6.0770114e-18  1.4250482e-17  6.4847387e-18  -2.4968210e-16  
-1.3682970e-17  -5.9393950e-18  -8.3178635e-18  -3.2767681e-17  4.9484724e-18  -2.5672510e-18  -6.7647757e-18  1.0620917e-16  1.2928959e-16  -4.3752481e-17  -3.2041668e-19  -1.3682970e-17  -5.9393950e-18  -8.3178635e-18  -3.2767681e-17  4.9484724e-18  -2.5672510e-18  -6.7647757e-18  1.0620917e-16  1.2928959e-16  -4.3752481e-17  -3.2041668e-19  
4.7984416e-19  -8.6347174e-17  -6.3129366e-18  -3.1645151e-18  2.0378766e-17  6.3612174e-19  1.9899345e-17  -4.2563406e-19  -1.8689782e-18  -4.5206148e-18  1.5424470e-18  4.7984416e-19  -8.6347174e-17  -6.3129366e-18  -3.1645151e-18  2.0378766e-17  6.3612174e-19  1.9899345e-17  -4.2563406e-19  -1.8689782e-18  -4.5206148e-18  1.5424470e-18  
1.3917387e-17  3.0366131e-19  1.6100826e-17  5.5297487e-18  5.1751595e-18  1.5547290e-18  -1.4442759e-17  3.3197339e-18  -2.4125616e-18  4.8217351e-18  -8.9179864e-18  1.3917387e-17  3.0366131e-19  1.6100826e-17  5.5297487e-18  5.1751595e-18  1.5547290e-18  -1.4442759e-17  3.3197339e-18  -2.4125616e-18  4.8217351e-18  -8.9179864e-18  
6.6322680e-18  -1.0977547e-18  1.1522824e-18  -9.0626173e-18  5.2784976e-18  1.2764787e-18  -4.9593779e-18  -4.3579845e-18  4.7213616e-18  -2.4010419e-17  4.3393498e-18  6.6322680e-18  -1.0977547e-18  1.1522824e-18  -9.0626173e-18  5.2784976e-18  1.2764787e-18  -4.9593779e-18  -4.3579845e-18  4.7213616e-18  -2.4010419e-17  4.3393498e-18  
2.6755653e-18  -8.6072312e-18  1.4158156e-17  -6.2544119e-19  -2.6950471e-18  -4.5900186e-18  -8.6492652e-19  -1.0482721e-17  -1.4035495e-17  1.2456837e-17  -3.6355925e-17  2.6755653e-18  -8.6072312e-18  1.4158156e-17  -6.2544119e-19  -2.6950471e-18  -4.5900186e-18  -8.6492652e-19  -1.0482721e-17  -1.4035495e-17  1.2456837e-17  -3.6355925e-17  
-2.2847443e-17  6.1799524e-18  1.9752385e-17  -4.0244653e-18  3.2442123e-18  -1.7556240e-17  2.3541163e-18  -6.1870992e-18  5.8406098e-18  5.2811022e-17  4.3245267e-18  -2.2847443e-17  6.1799524e-18  1.9752385e-17  -4.0244653e-18  3.2442123e-18  -1.7556240e-17  2.3541163e-18  -6.1870992e-18  5.8406098e-18  5.2811022e-17  4.3245267e-18  
-3.9353151e-18  6.4857313e-18  -8.3093932e-19  4.5035683e-18  -5.0123175e-19  -1.0944724e-18  3.2569476e-18  -1.0677062e-17  -1.8874012e-18  -8.8499061e-18  -1.6438792e-18  -3.9353151e-18  6.4857313e-18  -8.3093932e-19  4.5035683e-18  -5.0123175e-19  -1.0944724e-18  3.2569476e-18  -1.0677062e-17  -1.8874012e-18  -8.8499061e-18  -1.6438792e-18  
2.7576428e-17  -2.4000255e-17  -1.2790198e-19  5.4661154e-18  -3.5868669e-18  -9.3622552e-18  2.4746597e-18  -2.7378222e-18  4.6750925e-18  -4.7103502e-18  9.1663788e-18  2.7576428e-17  -2.4000255e-17  -1.2790198e-19  5.4661154e-18  -3.5868669e-18  -9.3622552e-18  2.4746597e-18  -2.7378222e-18  4.6750925e-18  -4.7103502e-18  9.1663788e-18  
-4.3071625e-18  -4.6779512e-18  7.9117112e-18  5.4751680e-18  -1.5259087e-17  1.0215429e-17  -1.6097861e-18  -9.2451661e-19  1.2192775e-18  -2.7109859e-17  1.5044205e-17  -4.3071625e-18  -4.6779512e-18  7.9117112e-18  5.4751680e-18  -1.5259087e-17  1.0215429e-17  -1.6097861e-18  -9.2451661e-19  1.2192775e-18  -2.7109859e-17  1.5044205e-17  
-5.9643825e-18  -1.1646703e-20  3.3780944e-17  -3.9702022e-18  4.1996423e-17  2.8503717e-18  -1.6823663e-18  2.1654503e-17  5.9851480e-18  7.3701462e-17  -6.8689707e-17  -5.9643825e-18  -1.1646703e-20  3.3780944e-17  -3.9702022e-18  4.1996423e-17  2.8503717e-18  -1.6823663e-18  2.1654503e-17  5.9851480e-18  7.3701462e-17  -6.8689707e-17  
3.3669560e-19  5.5967702e-18  1.2404374e-17  3.9732198e-18  3.8580763e-18  -2.7228509e-17  3.1530801e-18  6.0770114e-18  1.4250482e-17  6.4847387e-18  -2.4968210e-16  3.3669560e-19  5.5967702e-18  1.2404374e-17  3.9732198e-18  3.8580763e-18  -2.7228509e-17  3.1530801e-18  6.0770114e-18  1.4250482e-17  6.4847387e-18  -2.4968210e-16  
-1.3682970e-17  -5.9393950e-18  -8.3178635e-18  -3.2767681e-17  4.9484724e-18  -2.5672510e-18  -6.7647757e-18  1.0620917e-16  1.2928959e-16  -4.3752481e-17  -3.2041668e-19  -1.3682970e-17  -5.9393950e-18  -8.3178635e-18  -3.2767681e-17  4.9484724e-18  -2.5672510e-18  -6.7647757e-18  1.0620917e-16  1.2928959e-16  -4.3752481e-17  -3.2041668e-19  
