-4.3749252e-19  -2.2573428e-18  -4.3113977e-19  -1.8338263e-18  1.8253560e-18  -7.8265844e-19  6.3850614e-17  2.0143714e-17  1.1959258e-17  3.9414031e-18  -9.6803160e-18  -4.3749252e-19  -2.2573428e-18  -4.3113977e-19  -1.8338263e-18  1.8253560e-18  -7.8265844e-19  6.3850614e-17  2.0143714e-17  1.1959258e-17  3.9414031e-18  -9.6803160e-18  
-2.7130465e-17  -2.6152804e-18  6.9456702e-20  -1.9507169e-18  2.1487638e-18  -1.3468671e-17  -1.4563037e-17  -2.3413261e-17  2.0559395e-17  2.1139891e-17  5.5675476e-18  -2.7130465e-17  -2.6152804e-18  6.9456702e-20  -1.9507169e-18  2.1487638e-18  -1.3468671e-17  -1.4563037e-17  -2.3413261e-17  2.0559395e-17  2.1139891e-17  5.5675476e-18  
1.2925723e-18  -5.1444546e-18  2.8893353e-18  -5.8714206e-18  -1.5196830e-18  -7.0642548e-19  1.9727397e-18  -9.0107365e-18  -2.1201658e-17  2.8332537e-17  1.3062942e-17  1.2925723e-18  -5.1444546e-18  2.8893353e-18  -5.8714206e-18  -1.5196830e-18  -7.0642548e-19  1.9727397e-18  -9.0107365e-18  -2.1201658e-17  2.8332537e-17  1.3062942e-17  
-1.9693516e-18  6.8300502e-18  -9.1694493e-18  3.3068696e-18  -2.6413134e-17  1.7719929e-18  -1.7006728e-17  1.9388584e-18  -8.6926756e-19  -7.5732422e-18  -1.6076685e-18  -1.9693516e-18  6.8300502e-18  -9.1694493e-18  3.3068696e-18  -2.6413134e-17  1.7719929e-18  -1.7006728e-17  1.9388584e-18  -8.6926756e-19  -7.5732422e-18  -1.6076685e-18  
4.5878481e-18  4.4434290e-18  2.7204898e-17  2.5648793e-17  5.4102931e-18  -3.4851700e-18  -3.2783351e-18  -3.0389160e-17  -8.4608533e-18  2.6852533e-17  6.7317943e-19  4.5878481e-18  4.4434290e-18  2.7204898e-17  2.5648793e-17  5.4102931e-18  -3.4851700e-18  -3.2783351e-18  -3.0389160e-17  -8.4608533e-18  2.6852533e-17  6.7317943e-19  
-6.9134829e-18  -4.0047718e-18  -2.1091120e-18  4.2326236e-18  -3.0199372e-18  -1.1906107e-18  -9.0378415e-19  -2.4919709e-18  -3.1462615e-17  1.0870080e-18  -3.3093577e-18  -6.9134829e-18  -4.0047718e-18  -2.1091120e-18  4.2326236e-18  -3.0199372e-18  -1.1906107e-18  -9.0378415e-19  -2.4919709e-18  -3.1462615e-17  1.0870080e-18  -3.3093577e-18  
6.9998803e-17  -3.7476973e-18  4.8674748e-18  -2.7229568e-17  -1.3247172e-17  1.0021247e-17  2.9180285e-19  1.7871336e-17  1.1877308e-17  -5.2425781e-18  -3.1784911e-18  6.9998803e-17  -3.7476973e-18  4.8674748e-18  -2.7229568e-17  -1.3247172e-17  1.0021247e-17  2.9180285e-19  1.7871336e-17  1.1877308e-17  -5.2425781e-18  -3.1784911e-18  
-4.8657808e-18  3.5672793e-18  8.9696554e-18  1.2778763e-17  -7.4539429e-17  -4.4638636e-19  -1.0775953e-17  6.4639202e-19  -1.5208477e-18  4.4350116e-20  5.0144350e-18  -4.8657808e-18  3.5672793e-18  8.9696554e-18  1.2778763e-17  -7.4539429e-17  -4.4638636e-19  -1.0775953e-17  6.4639202e-19  -1.5208477e-18  4.4350116e-20  5.0144350e-18  
3.3051226e-18  1.3227796e-17  -3.1358430e-17  1.4614706e-17  -1.0677009e-17  5.0186702e-18  1.4312104e-17  -1.3082424e-18  5.2002264e-18  6.6477078e-17  -2.2087083e-16  3.3051226e-18  1.3227796e-17  -3.1358430e-17  1.4614706e-17  -1.0677009e-17  5.0186702e-18  1.4312104e-17  -1.3082424e-18  5.2002264e-18  6.6477078e-17  -2.2087083e-16  
2.6381212e-17  -4.7995004e-18  1.1432563e-17  1.4052541e-18  -3.3390210e-17  1.2815661e-17  4.3456020e-17  -2.7079379e-18  1.4192879e-16  -8.5134066e-18  -9.5234826e-18  2.6381212e-17  -4.7995004e-18  1.1432563e-17  1.4052541e-18  -3.3390210e-17  1.2815661e-17  4.3456020e-17  -2.7079379e-18  1.4192879e-16  -8.5134066e-18  -9.5234826e-18  
-2.0948395e-17  1.2481030e-18  1.5993676e-17  -9.4736400e-18  -2.1605124e-17  9.5545316e-19  4.7045480e-17  -6.3582528e-18  8.9451761e-17  -8.2520041e-17  -1.0451791e-18  -2.0948395e-17  1.2481030e-18  1.5993676e-17  -9.4736400e-18  -2.1605124e-17  9.5545316e-19  4.7045480e-17  -6.3582528e-18  8.9451761e-17  -8.2520041e-17  -1.0451791e-18  
-4.3749252e-19  -2.2573428e-18  -4.3113977e-19  -1.8338263e-18  1.8253560e-18  -7.8265844e-19  6.3850614e-17  2.0143714e-17  1.1959258e-17  3.9414031e-18  -9.6803160e-18  -4.3749252e-19  -2.2573428e-18  -4.3113977e-19  -1.8338263e-18  1.8253560e-18  -7.8265844e-19  6.3850614e-17  2.0143714e-17  1.1959258e-17  3.9414031e-18  -9.6803160e-18  
-2.7130465e-17  -2.6152804e-18  6.9456702e-20  -1.9507169e-18  2.1487638e-18  -1.3468671e-17  -1.4563037e-17  -2.3413261e-17  2.0559395e-17  2.1139891e-17  5.5675476e-18  -2.7130465e-17  -2.6152804e-18  6.9456702e-20  -1.9507169e-18  2.1487638e-18  -1.3468671e-17  -1.4563037e-17  -2.3413261e-17  2.0559395e-17  2.1139891e-17  5.5675476e-18  
1.2925723e-18  -5.1444546e-18  2.8893353e-18  -5.8714206e-18  -1.5196830e-18  -7.0642548e-19  1.9727397e-18  -9.0107365e-18  -2.1201658e-17  2.8332537e-17  1.3062942e-17  1.2925723e-18  -5.1444546e-18  2.8893353e-18  -5.8714206e-18  -1.5196830e-18  -7.0642548e-19  1.9727397e-18  -9.0107365e-18  -2.1201658e-17  2.8332537e-17  1.3062942e-17  
-1.9693516e-18  6.8300502e-18  -9.1694493e-18  3.3068696e-18  -2.6413134e-17  1.7719929e-18  -1.7006728e-17  1.9388584e-18  -8.6926756e-19  -7.5732422e-18  -1.6076685e-18  -1.9693516e-18  6.8300502e-18  -9.1694493e-18  3.3068696e-18  -2.6413134e-17  1.7719929e-18  -1.7006728e-17  1.9388584e-18  -8.6926756e-19  -7.5732422e-18  -1.6076685e-18  
4.5878481e-18  4.4434290e-18  2.7204898e-17  2.5648793e-17  5.4102931e-18  -3.4851700e-18  -3.2783351e-18  -3.0389160e-17  -8.4608533e-18  2.6852533e-17  6.7317943e-19  4.5878481e-18  4.4434290e-18  2.7204898e-17  2.5648793e-17  5.4102931e-18  -3.4851700e-18  -3.2783351e-18  -3.0389160e-17  -8.4608533e-18  2.6852533e-17  6.7317943e-19  
-6.9134829e-18  -4.0047718e-18  -2.1091120e-18  4.2326236e-18  -3.0199372e-18  -1.1906107e-18  -9.0378415e-19  -2.4919709e-18  -3.1462615e-17  1.0870080e-18  -3.3093577e-18  -6.9134829e-18  -4.0047718e-18  -2.1091120e-18  4.2326236e-18  -3.0199372e-18  -1.1906107e-18  -9.0378415e-19  -2.4919709e-18  -3.1462615e-17  1.0870080e-18  -3.3093577e-18  
6.9998803e-17  -3.7476973e-18  4.8674748e-18  -2.7229568e-17  -1.3247172e-17  1.0021247e-17  2.9180285e-19  1.7871336e-17  1.1877308e-17  -5.2425781e-18  -3.1784911e-18  6.9998803e-17  -3.7476973e-18  4.8674748e-18  -2.7229568e-17  -1.3247172e-17  1.0021247e-17  2.9180285e-19  1.7871336e-17  1.1877308e-17  -5.2425781e-18  -3.1784911e-18  
-4.8657808e-18  3.5672793e-18  8.9696554e-18  1.2778763e-17  -7.4539429e-17  -4.4638636e-19  -1.0775953e-17  6.4639202e-19  -1.5208477e-18  4.4350116e-20  5.0144350e-18  -4.8657808e-18  3.5672793e-18  8.9696554e-18  1.2778763e-17  -7.4539429e-17  -4.4638636e-19  -1.0775953e-17  6.4639202e-19  -1.5208477e-18  4.4350116e-20  5.0144350e-18  
3.3051226e-18  1.3227796e-17  -3.1358430e-17  1.4614706e-17  -1.0677009e-17  5.0186702e-18  1.4312104e-17  -1.3082424e-18  5.2002264e-18  6.6477078e-17  -2.2087083e-16  3.3051226e-18  1.3227796e-17  -3.1358430e-17  1.4614706e-17  -1.0677009e-17  5.0186702e-18  1.4312104e-17  -1.3082424e-18  5.2002264e-18  6.6477078e-17  -2.2087083e-16  
2.6381212e-17  -4.7995004e-18  1.1432563e-17  1.4052541e-18  -3.3390210e-17  1.2815661e-17  4.3456020e-17  -2.7079379e-18  1.4192879e-16  -8.5134066e-18  -9.5234826e-18  2.6381212e-17  -4.7995004e-18  1.1432563e-17  1.4052541e-18  -3.3390210e-17  1.2815661e-17  4.3456020e-17  -2.7079379e-18  1.4192879e-16  -8.5134066e-18  -9.5234826e-18  
-2.0948395e-17  1.2481030e-18  1.5993676e-17  -9.4736400e-18  -2.1605124e-17  9.5545316e-19  4.7045480e-17  -6.3582528e-18  8.9451761e-17  -8.2520041e-17  -1.0451791e-18  -2.0948395e-17  1.2481030e-18  1.5993676e-17  -9.4736400e-18  -2.1605124e-17  9.5545316e-19  4.7045480e-17  -6.3582528e-18  8.9451761e-17  -8.2520041e-17  -1.0451791e-18  
