-0.99803894  -0.057824226  -0.0014970857  -0.0036598217  -0.0048290461  -0.0084034710  0.014521085  -0.0065835607  -0.0019284171  0.00023431818  0.00083507486  -0.99803894  -0.057824226  -0.0014970857  -0.0036598217  -0.0048290461  -0.0084034710  0.014521085  -0.0065835607  -0.0019284171  0.00023431818  0.00083507486  
-0.057764538  0.99796277  -0.0043456895  -0.0054036194  0.0019131943  0.015352732  0.011081294  0.0022516562  -0.00033748701  -0.00014301878  0.0016712019  -0.057764538  0.99796277  -0.0043456895  -0.0054036194  0.0019131943  0.015352732  0.011081294  0.0022516562  -0.00033748701  -0.00014301878  0.0016712019  
-0.0016554848  0.0041438520  0.99968082  -0.017891410  -0.0013845471  -3.9569886e-05  -0.00024346893  -0.00019001958  0.00052075013  -0.0023174955  0.0038836930  -0.0016554848  0.0041438520  0.99968082  -0.017891410  -0.0013845471  -3.9569886e-05  -0.00024346893  -0.00019001958  0.00052075013  -0.0023174955  0.0038836930  
0.0039605184  -0.0052518379  -0.017869159  -0.99965219  0.0027105311  -0.0013359996  -0.0026022189  -0.00083007768  0.0010938104  -0.00047876535  -0.00041145425  0.0039605184  -0.0052518379  -0.017869159  -0.99965219  0.0027105311  -0.0013359996  -0.0026022189  -0.00083007768  0.0010938104  -0.00047876535  -0.00041145425  
-0.0056576988  -0.0030333192  0.0014233137  0.0026156318  0.99610249  0.078819853  -0.030502343  -0.013399039  -0.0020062681  0.0014034320  0.00035319536  -0.0056576988  -0.0030333192  0.0014233137  0.0026156318  0.99610249  0.078819853  -0.030502343  -0.013399039  -0.0020062681  0.0014034320  0.00035319536  
0.0063207508  0.016363219  1.9538083e-05  0.0016426525  0.076405196  -0.99437616  -0.063784813  -0.024751874  -0.0024548030  -3.5435288e-05  0.00064527767  0.0063207508  0.016363219  1.9538083e-05  0.0016426525  0.076405196  -0.99437616  -0.063784813  -0.024751874  -0.0024548030  -3.5435288e-05  0.00064527767  
0.015696521  -0.0092100607  0.00033646709  -0.0023116224  0.034950254  -0.060590685  0.99670359  -0.026105311  -0.011035295  0.00038610228  -0.00023118530  0.015696521  -0.0092100607  0.00033646709  -0.0023116224  0.034950254  -0.060590685  0.99670359  -0.026105311  -0.011035295  0.00038610228  -0.00023118530  
-0.0059886897  -0.0024751148  0.00016818667  -0.00086885967  0.015657822  -0.025146017  0.024087209  0.99868745  0.0018143656  -0.0070231460  -0.00071580603  -0.0059886897  -0.0024751148  0.00016818667  -0.00086885967  0.015657822  -0.025146017  0.024087209  0.99868745  0.0018143656  -0.0070231460  -0.00071580603  
-0.0017933993  0.00014482717  -0.00053315658  0.0010543438  0.0024730615  -0.0028876686  0.010777177  -0.0024159986  0.99957819  -0.018962160  -0.0012605032  -0.0017933993  0.00014482717  -0.00053315658  0.0010543438  0.0024730615  -0.0028876686  0.010777177  -0.0024159986  0.99957819  -0.018962160  -0.0012605032  
0.00017463681  0.00015652497  0.0022704033  -0.00047744405  -0.0012680890  -0.00033949291  3.3517088e-05  0.0070089765  0.018988466  0.99962157  0.0045866402  0.00017463681  0.00015652497  0.0022704033  -0.00047744405  -0.0012680890  -0.00033949291  3.3517088e-05  0.0070089765  0.018988466  0.99962157  0.0045866402  
-0.00091200269  0.0016491373  0.0036317274  0.00030529441  0.00036395978  -0.00056096977  -0.00030417572  -0.00069706110  -0.0011981619  0.0046117472  -0.99972232  -0.00091200269  0.0016491373  0.0036317274  0.00030529441  0.00036395978  -0.00056096977  -0.00030417572  -0.00069706110  -0.0011981619  0.0046117472  -0.99972232  
-0.99803894  -0.057824226  -0.0014970857  -0.0036598217  -0.0048290461  -0.0084034710  0.014521085  -0.0065835607  -0.0019284171  0.00023431818  0.00083507486  -0.99803894  -0.057824226  -0.0014970857  -0.0036598217  -0.0048290461  -0.0084034710  0.014521085  -0.0065835607  -0.0019284171  0.00023431818  0.00083507486  
-0.057764538  0.99796277  -0.0043456895  -0.0054036194  0.0019131943  0.015352732  0.011081294  0.0022516562  -0.00033748701  -0.00014301878  0.0016712019  -0.057764538  0.99796277  -0.0043456895  -0.0054036194  0.0019131943  0.015352732  0.011081294  0.0022516562  -0.00033748701  -0.00014301878  0.0016712019  
-0.0016554848  0.0041438520  0.99968082  -0.017891410  -0.0013845471  -3.9569886e-05  -0.00024346893  -0.00019001958  0.00052075013  -0.0023174955  0.0038836930  -0.0016554848  0.0041438520  0.99968082  -0.017891410  -0.0013845471  -3.9569886e-05  -0.00024346893  -0.00019001958  0.00052075013  -0.0023174955  0.0038836930  
0.0039605184  -0.0052518379  -0.017869159  -0.99965219  0.0027105311  -0.0013359996  -0.0026022189  -0.00083007768  0.0010938104  -0.00047876535  -0.00041145425  0.0039605184  -0.0052518379  -0.017869159  -0.99965219  0.0027105311  -0.0013359996  -0.0026022189  -0.00083007768  0.0010938104  -0.00047876535  -0.00041145425  
-0.0056576988  -0.0030333192  0.0014233137  0.0026156318  0.99610249  0.078819853  -0.030502343  -0.013399039  -0.0020062681  0.0014034320  0.00035319536  -0.0056576988  -0.0030333192  0.0014233137  0.0026156318  0.99610249  0.078819853  -0.030502343  -0.013399039  -0.0020062681  0.0014034320  0.00035319536  
0.0063207508  0.016363219  1.9538083e-05  0.0016426525  0.076405196  -0.99437616  -0.063784813  -0.024751874  -0.0024548030  -3.5435288e-05  0.00064527767  0.0063207508  0.016363219  1.9538083e-05  0.0016426525  0.076405196  -0.99437616  -0.063784813  -0.024751874  -0.0024548030  -3.5435288e-05  0.00064527767  
0.015696521  -0.0092100607  0.00033646709  -0.0023116224  0.034950254  -0.060590685  0.99670359  -0.026105311  -0.011035295  0.00038610228  -0.00023118530  0.015696521  -0.0092100607  0.00033646709  -0.0023116224  0.034950254  -0.060590685  0.99670359  -0.026105311  -0.011035295  0.00038610228  -0.00023118530  
-0.0059886897  -0.0024751148  0.00016818667  -0.00086885967  0.015657822  -0.025146017  0.024087209  0.99868745  0.0018143656  -0.0070231460  -0.00071580603  -0.0059886897  -0.0024751148  0.00016818667  -0.00086885967  0.015657822  -0.025146017  0.024087209  0.99868745  0.0018143656  -0.0070231460  -0.00071580603  
-0.0017933993  0.00014482717  -0.00053315658  0.0010543438  0.0024730615  -0.0028876686  0.010777177  -0.0024159986  0.99957819  -0.018962160  -0.0012605032  -0.0017933993  0.00014482717  -0.00053315658  0.0010543438  0.0024730615  -0.0028876686  0.010777177  -0.0024159986  0.99957819  -0.018962160  -0.0012605032  
0.00017463681  0.00015652497  0.0022704033  -0.00047744405  -0.0012680890  -0.00033949291  3.3517088e-05  0.0070089765  0.018988466  0.99962157  0.0045866402  0.00017463681  0.00015652497  0.0022704033  -0.00047744405  -0.0012680890  -0.00033949291  3.3517088e-05  0.0070089765  0.018988466  0.99962157  0.0045866402  
-0.00091200269  0.0016491373  0.0036317274  0.00030529441  0.00036395978  -0.00056096977  -0.00030417572  -0.00069706110  -0.0011981619  0.0046117472  -0.99972232  -0.00091200269  0.0016491373  0.0036317274  0.00030529441  0.00036395978  -0.00056096977  -0.00030417572  -0.00069706110  -0.0011981619  0.0046117472  -0.99972232  
