0.99978590  -0.00023794094  0.0036589985  -0.0016388167  -0.00062033233  0.00014792626  -0.00042761677  0.00096504365  -0.00020902331  -6.0085986e-05  -0.00050650383  0.99978590  -0.00023794094  0.0036589985  -0.0016388167  -0.00062033233  0.00014792626  -0.00042761677  0.00096504365  -0.00020902331  -6.0085986e-05  -0.00050650383  
0.00044771614  0.99983811  0.0042706474  0.00026744914  0.0016237500  -0.0013840365  0.0022600940  -0.0016751055  -0.00046840947  0.0014832410  -0.00047265630  0.00044771614  0.99983811  0.0042706474  0.00026744914  0.0016237500  -0.0013840365  0.0022600940  -0.0016751055  -0.00046840947  0.0014832410  -0.00047265630  
0.0038566320  0.0041892474  -0.99905462  0.040085921  -0.0046643761  -1.6079544e-05  -8.4139763e-05  -0.00045605162  -0.0015095728  -0.00049852281  -0.00061533548  0.0038566320  0.0041892474  -0.99905462  0.040085921  -0.0046643761  -1.6079544e-05  -8.4139763e-05  -0.00045605162  -0.0015095728  -0.00049852281  -0.00061533548  
-0.0014198138  0.00036667400  -0.040072008  -0.99909940  0.0022088803  -0.0013512294  0.0012902427  -0.00017037899  0.0025824218  -0.00088728169  -6.2091583e-05  -0.0014198138  0.00036667400  -0.040072008  -0.99909940  0.0022088803  -0.0013512294  0.0012902427  -0.00017037899  0.0025824218  -0.00088728169  -6.2091583e-05  
0.00060611280  -0.0015867382  -0.0046484915  0.0023310688  0.99991578  -0.00022957751  0.0011686746  0.0020399032  0.0018365458  0.0055169130  -0.0016218133  0.00060611280  -0.0015867382  -0.0046484915  0.0023310688  0.99991578  -0.00022957751  0.0011686746  0.0020399032  0.0018365458  0.0055169130  -0.0016218133  
-0.00012357708  0.0013356439  -5.2549794e-05  -0.0013035221  0.00014220026  0.99932023  0.025129276  0.023175944  -0.0024305114  0.0038882549  -0.00027994015  -0.00012357708  0.0013356439  -5.2549794e-05  -0.0013035221  0.00014220026  0.99932023  0.025129276  0.023175944  -0.0024305114  0.0038882549  -0.00027994015  
0.00039121166  -0.0022443235  -2.7422231e-05  0.0013336264  -0.0012091126  -0.025415825  0.99954206  0.012848265  0.0026503499  0.0012351800  0.00040023265  0.00039121166  -0.0022443235  -2.7422231e-05  0.0013336264  -0.0012091126  -0.025415825  0.99954206  0.012848265  0.0026503499  0.0012351800  0.00040023265  
-0.00098050869  0.0016803448  -0.00045280111  -0.00011436443  -0.0019558387  -0.022832203  -0.013419466  0.99959047  0.00099968726  -0.0051454015  -0.00030608635  -0.00098050869  0.0016803448  -0.00045280111  -0.00011436443  -0.0019558387  -0.022832203  -0.013419466  0.99959047  0.00099968726  -0.0051454015  -0.00030608635  
0.00022289894  0.00048156153  -0.0013812333  0.0026349370  -0.0018449965  0.0025173974  -0.0025716164  -0.00098559820  0.99996417  0.00016269744  -0.0032690197  0.00022289894  0.00048156153  -0.0013812333  0.0026349370  -0.0018449965  0.0025173974  -0.0025716164  -0.00098559820  0.99996417  0.00016269744  -0.0032690197  
4.8177144e-06  -0.0014643023  -0.00054459214  -0.00091656852  -0.0055575619  -0.0039630168  -0.0014069933  0.0050393397  -0.00015498873  0.99992953  0.00086017920  4.8177144e-06  -0.0014643023  -0.00054459214  -0.00091656852  -0.0055575619  -0.0039630168  -0.0014069933  0.0050393397  -0.00015498873  0.99992953  0.00086017920  
-0.00050201836  -0.00048818183  0.00060529214  3.6522783e-05  -0.0016287942  -0.00030772128  0.00041628503  -0.00029640372  -0.0032695750  0.00085206971  -0.99993642  -0.00050201836  -0.00048818183  0.00060529214  3.6522783e-05  -0.0016287942  -0.00030772128  0.00041628503  -0.00029640372  -0.0032695750  0.00085206971  -0.99993642  
0.99978590  -0.00023794094  0.0036589985  -0.0016388167  -0.00062033233  0.00014792626  -0.00042761677  0.00096504365  -0.00020902331  -6.0085986e-05  -0.00050650383  0.99978590  -0.00023794094  0.0036589985  -0.0016388167  -0.00062033233  0.00014792626  -0.00042761677  0.00096504365  -0.00020902331  -6.0085986e-05  -0.00050650383  
0.00044771614  0.99983811  0.0042706474  0.00026744914  0.0016237500  -0.0013840365  0.0022600940  -0.0016751055  -0.00046840947  0.0014832410  -0.00047265630  0.00044771614  0.99983811  0.0042706474  0.00026744914  0.0016237500  -0.0013840365  0.0022600940  -0.0016751055  -0.00046840947  0.0014832410  -0.00047265630  
0.0038566320  0.0041892474  -0.99905462  0.040085921  -0.0046643761  -1.6079544e-05  -8.4139763e-05  -0.00045605162  -0.0015095728  -0.00049852281  -0.00061533548  0.0038566320  0.0041892474  -0.99905462  0.040085921  -0.0046643761  -1.6079544e-05  -8.4139763e-05  -0.00045605162  -0.0015095728  -0.00049852281  -0.00061533548  
-0.0014198138  0.00036667400  -0.040072008  -0.99909940  0.0022088803  -0.0013512294  0.0012902427  -0.00017037899  0.0025824218  -0.00088728169  -6.2091583e-05  -0.0014198138  0.00036667400  -0.040072008  -0.99909940  0.0022088803  -0.0013512294  0.0012902427  -0.00017037899  0.0025824218  -0.00088728169  -6.2091583e-05  
0.00060611280  -0.0015867382  -0.0046484915  0.0023310688  0.99991578  -0.00022957751  0.0011686746  0.0020399032  0.0018365458  0.0055169130  -0.0016218133  0.00060611280  -0.0015867382  -0.0046484915  0.0023310688  0.99991578  -0.00022957751  0.0011686746  0.0020399032  0.0018365458  0.0055169130  -0.0016218133  
-0.00012357708  0.0013356439  -5.2549794e-05  -0.0013035221  0.00014220026  0.99932023  0.025129276  0.023175944  -0.0024305114  0.0038882549  -0.00027994015  -0.00012357708  0.0013356439  -5.2549794e-05  -0.0013035221  0.00014220026  0.99932023  0.025129276  0.023175944  -0.0024305114  0.0038882549  -0.00027994015  
0.00039121166  -0.0022443235  -2.7422231e-05  0.0013336264  -0.0012091126  -0.025415825  0.99954206  0.012848265  0.0026503499  0.0012351800  0.00040023265  0.00039121166  -0.0022443235  -2.7422231e-05  0.0013336264  -0.0012091126  -0.025415825  0.99954206  0.012848265  0.0026503499  0.0012351800  0.00040023265  
-0.00098050869  0.0016803448  -0.00045280111  -0.00011436443  -0.0019558387  -0.022832203  -0.013419466  0.99959047  0.00099968726  -0.0051454015  -0.00030608635  -0.00098050869  0.0016803448  -0.00045280111  -0.00011436443  -0.0019558387  -0.022832203  -0.013419466  0.99959047  0.00099968726  -0.0051454015  -0.00030608635  
0.00022289894  0.00048156153  -0.0013812333  0.0026349370  -0.0018449965  0.0025173974  -0.0025716164  -0.00098559820  0.99996417  0.00016269744  -0.0032690197  0.00022289894  0.00048156153  -0.0013812333  0.0026349370  -0.0018449965  0.0025173974  -0.0025716164  -0.00098559820  0.99996417  0.00016269744  -0.0032690197  
4.8177144e-06  -0.0014643023  -0.00054459214  -0.00091656852  -0.0055575619  -0.0039630168  -0.0014069933  0.0050393397  -0.00015498873  0.99992953  0.00086017920  4.8177144e-06  -0.0014643023  -0.00054459214  -0.00091656852  -0.0055575619  -0.0039630168  -0.0014069933  0.0050393397  -0.00015498873  0.99992953  0.00086017920  
-0.00050201836  -0.00048818183  0.00060529214  3.6522783e-05  -0.0016287942  -0.00030772128  0.00041628503  -0.00029640372  -0.0032695750  0.00085206971  -0.99993642  -0.00050201836  -0.00048818183  0.00060529214  3.6522783e-05  -0.0016287942  -0.00030772128  0.00041628503  -0.00029640372  -0.0032695750  0.00085206971  -0.99993642  
