-0.99954619  0.022331491  -0.0030171858  0.00079499046  0.00044054674  -0.0013948059  0.0012271283  -0.0030230791  0.00028040816  -0.00024491694  0.00096411922  -0.99954619  0.022331491  -0.0030171858  0.00079499046  0.00044054674  -0.0013948059  0.0012271283  -0.0030230791  0.00028040816  -0.00024491694  0.00096411922  
0.022294326  0.99960127  -0.0046109902  0.0023677140  -0.0021040249  -0.0018222800  -0.00064054746  0.0025909813  -0.00010475928  0.0020272012  0.00072200409  0.022294326  0.99960127  -0.0046109902  0.0023677140  -0.0021040249  -0.0018222800  -0.00064054746  0.0025909813  -0.00010475928  0.0020272012  0.00072200409  
-0.0029990622  0.0046598769  0.99984596  0.00012454472  0.00091465612  0.0016938208  0.0014403435  -0.00062393337  0.0015281938  0.0026698268  -6.8062742e-05  -0.0029990622  0.0046598769  0.99984596  0.00012454472  0.00091465612  0.0016938208  0.0014403435  -0.00062393337  0.0015281938  0.0026698268  -6.8062742e-05  
-0.00066297691  0.0023855193  0.00013398184  -0.99989561  -0.00026849557  -0.0028702989  -0.0023605501  -6.2927687e-07  -0.0012532966  -9.2048653e-05  0.00030725410  -0.00066297691  0.0023855193  0.00013398184  -0.99989561  -0.00026849557  -0.0028702989  -0.0023605501  -6.2927687e-07  -0.0012532966  -9.2048653e-05  0.00030725410  
0.00053556876  0.0020800618  -0.00085791917  -0.00024650122  0.99993848  0.0025759178  0.0012267140  0.00090792022  -0.0029078488  0.00032354464  -0.0013794015  0.00053556876  0.0020800618  -0.00085791917  -0.00024650122  0.99993848  0.0025759178  0.0012267140  0.00090792022  -0.0029078488  0.00032354464  -0.0013794015  
-0.0014873378  0.0017445492  -0.0016486099  -0.0027806292  -0.0025475362  0.99890033  -0.041237529  0.016883392  0.0045486036  0.0045546702  -0.00049911439  -0.0014873378  0.0017445492  -0.0016486099  -0.0027806292  -0.0025475362  0.99890033  -0.041237529  0.016883392  0.0045486036  0.0045546702  -0.00049911439  
-0.0010602540  -0.00054726585  0.0014841694  0.0024697213  0.0013804447  -0.040435880  -0.99807321  -0.044194556  0.0051670965  0.00091898248  -0.0013780063  -0.0010602540  -0.00054726585  0.0014841694  0.0024697213  0.0013804447  -0.040435880  -0.99807321  -0.044194556  0.0051670965  0.00091898248  -0.0013780063  
0.0031214825  0.0025878344  -0.00065390341  -0.00010591829  0.00071788873  0.018733969  0.043465781  -0.99878757  -0.0041766192  -0.0052454041  -0.00043399471  0.0031214825  0.0025878344  -0.00065390341  -0.00010591829  0.00071788873  0.018733969  0.043465781  -0.99878757  -0.0041766192  -0.0052454041  -0.00043399471  
-0.00023248300  -7.4123368e-05  0.0015417808  0.0012698239  -0.0029320088  0.0042297231  -0.0055038283  0.0039944042  -0.99990672  0.0052584450  0.0015398415  -0.00023248300  -7.4123368e-05  0.0015417808  0.0012698239  -0.0029320088  0.0042297231  -0.0055038283  0.0039944042  -0.99990672  0.0052584450  0.0015398415  
-0.00025152211  -0.0020536998  -0.0026870648  -0.00012053893  -0.00028588382  -0.0044266195  0.0013664795  -0.0053250102  0.0052208643  0.99990082  -0.0050717011  -0.00025152211  -0.0020536998  -0.0026870648  -0.00012053893  -0.00028588382  -0.0044266195  0.0013664795  -0.0053250102  0.0052208643  0.99990082  -0.0050717011  
0.00097248758  -0.00074584720  7.5248309e-05  0.00030398425  0.0013790640  0.00044939878  -0.0013590369  -0.00051221559  0.0015538735  0.0050615286  0.99992220  0.00097248758  -0.00074584720  7.5248309e-05  0.00030398425  0.0013790640  0.00044939878  -0.0013590369  -0.00051221559  0.0015538735  0.0050615286  0.99992220  
-0.99954619  0.022331491  -0.0030171858  0.00079499046  0.00044054674  -0.0013948059  0.0012271283  -0.0030230791  0.00028040816  -0.00024491694  0.00096411922  -0.99954619  0.022331491  -0.0030171858  0.00079499046  0.00044054674  -0.0013948059  0.0012271283  -0.0030230791  0.00028040816  -0.00024491694  0.00096411922  
0.022294326  0.99960127  -0.0046109902  0.0023677140  -0.0021040249  -0.0018222800  -0.00064054746  0.0025909813  -0.00010475928  0.0020272012  0.00072200409  0.022294326  0.99960127  -0.0046109902  0.0023677140  -0.0021040249  -0.0018222800  -0.00064054746  0.0025909813  -0.00010475928  0.0020272012  0.00072200409  
-0.0029990622  0.0046598769  0.99984596  0.00012454472  0.00091465612  0.0016938208  0.0014403435  -0.00062393337  0.0015281938  0.0026698268  -6.8062742e-05  -0.0029990622  0.0046598769  0.99984596  0.00012454472  0.00091465612  0.0016938208  0.0014403435  -0.00062393337  0.0015281938  0.0026698268  -6.8062742e-05  
-0.00066297691  0.0023855193  0.00013398184  -0.99989561  -0.00026849557  -0.0028702989  -0.0023605501  -6.2927687e-07  -0.0012532966  -9.2048653e-05  0.00030725410  -0.00066297691  0.0023855193  0.00013398184  -0.99989561  -0.00026849557  -0.0028702989  -0.0023605501  -6.2927687e-07  -0.0012532966  -9.2048653e-05  0.00030725410  
0.00053556876  0.0020800618  -0.00085791917  -0.00024650122  0.99993848  0.0025759178  0.0012267140  0.00090792022  -0.0029078488  0.00032354464  -0.0013794015  0.00053556876  0.0020800618  -0.00085791917  -0.00024650122  0.99993848  0.0025759178  0.0012267140  0.00090792022  -0.0029078488  0.00032354464  -0.0013794015  
-0.0014873378  0.0017445492  -0.0016486099  -0.0027806292  -0.0025475362  0.99890033  -0.041237529  0.016883392  0.0045486036  0.0045546702  -0.00049911439  -0.0014873378  0.0017445492  -0.0016486099  -0.0027806292  -0.0025475362  0.99890033  -0.041237529  0.016883392  0.0045486036  0.0045546702  -0.00049911439  
-0.0010602540  -0.00054726585  0.0014841694  0.0024697213  0.0013804447  -0.040435880  -0.99807321  -0.044194556  0.0051670965  0.00091898248  -0.0013780063  -0.0010602540  -0.00054726585  0.0014841694  0.0024697213  0.0013804447  -0.040435880  -0.99807321  -0.044194556  0.0051670965  0.00091898248  -0.0013780063  
0.0031214825  0.0025878344  -0.00065390341  -0.00010591829  0.00071788873  0.018733969  0.043465781  -0.99878757  -0.0041766192  -0.0052454041  -0.00043399471  0.0031214825  0.0025878344  -0.00065390341  -0.00010591829  0.00071788873  0.018733969  0.043465781  -0.99878757  -0.0041766192  -0.0052454041  -0.00043399471  
-0.00023248300  -7.4123368e-05  0.0015417808  0.0012698239  -0.0029320088  0.0042297231  -0.0055038283  0.0039944042  -0.99990672  0.0052584450  0.0015398415  -0.00023248300  -7.4123368e-05  0.0015417808  0.0012698239  -0.0029320088  0.0042297231  -0.0055038283  0.0039944042  -0.99990672  0.0052584450  0.0015398415  
-0.00025152211  -0.0020536998  -0.0026870648  -0.00012053893  -0.00028588382  -0.0044266195  0.0013664795  -0.0053250102  0.0052208643  0.99990082  -0.0050717011  -0.00025152211  -0.0020536998  -0.0026870648  -0.00012053893  -0.00028588382  -0.0044266195  0.0013664795  -0.0053250102  0.0052208643  0.99990082  -0.0050717011  
0.00097248758  -0.00074584720  7.5248309e-05  0.00030398425  0.0013790640  0.00044939878  -0.0013590369  -0.00051221559  0.0015538735  0.0050615286  0.99992220  0.00097248758  -0.00074584720  7.5248309e-05  0.00030398425  0.0013790640  0.00044939878  -0.0013590369  -0.00051221559  0.0015538735  0.0050615286  0.99992220  
