-0.99995357  -0.0024423061  0.0047174987  0.00033382008  0.0019678752  0.00049004145  0.00040419748  0.0026875734  0.00016678428  -5.5807602e-06  6.5131044e-05  -0.99995357  -0.0024423061  0.0047174987  0.00033382008  0.0019678752  0.00049004145  0.00040419748  0.0026875734  0.00016678428  -5.5807602e-06  6.5131044e-05  
0.0024386397  -0.99979233  0.0090476692  -0.0021424812  -0.0015142633  0.0021444317  0.00083946321  -0.00038843653  0.0012787835  -0.00051426925  0.0014308212  0.0024386397  -0.99979233  0.0090476692  -0.0021424812  -0.0015142633  0.0021444317  0.00083946321  -0.00038843653  0.0012787835  -0.00051426925  0.0014308212  
0.0046960145  0.0090441751  0.99902479  -0.040249216  0.00010471582  -0.00068625120  -0.0019394710  -0.00020084232  -0.0019094915  -0.0015994739  -0.00066988454  0.0046960145  0.0090441751  0.99902479  -0.040249216  0.00010471582  -0.00068625120  -0.0019394710  -0.00020084232  -0.0019094915  -0.0015994739  -0.00066988454  
0.00053826880  -0.0018480400  0.040220593  0.99910216  0.00077227564  -0.0013574766  -0.0034478409  0.0014122513  0.0027999036  -0.0012793076  0.00027640448  0.00053826880  -0.0018480400  0.040220593  0.99910216  0.00077227564  -0.0013574766  -0.0034478409  0.0014122513  0.0027999036  -0.0012793076  0.00027640448  
-0.0019588920  0.0014899728  6.2083122e-05  0.00073217996  -0.99993093  0.00069895224  0.00036279093  0.00088222657  -0.0021134519  -0.0048891531  -0.00060028298  -0.0019588920  0.0014899728  6.2083122e-05  0.00073217996  -0.99993093  0.00069895224  0.00036279093  0.00088222657  -0.0021134519  -0.0048891531  -0.00060028298  
-0.00046714368  -0.0021226857  -0.00069290921  -0.0013394052  -0.00066375071  -0.99975260  0.0014703762  0.017425169  0.00046276364  -0.0043342842  0.00089753246  -0.00046714368  -0.0021226857  -0.00069290921  -0.0013394052  -0.00066375071  -0.99975260  0.0014703762  0.017425169  0.00046276364  -0.0043342842  0.00089753246  
0.00055743009  0.00084843379  0.0021227626  0.0033117874  0.00036604455  0.0021278316  0.99907774  0.040333166  0.0055685111  0.0017442585  -0.00044981046  0.00055743009  0.00084843379  0.0021227626  0.0033117874  0.00036604455  0.0021278316  0.99907774  0.040333166  0.0055685111  0.0017442585  -0.00044981046  
0.0026797520  -0.00038595006  5.8935629e-05  -0.0015100885  0.00080849569  0.017344528  -0.040358441  0.99898083  0.00038212742  0.0020471391  7.0598124e-05  0.0026797520  -0.00038595006  5.8935629e-05  -0.0015100885  0.00080849569  0.017344528  -0.040358441  0.99898083  0.00038212742  0.0020471391  7.0598124e-05  
-0.00017168679  -0.0013003904  -0.0017969948  0.0028548879  0.0021805969  -0.00037588373  0.0055821950  0.00063713397  -0.99982136  -0.014146119  0.0065123201  -0.00017168679  -0.0013003904  -0.0017969948  0.0028548879  0.0021805969  -0.00037588373  0.0055821950  0.00063713397  -0.99982136  -0.014146119  0.0065123201  
2.2901607e-05  0.00052350500  -0.0016491920  -0.0012770728  0.0048878761  0.0043726507  0.0015721985  0.0020363262  0.014176612  -0.99983896  0.00090161846  2.2901607e-05  0.00052350500  -0.0016491920  -0.0012770728  0.0048878761  0.0043726507  0.0015721985  0.0020363262  0.014176612  -0.99983896  0.00090161846  
-6.8153875e-05  -0.0014567644  -0.00064095404  0.00029995760  0.00060571890  -0.00089702129  -0.00040419532  6.5807310e-05  -0.0064998552  -0.00099343840  -0.99991703  -6.8153875e-05  -0.0014567644  -0.00064095404  0.00029995760  0.00060571890  -0.00089702129  -0.00040419532  6.5807310e-05  -0.0064998552  -0.00099343840  -0.99991703  
-0.99995357  -0.0024423061  0.0047174987  0.00033382008  0.0019678752  0.00049004145  0.00040419748  0.0026875734  0.00016678428  -5.5807602e-06  6.5131044e-05  -0.99995357  -0.0024423061  0.0047174987  0.00033382008  0.0019678752  0.00049004145  0.00040419748  0.0026875734  0.00016678428  -5.5807602e-06  6.5131044e-05  
0.0024386397  -0.99979233  0.0090476692  -0.0021424812  -0.0015142633  0.0021444317  0.00083946321  -0.00038843653  0.0012787835  -0.00051426925  0.0014308212  0.0024386397  -0.99979233  0.0090476692  -0.0021424812  -0.0015142633  0.0021444317  0.00083946321  -0.00038843653  0.0012787835  -0.00051426925  0.0014308212  
0.0046960145  0.0090441751  0.99902479  -0.040249216  0.00010471582  -0.00068625120  -0.0019394710  -0.00020084232  -0.0019094915  -0.0015994739  -0.00066988454  0.0046960145  0.0090441751  0.99902479  -0.040249216  0.00010471582  -0.00068625120  -0.0019394710  -0.00020084232  -0.0019094915  -0.0015994739  -0.00066988454  
0.00053826880  -0.0018480400  0.040220593  0.99910216  0.00077227564  -0.0013574766  -0.0034478409  0.0014122513  0.0027999036  -0.0012793076  0.00027640448  0.00053826880  -0.0018480400  0.040220593  0.99910216  0.00077227564  -0.0013574766  -0.0034478409  0.0014122513  0.0027999036  -0.0012793076  0.00027640448  
-0.0019588920  0.0014899728  6.2083122e-05  0.00073217996  -0.99993093  0.00069895224  0.00036279093  0.00088222657  -0.0021134519  -0.0048891531  -0.00060028298  -0.0019588920  0.0014899728  6.2083122e-05  0.00073217996  -0.99993093  0.00069895224  0.00036279093  0.00088222657  -0.0021134519  -0.0048891531  -0.00060028298  
-0.00046714368  -0.0021226857  -0.00069290921  -0.0013394052  -0.00066375071  -0.99975260  0.0014703762  0.017425169  0.00046276364  -0.0043342842  0.00089753246  -0.00046714368  -0.0021226857  -0.00069290921  -0.0013394052  -0.00066375071  -0.99975260  0.0014703762  0.017425169  0.00046276364  -0.0043342842  0.00089753246  
0.00055743009  0.00084843379  0.0021227626  0.0033117874  0.00036604455  0.0021278316  0.99907774  0.040333166  0.0055685111  0.0017442585  -0.00044981046  0.00055743009  0.00084843379  0.0021227626  0.0033117874  0.00036604455  0.0021278316  0.99907774  0.040333166  0.0055685111  0.0017442585  -0.00044981046  
0.0026797520  -0.00038595006  5.8935629e-05  -0.0015100885  0.00080849569  0.017344528  -0.040358441  0.99898083  0.00038212742  0.0020471391  7.0598124e-05  0.0026797520  -0.00038595006  5.8935629e-05  -0.0015100885  0.00080849569  0.017344528  -0.040358441  0.99898083  0.00038212742  0.0020471391  7.0598124e-05  
-0.00017168679  -0.0013003904  -0.0017969948  0.0028548879  0.0021805969  -0.00037588373  0.0055821950  0.00063713397  -0.99982136  -0.014146119  0.0065123201  -0.00017168679  -0.0013003904  -0.0017969948  0.0028548879  0.0021805969  -0.00037588373  0.0055821950  0.00063713397  -0.99982136  -0.014146119  0.0065123201  
2.2901607e-05  0.00052350500  -0.0016491920  -0.0012770728  0.0048878761  0.0043726507  0.0015721985  0.0020363262  0.014176612  -0.99983896  0.00090161846  2.2901607e-05  0.00052350500  -0.0016491920  -0.0012770728  0.0048878761  0.0043726507  0.0015721985  0.0020363262  0.014176612  -0.99983896  0.00090161846  
-6.8153875e-05  -0.0014567644  -0.00064095404  0.00029995760  0.00060571890  -0.00089702129  -0.00040419532  6.5807310e-05  -0.0064998552  -0.00099343840  -0.99991703  -6.8153875e-05  -0.0014567644  -0.00064095404  0.00029995760  0.00060571890  -0.00089702129  -0.00040419532  6.5807310e-05  -0.0064998552  -0.00099343840  -0.99991703  
