-3.5137044e-18  4.8767922e-17  6.8321678e-18  -9.6942921e-19  1.9194825e-17  1.1604351e-19  1.6464626e-17  -1.9530992e-17  4.1225094e-17  1.4538579e-17  2.2107560e-18  -3.5137044e-18  4.8767922e-17  6.8321678e-18  -9.6942921e-19  1.9194825e-17  1.1604351e-19  1.6464626e-17  -1.9530992e-17  4.1225094e-17  1.4538579e-17  2.2107560e-18  
9.8759806e-17  -6.8486849e-18  -1.3218796e-17  2.8642419e-18  3.3452931e-17  -6.8817192e-18  -1.5266922e-17  -1.0203941e-17  -1.0084457e-17  -3.1110991e-18  3.4227754e-17  9.8759806e-17  -6.8486849e-18  -1.3218796e-17  2.8642419e-18  3.3452931e-17  -6.8817192e-18  -1.5266922e-17  -1.0203941e-17  -1.0084457e-17  -3.1110991e-18  3.4227754e-17  
3.5787142e-18  8.7532385e-18  5.8047168e-18  1.6921177e-17  -1.1387087e-17  -6.6195625e-18  -8.2331602e-18  7.5528340e-18  2.4376920e-17  1.4265094e-18  -6.4391445e-18  3.5787142e-18  8.7532385e-18  5.8047168e-18  1.6921177e-17  -1.1387087e-17  -6.6195625e-18  -8.2331602e-18  7.5528340e-18  2.4376920e-17  1.4265094e-18  -6.4391445e-18  
5.0805036e-18  1.2145182e-17  4.2944570e-18  1.5498585e-18  -3.8894694e-18  4.4892746e-19  -9.6748103e-18  -7.8181141e-19  -3.9510911e-17  2.9717092e-17  3.8963516e-19  5.0805036e-18  1.2145182e-17  4.2944570e-18  1.5498585e-18  -3.8894694e-18  4.4892746e-19  -9.6748103e-18  -7.8181141e-19  -3.9510911e-17  2.9717092e-17  3.8963516e-19  
-1.2226179e-17  3.7800963e-17  2.7650967e-17  -7.3559518e-18  1.0397581e-17  9.4291708e-18  -7.1473699e-19  -2.7917518e-17  3.1026340e-17  -6.4486987e-17  3.9324881e-17  -1.2226179e-17  3.7800963e-17  2.7650967e-17  -7.3559518e-18  1.0397581e-17  9.4291708e-18  -7.1473699e-19  -2.7917518e-17  3.1026340e-17  -6.4486987e-17  3.9324881e-17  
-3.3118988e-19  -3.3131694e-18  -3.0459305e-18  3.0908232e-18  -2.8761004e-18  -4.9090324e-18  5.2363577e-18  1.1618645e-17  -1.9078358e-18  -1.6620533e-17  5.0935532e-17  -3.3118988e-19  -3.3131694e-18  -3.0459305e-18  3.0908232e-18  -2.8761004e-18  -4.9090324e-18  5.2363577e-18  1.1618645e-17  -1.9078358e-18  -1.6620533e-17  5.0935532e-17  
3.1297867e-17  -3.7039904e-17  -1.9220872e-17  -1.3942162e-18  -1.9080582e-17  -8.1992789e-18  -5.7898937e-18  -1.7080737e-17  -1.8202738e-17  -4.5389002e-17  -9.2258829e-18  3.1297867e-17  -3.7039904e-17  -1.9220872e-17  -1.3942162e-18  -1.9080582e-17  -8.1992789e-18  -5.7898937e-18  -1.7080737e-17  -1.8202738e-17  -4.5389002e-17  -9.2258829e-18  
-1.0316014e-17  3.6959436e-17  5.3678595e-18  2.6804358e-18  -1.8824169e-17  -1.8645313e-19  -2.3314158e-17  -3.0054747e-18  7.8769035e-18  -1.4567273e-17  -1.2202463e-17  -1.0316014e-17  3.6959436e-17  5.3678595e-18  2.6804358e-18  -1.8824169e-17  -1.8645313e-19  -2.3314158e-17  -3.0054747e-18  7.8769035e-18  -1.4567273e-17  -1.2202463e-17  
-1.0420199e-17  1.8125446e-18  -5.1658369e-17  3.0951431e-17  -4.1906637e-17  1.1882919e-17  6.4827667e-18  -1.1372264e-17  -6.3474796e-18  -9.2369340e-17  -5.6775560e-17  -1.0420199e-17  1.8125446e-18  -5.1658369e-17  3.0951431e-17  -4.1906637e-17  1.1882919e-17  6.4827667e-18  -1.1372264e-17  -6.3474796e-18  -9.2369340e-17  -5.6775560e-17  
8.2907585e-18  1.0615017e-17  8.0556010e-18  -3.2655873e-17  -5.3858722e-17  5.4158228e-18  2.9610366e-17  -8.6421316e-18  9.6285782e-17  6.0919801e-18  9.4421833e-17  8.2907585e-18  1.0615017e-17  8.0556010e-18  -3.2655873e-17  -5.3858722e-17  5.4158228e-18  2.9610366e-17  -8.6421316e-18  9.6285782e-17  6.0919801e-18  9.4421833e-17  
-2.1367253e-17  7.2929537e-18  -4.0047718e-18  4.5757567e-17  8.5341746e-18  -5.8349982e-18  -1.4132745e-18  3.5619747e-17  3.2637979e-16  1.3384603e-16  9.8809702e-19  -2.1367253e-17  7.2929537e-18  -4.0047718e-18  4.5757567e-17  8.5341746e-18  -5.8349982e-18  -1.4132745e-18  3.5619747e-17  3.2637979e-16  1.3384603e-16  9.8809702e-19  
-3.5137044e-18  4.8767922e-17  6.8321678e-18  -9.6942921e-19  1.9194825e-17  1.1604351e-19  1.6464626e-17  -1.9530992e-17  4.1225094e-17  1.4538579e-17  2.2107560e-18  -3.5137044e-18  4.8767922e-17  6.8321678e-18  -9.6942921e-19  1.9194825e-17  1.1604351e-19  1.6464626e-17  -1.9530992e-17  4.1225094e-17  1.4538579e-17  2.2107560e-18  
9.8759806e-17  -6.8486849e-18  -1.3218796e-17  2.8642419e-18  3.3452931e-17  -6.8817192e-18  -1.5266922e-17  -1.0203941e-17  -1.0084457e-17  -3.1110991e-18  3.4227754e-17  9.8759806e-17  -6.8486849e-18  -1.3218796e-17  2.8642419e-18  3.3452931e-17  -6.8817192e-18  -1.5266922e-17  -1.0203941e-17  -1.0084457e-17  -3.1110991e-18  3.4227754e-17  
3.5787142e-18  8.7532385e-18  5.8047168e-18  1.6921177e-17  -1.1387087e-17  -6.6195625e-18  -8.2331602e-18  7.5528340e-18  2.4376920e-17  1.4265094e-18  -6.4391445e-18  3.5787142e-18  8.7532385e-18  5.8047168e-18  1.6921177e-17  -1.1387087e-17  -6.6195625e-18  -8.2331602e-18  7.5528340e-18  2.4376920e-17  1.4265094e-18  -6.4391445e-18  
5.0805036e-18  1.2145182e-17  4.2944570e-18  1.5498585e-18  -3.8894694e-18  4.4892746e-19  -9.6748103e-18  -7.8181141e-19  -3.9510911e-17  2.9717092e-17  3.8963516e-19  5.0805036e-18  1.2145182e-17  4.2944570e-18  1.5498585e-18  -3.8894694e-18  4.4892746e-19  -9.6748103e-18  -7.8181141e-19  -3.9510911e-17  2.9717092e-17  3.8963516e-19  
-1.2226179e-17  3.7800963e-17  2.7650967e-17  -7.3559518e-18  1.0397581e-17  9.4291708e-18  -7.1473699e-19  -2.7917518e-17  3.1026340e-17  -6.4486987e-17  3.9324881e-17  -1.2226179e-17  3.7800963e-17  2.7650967e-17  -7.3559518e-18  1.0397581e-17  9.4291708e-18  -7.1473699e-19  -2.7917518e-17  3.1026340e-17  -6.4486987e-17  3.9324881e-17  
-3.3118988e-19  -3.3131694e-18  -3.0459305e-18  3.0908232e-18  -2.8761004e-18  -4.9090324e-18  5.2363577e-18  1.1618645e-17  -1.9078358e-18  -1.6620533e-17  5.0935532e-17  -3.3118988e-19  -3.3131694e-18  -3.0459305e-18  3.0908232e-18  -2.8761004e-18  -4.9090324e-18  5.2363577e-18  1.1618645e-17  -1.9078358e-18  -1.6620533e-17  5.0935532e-17  
3.1297867e-17  -3.7039904e-17  -1.9220872e-17  -1.3942162e-18  -1.9080582e-17  -8.1992789e-18  -5.7898937e-18  -1.7080737e-17  -1.8202738e-17  -4.5389002e-17  -9.2258829e-18  3.1297867e-17  -3.7039904e-17  -1.9220872e-17  -1.3942162e-18  -1.9080582e-17  -8.1992789e-18  -5.7898937e-18  -1.7080737e-17  -1.8202738e-17  -4.5389002e-17  -9.2258829e-18  
-1.0316014e-17  3.6959436e-17  5.3678595e-18  2.6804358e-18  -1.8824169e-17  -1.8645313e-19  -2.3314158e-17  -3.0054747e-18  7.8769035e-18  -1.4567273e-17  -1.2202463e-17  -1.0316014e-17  3.6959436e-17  5.3678595e-18  2.6804358e-18  -1.8824169e-17  -1.8645313e-19  -2.3314158e-17  -3.0054747e-18  7.8769035e-18  -1.4567273e-17  -1.2202463e-17  
-1.0420199e-17  1.8125446e-18  -5.1658369e-17  3.0951431e-17  -4.1906637e-17  1.1882919e-17  6.4827667e-18  -1.1372264e-17  -6.3474796e-18  -9.2369340e-17  -5.6775560e-17  -1.0420199e-17  1.8125446e-18  -5.1658369e-17  3.0951431e-17  -4.1906637e-17  1.1882919e-17  6.4827667e-18  -1.1372264e-17  -6.3474796e-18  -9.2369340e-17  -5.6775560e-17  
8.2907585e-18  1.0615017e-17  8.0556010e-18  -3.2655873e-17  -5.3858722e-17  5.4158228e-18  2.9610366e-17  -8.6421316e-18  9.6285782e-17  6.0919801e-18  9.4421833e-17  8.2907585e-18  1.0615017e-17  8.0556010e-18  -3.2655873e-17  -5.3858722e-17  5.4158228e-18  2.9610366e-17  -8.6421316e-18  9.6285782e-17  6.0919801e-18  9.4421833e-17  
-2.1367253e-17  7.2929537e-18  -4.0047718e-18  4.5757567e-17  8.5341746e-18  -5.8349982e-18  -1.4132745e-18  3.5619747e-17  3.2637979e-16  1.3384603e-16  9.8809702e-19  -2.1367253e-17  7.2929537e-18  -4.0047718e-18  4.5757567e-17  8.5341746e-18  -5.8349982e-18  -1.4132745e-18  3.5619747e-17  3.2637979e-16  1.3384603e-16  9.8809702e-19  
