-0.99979718  -0.0048118037  -0.0050969886  0.0049433338  -0.0012961465  0.0040792444  -0.00026478525  0.00040931945  0.00054708230  0.00020062660  -0.0012212283  -0.99979718  -0.0048118037  -0.0050969886  0.0049433338  -0.0012961465  0.0040792444  -0.00026478525  0.00040931945  0.00054708230  0.00020062660  -0.0012212283  
0.0048292457  -0.99982328  -0.00083149245  -0.0012243179  -0.0026252395  0.00093558232  -0.0071014538  0.0014004318  0.00064168907  0.00094772597  0.00039183725  0.0048292457  -0.99982328  -0.00083149245  -0.0012243179  -0.0026252395  0.00093558232  -0.0071014538  0.0014004318  0.00064168907  0.00094772597  0.00039183725  
-0.0054234208  -0.00086752665  0.99850021  -0.047193627  0.0048817238  -0.0019962134  0.00012815345  0.0029149104  -0.0047803163  -0.0022911693  -0.00082681090  -0.0054234208  -0.00086752665  0.99850021  -0.047193627  0.0048817238  -0.0019962134  0.00012815345  0.0029149104  -0.0047803163  -0.0022911693  -0.00082681090  
-0.0048142489  0.0012607308  -0.047320713  -0.99857963  -0.0058322501  0.00090736644  -0.0031075398  -0.0010145092  -0.0010754759  0.0028557736  0.00018755927  -0.0048142489  0.0012607308  -0.047320713  -0.99857963  -0.0058322501  0.00090736644  -0.0031075398  -0.0010145092  -0.0010754759  0.0028557736  0.00018755927  
0.0013532447  0.0025943066  0.0052747652  0.0057433118  -0.99979692  0.00084962310  0.0013127439  -0.0031907906  0.0013049179  0.0080526062  -0.0028051399  0.0013532447  0.0025943066  0.0052747652  0.0057433118  -0.99979692  0.00084962310  0.0013127439  -0.0031907906  0.0013049179  0.0080526062  -0.0028051399  
-0.0040462893  -0.0011124445  -0.0020101640  -0.00086073661  -0.00080428399  -0.99959989  0.019483450  -0.017669620  -0.0019897090  -0.0013877645  0.00027745080  -0.0040462893  -0.0011124445  -0.0020101640  -0.00086073661  -0.00080428399  -0.99959989  0.019483450  -0.017669620  -0.0019897090  -0.0013877645  0.00027745080  
-0.00020418768  -0.0069705864  -0.00035963537  -0.0030635701  0.0012064531  0.018856596  0.99901593  0.034008654  -0.00059231282  0.0033921617  -0.00055208610  -0.00020418768  -0.0069705864  -0.00035963537  -0.0030635701  0.0012064531  0.018856596  0.99901593  0.034008654  -0.00059231282  0.0033921617  -0.00055208610  
0.00040083474  0.0016060828  -0.0028333053  -0.00072844068  -0.0031093862  -0.018326031  -0.033648024  0.99911647  0.0085315679  0.0023528142  0.0023055286  0.00040083474  0.0016060828  -0.0028333053  -0.00072844068  -0.0031093862  -0.018326031  -0.033648024  0.99911647  0.0085315679  0.0023528142  0.0023055286  
0.00049798332  0.00064460349  0.0047271392  -0.0012579646  0.0015366463  -0.0018756285  0.00083067956  -0.0084790437  0.99967886  0.018265953  -0.010158725  0.00049798332  0.00064460349  0.0047271392  -0.0012579646  0.0015366463  -0.0018756285  0.00083067956  -0.0084790437  0.99967886  0.018265953  -0.010158725  
0.00023190275  0.00097547661  0.0023415815  0.0027881301  0.0082150034  -0.0013829031  -0.0032957495  -0.0023628219  -0.018361283  0.99968184  -0.0041123965  0.00023190275  0.00097547661  0.0023415815  0.0027881301  0.0082150034  -0.0013829031  -0.0032957495  -0.0023628219  -0.018361283  0.99968184  -0.0041123965  
-0.0012275577  0.00039050582  0.00077938666  0.00020135898  -0.0027827504  0.00029772673  0.00061159247  -0.0023587548  0.010031345  0.0043398670  0.99978390  -0.0012275577  0.00039050582  0.00077938666  0.00020135898  -0.0027827504  0.00029772673  0.00061159247  -0.0023587548  0.010031345  0.0043398670  0.99978390  
-0.99979718  -0.0048118037  -0.0050969886  0.0049433338  -0.0012961465  0.0040792444  -0.00026478525  0.00040931945  0.00054708230  0.00020062660  -0.0012212283  -0.99979718  -0.0048118037  -0.0050969886  0.0049433338  -0.0012961465  0.0040792444  -0.00026478525  0.00040931945  0.00054708230  0.00020062660  -0.0012212283  
0.0048292457  -0.99982328  -0.00083149245  -0.0012243179  -0.0026252395  0.00093558232  -0.0071014538  0.0014004318  0.00064168907  0.00094772597  0.00039183725  0.0048292457  -0.99982328  -0.00083149245  -0.0012243179  -0.0026252395  0.00093558232  -0.0071014538  0.0014004318  0.00064168907  0.00094772597  0.00039183725  
-0.0054234208  -0.00086752665  0.99850021  -0.047193627  0.0048817238  -0.0019962134  0.00012815345  0.0029149104  -0.0047803163  -0.0022911693  -0.00082681090  -0.0054234208  -0.00086752665  0.99850021  -0.047193627  0.0048817238  -0.0019962134  0.00012815345  0.0029149104  -0.0047803163  -0.0022911693  -0.00082681090  
-0.0048142489  0.0012607308  -0.047320713  -0.99857963  -0.0058322501  0.00090736644  -0.0031075398  -0.0010145092  -0.0010754759  0.0028557736  0.00018755927  -0.0048142489  0.0012607308  -0.047320713  -0.99857963  -0.0058322501  0.00090736644  -0.0031075398  -0.0010145092  -0.0010754759  0.0028557736  0.00018755927  
0.0013532447  0.0025943066  0.0052747652  0.0057433118  -0.99979692  0.00084962310  0.0013127439  -0.0031907906  0.0013049179  0.0080526062  -0.0028051399  0.0013532447  0.0025943066  0.0052747652  0.0057433118  -0.99979692  0.00084962310  0.0013127439  -0.0031907906  0.0013049179  0.0080526062  -0.0028051399  
-0.0040462893  -0.0011124445  -0.0020101640  -0.00086073661  -0.00080428399  -0.99959989  0.019483450  -0.017669620  -0.0019897090  -0.0013877645  0.00027745080  -0.0040462893  -0.0011124445  -0.0020101640  -0.00086073661  -0.00080428399  -0.99959989  0.019483450  -0.017669620  -0.0019897090  -0.0013877645  0.00027745080  
-0.00020418768  -0.0069705864  -0.00035963537  -0.0030635701  0.0012064531  0.018856596  0.99901593  0.034008654  -0.00059231282  0.0033921617  -0.00055208610  -0.00020418768  -0.0069705864  -0.00035963537  -0.0030635701  0.0012064531  0.018856596  0.99901593  0.034008654  -0.00059231282  0.0033921617  -0.00055208610  
0.00040083474  0.0016060828  -0.0028333053  -0.00072844068  -0.0031093862  -0.018326031  -0.033648024  0.99911647  0.0085315679  0.0023528142  0.0023055286  0.00040083474  0.0016060828  -0.0028333053  -0.00072844068  -0.0031093862  -0.018326031  -0.033648024  0.99911647  0.0085315679  0.0023528142  0.0023055286  
0.00049798332  0.00064460349  0.0047271392  -0.0012579646  0.0015366463  -0.0018756285  0.00083067956  -0.0084790437  0.99967886  0.018265953  -0.010158725  0.00049798332  0.00064460349  0.0047271392  -0.0012579646  0.0015366463  -0.0018756285  0.00083067956  -0.0084790437  0.99967886  0.018265953  -0.010158725  
0.00023190275  0.00097547661  0.0023415815  0.0027881301  0.0082150034  -0.0013829031  -0.0032957495  -0.0023628219  -0.018361283  0.99968184  -0.0041123965  0.00023190275  0.00097547661  0.0023415815  0.0027881301  0.0082150034  -0.0013829031  -0.0032957495  -0.0023628219  -0.018361283  0.99968184  -0.0041123965  
-0.0012275577  0.00039050582  0.00077938666  0.00020135898  -0.0027827504  0.00029772673  0.00061159247  -0.0023587548  0.010031345  0.0043398670  0.99978390  -0.0012275577  0.00039050582  0.00077938666  0.00020135898  -0.0027827504  0.00029772673  0.00061159247  -0.0023587548  0.010031345  0.0043398670  0.99978390  
