-0.99723008  0.070530937  0.0010232121  -0.0028788426  0.0055394716  -0.0073153585  -0.014254050  0.0071657392  0.0018261774  -0.00015380580  0.00065629019  -0.99723008  0.070530937  0.0010232121  -0.0028788426  0.0055394716  -0.0073153585  -0.014254050  0.0071657392  0.0018261774  -0.00015380580  0.00065629019  
-0.070462350  -0.99718697  0.0019171117  -0.0047614280  -0.0019487330  0.013586614  -0.011044201  -0.0017440831  0.00042295429  -3.7492756e-05  0.0017499864  -0.070462350  -0.99718697  0.0019171117  -0.0047614280  -0.0019487330  0.013586614  -0.011044201  -0.0017440831  0.00042295429  -3.7492756e-05  0.0017499864  
0.0010635425  0.0017074355  0.99946076  0.028272319  -0.0011757761  0.00067724602  -0.00062911881  -0.00013605566  0.00065217661  -0.0023585979  -0.0030058943  0.0010635425  0.0017074355  0.99946076  0.028272319  -0.0011757761  0.00067724602  -0.00062911881  -0.00013605566  0.00065217661  -0.0023585979  -0.0030058943  
0.0031709557  0.0045530276  0.028270380  -0.99942647  -0.0033164384  -0.0027050123  0.0036688857  0.00019664384  -0.0013466623  0.00082972644  -0.00051826854  0.0031709557  0.0045530276  0.028270380  -0.99942647  -0.0033164384  -0.0027050123  0.0036688857  0.00019664384  -0.0013466623  0.00082972644  -0.00051826854  
0.0074057891  -0.0043736088  0.0013243024  -0.0028765857  0.97787618  -0.19770993  -0.064137450  -0.012617036  -0.0018660735  0.0011082556  -0.00029868458  0.0074057891  -0.0043736088  0.0013243024  -0.0028765857  0.97787618  -0.19770993  -0.064137450  -0.012617036  -0.0018660735  0.0011082556  -0.00029868458  
0.0036891412  -0.014534858  0.00043206415  0.0036070958  -0.18946365  -0.97482671  0.11160567  0.027963507  0.0019070426  6.5574139e-05  0.00080651718  0.0036891412  -0.014534858  0.00043206415  0.0036070958  -0.18946365  -0.97482671  0.11160567  0.027963507  0.0019070426  6.5574139e-05  0.00080651718  
-0.015400755  -0.0086650290  0.00062578239  0.0030436681  0.084062260  0.096196327  0.99077493  -0.032980250  -0.010800801  0.00050319152  0.00019492758  -0.015400755  -0.0086650290  0.00062578239  0.0030436681  0.084062260  0.096196327  0.99077493  -0.032980250  -0.010800801  0.00050319152  0.00019492758  
-0.0065564825  0.0021459349  -0.00011881887  -0.00022005271  -0.019999919  -0.027953005  -0.028839818  -0.99846508  -0.0014544860  0.0060241782  -0.00057996853  -0.0065564825  0.0021459349  -0.00011881887  -0.00022005271  -0.019999919  -0.027953005  -0.028839818  -0.99846508  -0.0014544860  0.0060241782  -0.00057996853  
-0.0017102799  -0.00021076500  0.00062671907  0.0013252858  -0.0029982048  -0.0024626178  -0.010371365  0.0020733105  -0.99967079  0.014888477  -0.0014693607  -0.0017102799  -0.00021076500  0.00062671907  0.0013252858  -0.0029982048  -0.0024626178  -0.010371365  0.0020733105  -0.99967079  0.014888477  -0.0014693607  
0.00011540253  2.5577284e-05  -0.0022977491  -0.00085907641  0.00096321815  -0.00043076449  0.00010817011  -0.0060137332  -0.014910443  -0.99971620  0.0043857376  0.00011540253  2.5577284e-05  -0.0022977491  -0.00085907641  0.00096321815  -0.00043076449  0.00010817011  -0.0060137332  -0.014910443  -0.99971620  0.0043857376  
-0.00075893489  -0.0017161134  -0.0027966763  0.00039618755  -0.00040381110  -0.00067490687  0.00032359057  0.00056730385  0.0014206984  -0.0043975888  -0.99974865  -0.00075893489  -0.0017161134  -0.0027966763  0.00039618755  -0.00040381110  -0.00067490687  0.00032359057  0.00056730385  0.0014206984  -0.0043975888  -0.99974865  
-0.99723008  0.070530937  0.0010232121  -0.0028788426  0.0055394716  -0.0073153585  -0.014254050  0.0071657392  0.0018261774  -0.00015380580  0.00065629019  -0.99723008  0.070530937  0.0010232121  -0.0028788426  0.0055394716  -0.0073153585  -0.014254050  0.0071657392  0.0018261774  -0.00015380580  0.00065629019  
-0.070462350  -0.99718697  0.0019171117  -0.0047614280  -0.0019487330  0.013586614  -0.011044201  -0.0017440831  0.00042295429  -3.7492756e-05  0.0017499864  -0.070462350  -0.99718697  0.0019171117  -0.0047614280  -0.0019487330  0.013586614  -0.011044201  -0.0017440831  0.00042295429  -3.7492756e-05  0.0017499864  
0.0010635425  0.0017074355  0.99946076  0.028272319  -0.0011757761  0.00067724602  -0.00062911881  -0.00013605566  0.00065217661  -0.0023585979  -0.0030058943  0.0010635425  0.0017074355  0.99946076  0.028272319  -0.0011757761  0.00067724602  -0.00062911881  -0.00013605566  0.00065217661  -0.0023585979  -0.0030058943  
0.0031709557  0.0045530276  0.028270380  -0.99942647  -0.0033164384  -0.0027050123  0.0036688857  0.00019664384  -0.0013466623  0.00082972644  -0.00051826854  0.0031709557  0.0045530276  0.028270380  -0.99942647  -0.0033164384  -0.0027050123  0.0036688857  0.00019664384  -0.0013466623  0.00082972644  -0.00051826854  
0.0074057891  -0.0043736088  0.0013243024  -0.0028765857  0.97787618  -0.19770993  -0.064137450  -0.012617036  -0.0018660735  0.0011082556  -0.00029868458  0.0074057891  -0.0043736088  0.0013243024  -0.0028765857  0.97787618  -0.19770993  -0.064137450  -0.012617036  -0.0018660735  0.0011082556  -0.00029868458  
0.0036891412  -0.014534858  0.00043206415  0.0036070958  -0.18946365  -0.97482671  0.11160567  0.027963507  0.0019070426  6.5574139e-05  0.00080651718  0.0036891412  -0.014534858  0.00043206415  0.0036070958  -0.18946365  -0.97482671  0.11160567  0.027963507  0.0019070426  6.5574139e-05  0.00080651718  
-0.015400755  -0.0086650290  0.00062578239  0.0030436681  0.084062260  0.096196327  0.99077493  -0.032980250  -0.010800801  0.00050319152  0.00019492758  -0.015400755  -0.0086650290  0.00062578239  0.0030436681  0.084062260  0.096196327  0.99077493  -0.032980250  -0.010800801  0.00050319152  0.00019492758  
-0.0065564825  0.0021459349  -0.00011881887  -0.00022005271  -0.019999919  -0.027953005  -0.028839818  -0.99846508  -0.0014544860  0.0060241782  -0.00057996853  -0.0065564825  0.0021459349  -0.00011881887  -0.00022005271  -0.019999919  -0.027953005  -0.028839818  -0.99846508  -0.0014544860  0.0060241782  -0.00057996853  
-0.0017102799  -0.00021076500  0.00062671907  0.0013252858  -0.0029982048  -0.0024626178  -0.010371365  0.0020733105  -0.99967079  0.014888477  -0.0014693607  -0.0017102799  -0.00021076500  0.00062671907  0.0013252858  -0.0029982048  -0.0024626178  -0.010371365  0.0020733105  -0.99967079  0.014888477  -0.0014693607  
0.00011540253  2.5577284e-05  -0.0022977491  -0.00085907641  0.00096321815  -0.00043076449  0.00010817011  -0.0060137332  -0.014910443  -0.99971620  0.0043857376  0.00011540253  2.5577284e-05  -0.0022977491  -0.00085907641  0.00096321815  -0.00043076449  0.00010817011  -0.0060137332  -0.014910443  -0.99971620  0.0043857376  
-0.00075893489  -0.0017161134  -0.0027966763  0.00039618755  -0.00040381110  -0.00067490687  0.00032359057  0.00056730385  0.0014206984  -0.0043975888  -0.99974865  -0.00075893489  -0.0017161134  -0.0027966763  0.00039618755  -0.00040381110  -0.00067490687  0.00032359057  0.00056730385  0.0014206984  -0.0043975888  -0.99974865  
