-0.99143695  0.0079309170  0.0069869085  0.0018873429  0.0036671498  -0.0043036072  0.0080992096  0.0068454574  -0.0012246655  -4.8000855e-05  0.00061801983  -0.99143695  0.0079309170  0.0069869085  0.0018873429  0.0036671498  -0.0043036072  0.0080992096  0.0068454574  -0.0012246655  -4.8000855e-05  0.00061801983  
0.012054537  0.99925156  0.0068563581  -0.0057057048  -0.00075751360  -0.0020513462  0.0031630896  -0.0040845650  0.00076191376  0.0014093806  0.0020157590  0.012054537  0.99925156  0.0068563581  -0.0057057048  -0.00075751360  -0.0020513462  0.0031630896  -0.0040845650  0.00076191376  0.0014093806  0.0020157590  
-0.0059902465  0.0070080715  -0.99860196  0.044342847  0.014091494  -0.00024221388  0.0044128119  0.0015458384  -0.00089167149  -0.00091799209  5.3288226e-05  -0.0059902465  0.0070080715  -0.99860196  0.044342847  0.014091494  -0.00024221388  0.0044128119  0.0015458384  -0.00089167149  -0.00091799209  5.3288226e-05  
0.0026531956  0.0052255809  0.044227870  0.99865133  -0.010368825  -0.0016937835  0.0017990879  -0.0028418061  -0.00051365452  -0.00014235615  0.00067322709  0.0026531956  0.0052255809  0.044227870  0.99865133  -0.010368825  -0.0016937835  0.0017990879  -0.0028418061  -0.00051365452  -0.00014235615  0.00067322709  
0.0046383224  0.00056885135  0.014592445  0.0098089068  0.99961994  0.0031697193  -0.0037747862  0.013018906  -0.0043540606  -0.00040822985  -0.0022144983  0.0046383224  0.00056885135  0.014592445  0.0098089068  0.99961994  0.0031697193  -0.0037747862  0.013018906  -0.0043540606  -0.00040822985  -0.0022144983  
-0.0039469763  0.0019804607  -0.00019782730  0.0017531275  -0.0032810063  0.99977546  -0.012877524  0.0015558382  0.0045360786  -0.0059251954  0.00086746259  -0.0039469763  0.0019804607  -0.00019782730  0.0017531275  -0.0032810063  0.99977546  -0.012877524  0.0015558382  0.0045360786  -0.0059251954  0.00086746259  
-0.0076384732  0.0027819834  -0.0043973330  0.0017429353  -0.0027894535  -0.013009715  -0.99761091  -0.058753736  0.021637057  -0.0048036271  -0.00033953581  -0.0076384732  0.0027819834  -0.0043973330  0.0017429353  -0.0027894535  -0.013009715  -0.99761091  -0.058753736  0.021637057  -0.0048036271  -0.00033953581  
-0.0068094999  -0.0040867232  -0.0012634076  -0.0027479199  0.013422058  0.0023389554  0.058977599  -0.99796291  0.0035325471  0.0029399569  -0.0010974923  -0.0068094999  -0.0040867232  -0.0012634076  -0.0027479199  0.013422058  0.0023389554  0.058977599  -0.99796291  0.0035325471  0.0029399569  -0.0010974923  
0.0012094505  0.00074928259  0.00080880922  -0.00048381915  -0.0044127512  0.0042069057  -0.021462937  -0.0049481981  -0.99960710  -0.0092309388  -0.0017027081  0.0012094505  0.00074928259  0.00080880922  -0.00048381915  -0.0044127512  0.0042069057  -0.021462937  -0.0049481981  -0.99960710  -0.0092309388  -0.0017027081  
0.00028220836  0.0013428373  0.00088764706  -0.00022331045  -0.00037273185  -0.0059206322  0.0053111493  -0.0026588693  0.0090837060  -0.99983285  -0.0044530145  0.00028220836  0.0013428373  0.00088764706  -0.00022331045  -0.00037273185  -0.0059206322  0.0053111493  -0.0026588693  0.0090837060  -0.99983285  -0.0044530145  
0.00046527044  -0.0019258425  -5.4237243e-05  -0.00053668157  0.0021966106  -0.00087205297  -0.00025785244  -0.0011129601  -0.0016450364  -0.0044639175  0.99979158  0.00046527044  -0.0019258425  -5.4237243e-05  -0.00053668157  0.0021966106  -0.00087205297  -0.00025785244  -0.0011129601  -0.0016450364  -0.0044639175  0.99979158  
-0.99143695  0.0079309170  0.0069869085  0.0018873429  0.0036671498  -0.0043036072  0.0080992096  0.0068454574  -0.0012246655  -4.8000855e-05  0.00061801983  -0.99143695  0.0079309170  0.0069869085  0.0018873429  0.0036671498  -0.0043036072  0.0080992096  0.0068454574  -0.0012246655  -4.8000855e-05  0.00061801983  
0.012054537  0.99925156  0.0068563581  -0.0057057048  -0.00075751360  -0.0020513462  0.0031630896  -0.0040845650  0.00076191376  0.0014093806  0.0020157590  0.012054537  0.99925156  0.0068563581  -0.0057057048  -0.00075751360  -0.0020513462  0.0031630896  -0.0040845650  0.00076191376  0.0014093806  0.0020157590  
-0.0059902465  0.0070080715  -0.99860196  0.044342847  0.014091494  -0.00024221388  0.0044128119  0.0015458384  -0.00089167149  -0.00091799209  5.3288226e-05  -0.0059902465  0.0070080715  -0.99860196  0.044342847  0.014091494  -0.00024221388  0.0044128119  0.0015458384  -0.00089167149  -0.00091799209  5.3288226e-05  
0.0026531956  0.0052255809  0.044227870  0.99865133  -0.010368825  -0.0016937835  0.0017990879  -0.0028418061  -0.00051365452  -0.00014235615  0.00067322709  0.0026531956  0.0052255809  0.044227870  0.99865133  -0.010368825  -0.0016937835  0.0017990879  -0.0028418061  -0.00051365452  -0.00014235615  0.00067322709  
0.0046383224  0.00056885135  0.014592445  0.0098089068  0.99961994  0.0031697193  -0.0037747862  0.013018906  -0.0043540606  -0.00040822985  -0.0022144983  0.0046383224  0.00056885135  0.014592445  0.0098089068  0.99961994  0.0031697193  -0.0037747862  0.013018906  -0.0043540606  -0.00040822985  -0.0022144983  
-0.0039469763  0.0019804607  -0.00019782730  0.0017531275  -0.0032810063  0.99977546  -0.012877524  0.0015558382  0.0045360786  -0.0059251954  0.00086746259  -0.0039469763  0.0019804607  -0.00019782730  0.0017531275  -0.0032810063  0.99977546  -0.012877524  0.0015558382  0.0045360786  -0.0059251954  0.00086746259  
-0.0076384732  0.0027819834  -0.0043973330  0.0017429353  -0.0027894535  -0.013009715  -0.99761091  -0.058753736  0.021637057  -0.0048036271  -0.00033953581  -0.0076384732  0.0027819834  -0.0043973330  0.0017429353  -0.0027894535  -0.013009715  -0.99761091  -0.058753736  0.021637057  -0.0048036271  -0.00033953581  
-0.0068094999  -0.0040867232  -0.0012634076  -0.0027479199  0.013422058  0.0023389554  0.058977599  -0.99796291  0.0035325471  0.0029399569  -0.0010974923  -0.0068094999  -0.0040867232  -0.0012634076  -0.0027479199  0.013422058  0.0023389554  0.058977599  -0.99796291  0.0035325471  0.0029399569  -0.0010974923  
0.0012094505  0.00074928259  0.00080880922  -0.00048381915  -0.0044127512  0.0042069057  -0.021462937  -0.0049481981  -0.99960710  -0.0092309388  -0.0017027081  0.0012094505  0.00074928259  0.00080880922  -0.00048381915  -0.0044127512  0.0042069057  -0.021462937  -0.0049481981  -0.99960710  -0.0092309388  -0.0017027081  
0.00028220836  0.0013428373  0.00088764706  -0.00022331045  -0.00037273185  -0.0059206322  0.0053111493  -0.0026588693  0.0090837060  -0.99983285  -0.0044530145  0.00028220836  0.0013428373  0.00088764706  -0.00022331045  -0.00037273185  -0.0059206322  0.0053111493  -0.0026588693  0.0090837060  -0.99983285  -0.0044530145  
0.00046527044  -0.0019258425  -5.4237243e-05  -0.00053668157  0.0021966106  -0.00087205297  -0.00025785244  -0.0011129601  -0.0016450364  -0.0044639175  0.99979158  0.00046527044  -0.0019258425  -5.4237243e-05  -0.00053668157  0.0021966106  -0.00087205297  -0.00025785244  -0.0011129601  -0.0016450364  -0.0044639175  0.99979158  
