0.99871086  0.0062093448  -0.0071882039  0.0091135052  0.0023901007  0.0022338285  -0.0039114530  0.0048306172  0.00047711437  -0.00013125332  -0.00019908780  0.99871086  0.0062093448  -0.0071882039  0.0091135052  0.0023901007  0.0022338285  -0.0039114530  0.0048306172  0.00047711437  -0.00013125332  -0.00019908780  
-0.0057844130  0.99968017  0.0011746657  0.0076958728  -0.00097769232  0.0012636067  0.00019506335  0.0040990455  0.0011748473  -0.0013234436  -0.0021684691  -0.0057844130  0.99968017  0.0011746657  0.0076958728  -0.00097769232  0.0012636067  0.00019506335  0.0040990455  0.0011748473  -0.0013234436  -0.0021684691  
-0.0069258834  0.0013183804  -0.99954129  -0.021467311  -0.0062959202  -0.0019844367  0.0062200328  0.0016593116  -0.00016044126  -0.0023575603  0.00056121476  -0.0069258834  0.0013183804  -0.99954129  -0.021467311  -0.0062959202  -0.0019844367  0.0062200328  0.0016593116  -0.00016044126  -0.0023575603  0.00056121476  
0.0093144107  0.0076365945  0.021412310  -0.99952151  0.00034026537  -0.0019974156  -0.0035867008  0.0046049674  -0.0031812216  -0.0017007563  -0.00022776144  0.0093144107  0.0076365945  0.021412310  -0.99952151  0.00034026537  -0.0019974156  -0.0035867008  0.0046049674  -0.0031812216  -0.0017007563  -0.00022776144  
0.0025834508  -0.00090335414  0.0062144639  -0.00020331335  -0.99985765  -0.00074690449  -0.0011158037  -0.0058062595  -0.0054028513  0.0028227408  0.0033320310  0.0025834508  -0.00090335414  0.0062144639  -0.00020331335  -0.99985765  -0.00074690449  -0.0011158037  -0.0058062595  -0.0054028513  0.0028227408  0.0033320310  
-0.0023385440  -0.0014311332  -0.0018772243  -0.0020049805  -0.00091367216  0.99965924  0.0051999652  0.020463439  0.0038656929  -0.0075447399  -0.0017559458  -0.0023385440  -0.0014311332  -0.0018772243  -0.0020049805  -0.00091367216  0.99965924  0.0051999652  0.020463439  0.0038656929  -0.0075447399  -0.0017559458  
0.0042588447  0.00021936029  0.0061950329  -0.0036713134  -0.00059052887  -0.0038014952  0.99776618  -0.056922327  -0.019821384  0.0019677379  0.00088481114  0.0042588447  0.00021936029  0.0061950329  -0.0036713134  -0.00059052887  -0.0038014952  0.99776618  -0.056922327  -0.019821384  0.0019677379  0.00088481114  
0.0047522820  0.0041097870  -0.0020406496  -0.0044161429  0.0059004036  0.020732423  -0.056941920  -0.99795514  0.0055315081  0.0012308142  -0.0031164099  0.0047522820  0.0041097870  -0.0020406496  -0.0044161429  0.0059004036  0.020732423  -0.056941920  -0.99795514  0.0055315081  0.0012308142  -0.0031164099  
0.00045628350  0.0011790944  3.7963966e-06  0.0031384847  0.0054411458  0.0041464906  -0.020147756  -0.0042437690  -0.99962634  0.0069868368  0.0030635657  0.00045628350  0.0011790944  3.7963966e-06  0.0031384847  0.0054411458  0.0041464906  -0.020147756  -0.0042437690  -0.99962634  0.0069868368  0.0030635657  
8.7745457e-05  0.0013116371  -0.0022998833  -0.0018208463  0.0026379982  0.0074939092  -0.0017546710  0.0015595268  0.0070901624  0.99980761  -0.010793076  8.7745457e-05  0.0013116371  -0.0022998833  -0.0018208463  0.0026379982  0.0074939092  -0.0017546710  0.0015595268  0.0070901624  0.99980761  -0.010793076  
-0.00021300275  -0.0020949944  -0.00059557398  0.00012201430  -0.0033312535  -0.0018922640  0.0010187361  0.0029846721  -0.0031866280  -0.010768315  -0.99971203  -0.00021300275  -0.0020949944  -0.00059557398  0.00012201430  -0.0033312535  -0.0018922640  0.0010187361  0.0029846721  -0.0031866280  -0.010768315  -0.99971203  
0.99871086  0.0062093448  -0.0071882039  0.0091135052  0.0023901007  0.0022338285  -0.0039114530  0.0048306172  0.00047711437  -0.00013125332  -0.00019908780  0.99871086  0.0062093448  -0.0071882039  0.0091135052  0.0023901007  0.0022338285  -0.0039114530  0.0048306172  0.00047711437  -0.00013125332  -0.00019908780  
-0.0057844130  0.99968017  0.0011746657  0.0076958728  -0.00097769232  0.0012636067  0.00019506335  0.0040990455  0.0011748473  -0.0013234436  -0.0021684691  -0.0057844130  0.99968017  0.0011746657  0.0076958728  -0.00097769232  0.0012636067  0.00019506335  0.0040990455  0.0011748473  -0.0013234436  -0.0021684691  
-0.0069258834  0.0013183804  -0.99954129  -0.021467311  -0.0062959202  -0.0019844367  0.0062200328  0.0016593116  -0.00016044126  -0.0023575603  0.00056121476  -0.0069258834  0.0013183804  -0.99954129  -0.021467311  -0.0062959202  -0.0019844367  0.0062200328  0.0016593116  -0.00016044126  -0.0023575603  0.00056121476  
0.0093144107  0.0076365945  0.021412310  -0.99952151  0.00034026537  -0.0019974156  -0.0035867008  0.0046049674  -0.0031812216  -0.0017007563  -0.00022776144  0.0093144107  0.0076365945  0.021412310  -0.99952151  0.00034026537  -0.0019974156  -0.0035867008  0.0046049674  -0.0031812216  -0.0017007563  -0.00022776144  
0.0025834508  -0.00090335414  0.0062144639  -0.00020331335  -0.99985765  -0.00074690449  -0.0011158037  -0.0058062595  -0.0054028513  0.0028227408  0.0033320310  0.0025834508  -0.00090335414  0.0062144639  -0.00020331335  -0.99985765  -0.00074690449  -0.0011158037  -0.0058062595  -0.0054028513  0.0028227408  0.0033320310  
-0.0023385440  -0.0014311332  -0.0018772243  -0.0020049805  -0.00091367216  0.99965924  0.0051999652  0.020463439  0.0038656929  -0.0075447399  -0.0017559458  -0.0023385440  -0.0014311332  -0.0018772243  -0.0020049805  -0.00091367216  0.99965924  0.0051999652  0.020463439  0.0038656929  -0.0075447399  -0.0017559458  
0.0042588447  0.00021936029  0.0061950329  -0.0036713134  -0.00059052887  -0.0038014952  0.99776618  -0.056922327  -0.019821384  0.0019677379  0.00088481114  0.0042588447  0.00021936029  0.0061950329  -0.0036713134  -0.00059052887  -0.0038014952  0.99776618  -0.056922327  -0.019821384  0.0019677379  0.00088481114  
0.0047522820  0.0041097870  -0.0020406496  -0.0044161429  0.0059004036  0.020732423  -0.056941920  -0.99795514  0.0055315081  0.0012308142  -0.0031164099  0.0047522820  0.0041097870  -0.0020406496  -0.0044161429  0.0059004036  0.020732423  -0.056941920  -0.99795514  0.0055315081  0.0012308142  -0.0031164099  
0.00045628350  0.0011790944  3.7963966e-06  0.0031384847  0.0054411458  0.0041464906  -0.020147756  -0.0042437690  -0.99962634  0.0069868368  0.0030635657  0.00045628350  0.0011790944  3.7963966e-06  0.0031384847  0.0054411458  0.0041464906  -0.020147756  -0.0042437690  -0.99962634  0.0069868368  0.0030635657  
8.7745457e-05  0.0013116371  -0.0022998833  -0.0018208463  0.0026379982  0.0074939092  -0.0017546710  0.0015595268  0.0070901624  0.99980761  -0.010793076  8.7745457e-05  0.0013116371  -0.0022998833  -0.0018208463  0.0026379982  0.0074939092  -0.0017546710  0.0015595268  0.0070901624  0.99980761  -0.010793076  
-0.00021300275  -0.0020949944  -0.00059557398  0.00012201430  -0.0033312535  -0.0018922640  0.0010187361  0.0029846721  -0.0031866280  -0.010768315  -0.99971203  -0.00021300275  -0.0020949944  -0.00059557398  0.00012201430  -0.0033312535  -0.0018922640  0.0010187361  0.0029846721  -0.0031866280  -0.010768315  -0.99971203  
