-1.2668437e-18  -1.3940151e-17  3.3068166e-18  7.3958682e-18  -7.4041268e-18  -3.8811050e-17  3.6601141e-17  6.4874253e-18  1.0295685e-17  2.6414722e-18  -2.0415188e-17  -1.2668437e-18  -1.3940151e-17  3.3068166e-18  7.3958682e-18  -7.4041268e-18  -3.8811050e-17  3.6601141e-17  6.4874253e-18  1.0295685e-17  2.6414722e-18  -2.0415188e-17  
-6.0536439e-17  2.4878863e-19  5.4318105e-18  -1.0477877e-17  1.1245405e-17  -1.1444050e-17  2.8701473e-17  2.6437817e-18  -8.0871662e-18  -3.8583608e-18  -4.9539648e-18  -6.0536439e-17  2.4878863e-19  5.4318105e-18  -1.0477877e-17  1.1245405e-17  -1.1444050e-17  2.8701473e-17  2.6437817e-18  -8.0871662e-18  -3.8583608e-18  -4.9539648e-18  
-1.6178329e-18  -4.3312765e-18  3.2659473e-18  -1.2464090e-17  -4.7106679e-18  -2.8638184e-18  4.4570874e-18  2.7604804e-18  -5.9355834e-18  -3.4517334e-17  2.2276967e-18  -1.6178329e-18  -4.3312765e-18  3.2659473e-18  -1.2464090e-17  -4.7106679e-18  -2.8638184e-18  4.4570874e-18  2.7604804e-18  -5.9355834e-18  -3.4517334e-17  2.2276967e-18  
3.1234340e-18  -1.5524526e-18  2.3678806e-18  5.1543808e-18  6.6950543e-18  2.0349967e-18  -6.0393449e-19  -5.9940287e-18  1.2921488e-17  -1.1831568e-17  -3.5764272e-17  3.1234340e-18  -1.5524526e-18  2.3678806e-18  5.1543808e-18  6.6950543e-18  2.0349967e-18  -6.0393449e-19  -5.9940287e-18  1.2921488e-17  -1.1831568e-17  -3.5764272e-17  
5.8384922e-18  4.5384009e-18  2.9694858e-18  7.6684010e-18  -4.2851082e-18  -4.3147858e-18  1.0543707e-17  5.9355960e-17  -8.0695241e-18  -2.8706463e-17  1.9072561e-17  5.8384922e-18  4.5384009e-18  2.9694858e-18  7.6684010e-18  -4.2851082e-18  -4.3147858e-18  1.0543707e-17  5.9355960e-17  -8.0695241e-18  -2.8706463e-17  1.9072561e-17  
-2.6089462e-17  2.1815254e-17  1.5475292e-17  2.1883096e-18  5.4494923e-18  4.2479496e-18  -2.0718426e-18  5.4987261e-18  2.2233027e-18  4.3513035e-17  1.2355670e-17  -2.6089462e-17  2.1815254e-17  1.5475292e-17  2.1883096e-18  5.4494923e-18  4.2479496e-18  -2.0718426e-18  5.4987261e-18  2.2233027e-18  4.3513035e-17  1.2355670e-17  
1.6275738e-17  -5.3179905e-18  5.7217076e-18  -2.1861920e-18  -1.7365499e-18  7.5800978e-18  2.2004328e-18  4.6068004e-18  -4.8026768e-18  -3.2043256e-18  3.0547502e-17  1.6275738e-17  -5.3179905e-18  5.7217076e-18  -2.1861920e-18  -1.7365499e-18  7.5800978e-18  2.2004328e-18  4.6068004e-18  -4.8026768e-18  -3.2043256e-18  3.0547502e-17  
7.8096438e-19  -1.2130021e-17  -1.3696523e-18  3.1772206e-18  -2.4381049e-18  -2.6725795e-17  -1.8807308e-18  1.9616621e-18  -1.0342272e-18  -2.3229402e-17  1.0226070e-17  7.8096438e-19  -1.2130021e-17  -1.3696523e-18  3.1772206e-18  -2.4381049e-18  -2.6725795e-17  -1.8807308e-18  1.9616621e-18  -1.0342272e-18  -2.3229402e-17  1.0226070e-17  
2.2016080e-17  -3.5337950e-18  1.0807293e-17  -8.0982703e-18  -3.4462171e-17  9.6388114e-18  6.5945750e-18  2.5050999e-18  -2.3038237e-18  -2.3757633e-17  2.8241201e-16  2.2016080e-17  -3.5337950e-18  1.0807293e-17  -8.0982703e-18  -3.4462171e-17  9.6388114e-18  6.5945750e-18  2.5050999e-18  -2.3038237e-18  -2.3757633e-17  2.8241201e-16  
-4.7457138e-18  -1.7889786e-17  7.3746924e-18  2.5813329e-18  1.8514843e-17  2.2053191e-17  4.9458254e-18  2.9678870e-17  -7.5214805e-17  6.5520480e-19  -1.3175979e-16  -4.7457138e-18  -1.7889786e-17  7.3746924e-18  2.5813329e-18  1.8514843e-17  2.2053191e-17  4.9458254e-18  2.9678870e-17  -7.5214805e-17  6.5520480e-19  -1.3175979e-16  
2.2127889e-17  -1.2595089e-17  2.2005916e-18  -1.3920563e-17  8.1541215e-18  1.9372067e-17  -4.9401714e-17  -1.7216792e-17  -1.4462113e-16  -2.2137386e-16  2.1366538e-18  2.2127889e-17  -1.2595089e-17  2.2005916e-18  -1.3920563e-17  8.1541215e-18  1.9372067e-17  -4.9401714e-17  -1.7216792e-17  -1.4462113e-16  -2.2137386e-16  2.1366538e-18  
-1.2668437e-18  -1.3940151e-17  3.3068166e-18  7.3958682e-18  -7.4041268e-18  -3.8811050e-17  3.6601141e-17  6.4874253e-18  1.0295685e-17  2.6414722e-18  -2.0415188e-17  -1.2668437e-18  -1.3940151e-17  3.3068166e-18  7.3958682e-18  -7.4041268e-18  -3.8811050e-17  3.6601141e-17  6.4874253e-18  1.0295685e-17  2.6414722e-18  -2.0415188e-17  
-6.0536439e-17  2.4878863e-19  5.4318105e-18  -1.0477877e-17  1.1245405e-17  -1.1444050e-17  2.8701473e-17  2.6437817e-18  -8.0871662e-18  -3.8583608e-18  -4.9539648e-18  -6.0536439e-17  2.4878863e-19  5.4318105e-18  -1.0477877e-17  1.1245405e-17  -1.1444050e-17  2.8701473e-17  2.6437817e-18  -8.0871662e-18  -3.8583608e-18  -4.9539648e-18  
-1.6178329e-18  -4.3312765e-18  3.2659473e-18  -1.2464090e-17  -4.7106679e-18  -2.8638184e-18  4.4570874e-18  2.7604804e-18  -5.9355834e-18  -3.4517334e-17  2.2276967e-18  -1.6178329e-18  -4.3312765e-18  3.2659473e-18  -1.2464090e-17  -4.7106679e-18  -2.8638184e-18  4.4570874e-18  2.7604804e-18  -5.9355834e-18  -3.4517334e-17  2.2276967e-18  
3.1234340e-18  -1.5524526e-18  2.3678806e-18  5.1543808e-18  6.6950543e-18  2.0349967e-18  -6.0393449e-19  -5.9940287e-18  1.2921488e-17  -1.1831568e-17  -3.5764272e-17  3.1234340e-18  -1.5524526e-18  2.3678806e-18  5.1543808e-18  6.6950543e-18  2.0349967e-18  -6.0393449e-19  -5.9940287e-18  1.2921488e-17  -1.1831568e-17  -3.5764272e-17  
5.8384922e-18  4.5384009e-18  2.9694858e-18  7.6684010e-18  -4.2851082e-18  -4.3147858e-18  1.0543707e-17  5.9355960e-17  -8.0695241e-18  -2.8706463e-17  1.9072561e-17  5.8384922e-18  4.5384009e-18  2.9694858e-18  7.6684010e-18  -4.2851082e-18  -4.3147858e-18  1.0543707e-17  5.9355960e-17  -8.0695241e-18  -2.8706463e-17  1.9072561e-17  
-2.6089462e-17  2.1815254e-17  1.5475292e-17  2.1883096e-18  5.4494923e-18  4.2479496e-18  -2.0718426e-18  5.4987261e-18  2.2233027e-18  4.3513035e-17  1.2355670e-17  -2.6089462e-17  2.1815254e-17  1.5475292e-17  2.1883096e-18  5.4494923e-18  4.2479496e-18  -2.0718426e-18  5.4987261e-18  2.2233027e-18  4.3513035e-17  1.2355670e-17  
1.6275738e-17  -5.3179905e-18  5.7217076e-18  -2.1861920e-18  -1.7365499e-18  7.5800978e-18  2.2004328e-18  4.6068004e-18  -4.8026768e-18  -3.2043256e-18  3.0547502e-17  1.6275738e-17  -5.3179905e-18  5.7217076e-18  -2.1861920e-18  -1.7365499e-18  7.5800978e-18  2.2004328e-18  4.6068004e-18  -4.8026768e-18  -3.2043256e-18  3.0547502e-17  
7.8096438e-19  -1.2130021e-17  -1.3696523e-18  3.1772206e-18  -2.4381049e-18  -2.6725795e-17  -1.8807308e-18  1.9616621e-18  -1.0342272e-18  -2.3229402e-17  1.0226070e-17  7.8096438e-19  -1.2130021e-17  -1.3696523e-18  3.1772206e-18  -2.4381049e-18  -2.6725795e-17  -1.8807308e-18  1.9616621e-18  -1.0342272e-18  -2.3229402e-17  1.0226070e-17  
2.2016080e-17  -3.5337950e-18  1.0807293e-17  -8.0982703e-18  -3.4462171e-17  9.6388114e-18  6.5945750e-18  2.5050999e-18  -2.3038237e-18  -2.3757633e-17  2.8241201e-16  2.2016080e-17  -3.5337950e-18  1.0807293e-17  -8.0982703e-18  -3.4462171e-17  9.6388114e-18  6.5945750e-18  2.5050999e-18  -2.3038237e-18  -2.3757633e-17  2.8241201e-16  
-4.7457138e-18  -1.7889786e-17  7.3746924e-18  2.5813329e-18  1.8514843e-17  2.2053191e-17  4.9458254e-18  2.9678870e-17  -7.5214805e-17  6.5520480e-19  -1.3175979e-16  -4.7457138e-18  -1.7889786e-17  7.3746924e-18  2.5813329e-18  1.8514843e-17  2.2053191e-17  4.9458254e-18  2.9678870e-17  -7.5214805e-17  6.5520480e-19  -1.3175979e-16  
2.2127889e-17  -1.2595089e-17  2.2005916e-18  -1.3920563e-17  8.1541215e-18  1.9372067e-17  -4.9401714e-17  -1.7216792e-17  -1.4462113e-16  -2.2137386e-16  2.1366538e-18  2.2127889e-17  -1.2595089e-17  2.2005916e-18  -1.3920563e-17  8.1541215e-18  1.9372067e-17  -4.9401714e-17  -1.7216792e-17  -1.4462113e-16  -2.2137386e-16  2.1366538e-18  
