0.99867995  0.0038669011  0.0073319185  -0.0087734700  -0.0025166973  0.0031114264  0.0070707738  0.0047268464  0.00094272453  0.00018497979  -0.00012050439  0.99867995  0.0038669011  0.0073319185  -0.0087734700  -0.0025166973  0.0031114264  0.0070707738  0.0047268464  0.00094272453  0.00018497979  -0.00012050439  
0.0045879396  -0.99961237  0.0018846290  -0.0064961957  0.00087085143  -0.00011230685  -0.0021487393  0.0041709487  0.00052706568  0.00058723212  0.0016636023  0.0045879396  -0.99961237  0.0018846290  -0.0064961957  0.00087085143  -0.00011230685  -0.0021487393  0.0041709487  0.00052706568  0.00058723212  0.0016636023  
0.0070703745  -0.0015795256  -0.99921161  -0.032177958  -0.0099309788  0.0011087416  0.0049863374  -0.00050392469  0.00045277780  -0.00091902501  -0.00014771684  0.0070703745  -0.0015795256  -0.99921161  -0.032177958  -0.0099309788  0.0011087416  0.0049863374  -0.00050392469  0.00045277780  -0.00091902501  -0.00014771684  
-0.0092462910  0.0063445684  0.032066400  -0.99921841  0.0036401807  0.0025275615  -0.0011806710  -0.0041435115  0.0025322610  -0.0011556731  -0.00049673663  -0.0092462910  0.0063445684  0.032066400  -0.99921841  0.0036401807  0.0025275615  -0.0011806710  -0.0041435115  0.0025322610  -0.0011556731  -0.00049673663  
-0.0028995167  -0.00086446437  0.0099588485  -0.0032993674  -0.99981945  0.00053429580  -0.00051992975  0.0067356076  0.0031618942  0.0029675073  0.0034473018  -0.0028995167  -0.00086446437  0.0099588485  -0.0032993674  -0.99981945  0.00053429580  -0.00051992975  0.0067356076  0.0031618942  0.0029675073  0.0034473018  
-0.0032038232  -6.7379535e-06  0.0010854411  0.0025408087  0.00064774323  0.99971745  0.0097664030  0.014230428  0.0048673160  0.0083447580  0.0011550491  -0.0032038232  -6.7379535e-06  0.0010854411  0.0025408087  0.00064774323  0.99971745  0.0097664030  0.014230428  0.0048673160  0.0083447580  0.0011550491  
0.0072037822  0.0018157038  -0.0049759130  0.0011844788  2.7246315e-05  0.010692455  -0.99816529  -0.047086677  -0.024342272  -0.0036663915  -0.00038515650  0.0072037822  0.0018157038  -0.0049759130  0.0011844788  2.7246315e-05  0.010692455  -0.99816529  -0.047086677  -0.024342272  -0.0036663915  -0.00038515650  
-0.0046688372  0.0042009642  -0.00076376718  -0.0040353947  0.0068673583  -0.013766041  -0.047352241  0.99855497  -0.0043783929  0.0015714868  -0.0025400701  -0.0046688372  0.0042009642  -0.00076376718  -0.0040353947  0.0068673583  -0.013766041  -0.047352241  0.99855497  -0.0043783929  0.0015714868  -0.0025400701  
-0.00084471398  0.00056073663  0.00027981485  0.0024793426  0.0031932052  -0.0047542636  -0.024660265  0.0030844976  0.99956235  0.0062643766  0.0041290882  -0.00084471398  0.00056073663  0.00027981485  0.0024793426  0.0031932052  -0.0047542636  -0.024660265  0.0030844976  0.99956235  0.0062643766  0.0041290882  
0.00011103198  -0.00057565019  0.00086351310  0.0012411608  -0.0028330723  0.0082643595  0.0035774720  0.0018791433  0.0064214057  -0.99983113  0.0076584850  0.00011103198  -0.00057565019  0.00086351310  0.0012411608  -0.0028330723  0.0082643595  0.0035774720  0.0018791433  0.0064214057  -0.99983113  0.0076584850  
-9.9832326e-05  -0.0015966833  0.00010626666  0.00041049895  -0.0034386612  0.0012268904  0.00045907785  -0.0024519515  0.0041935615  -0.0076263524  -0.99976038  -9.9832326e-05  -0.0015966833  0.00010626666  0.00041049895  -0.0034386612  0.0012268904  0.00045907785  -0.0024519515  0.0041935615  -0.0076263524  -0.99976038  
0.99867995  0.0038669011  0.0073319185  -0.0087734700  -0.0025166973  0.0031114264  0.0070707738  0.0047268464  0.00094272453  0.00018497979  -0.00012050439  0.99867995  0.0038669011  0.0073319185  -0.0087734700  -0.0025166973  0.0031114264  0.0070707738  0.0047268464  0.00094272453  0.00018497979  -0.00012050439  
0.0045879396  -0.99961237  0.0018846290  -0.0064961957  0.00087085143  -0.00011230685  -0.0021487393  0.0041709487  0.00052706568  0.00058723212  0.0016636023  0.0045879396  -0.99961237  0.0018846290  -0.0064961957  0.00087085143  -0.00011230685  -0.0021487393  0.0041709487  0.00052706568  0.00058723212  0.0016636023  
0.0070703745  -0.0015795256  -0.99921161  -0.032177958  -0.0099309788  0.0011087416  0.0049863374  -0.00050392469  0.00045277780  -0.00091902501  -0.00014771684  0.0070703745  -0.0015795256  -0.99921161  -0.032177958  -0.0099309788  0.0011087416  0.0049863374  -0.00050392469  0.00045277780  -0.00091902501  -0.00014771684  
-0.0092462910  0.0063445684  0.032066400  -0.99921841  0.0036401807  0.0025275615  -0.0011806710  -0.0041435115  0.0025322610  -0.0011556731  -0.00049673663  -0.0092462910  0.0063445684  0.032066400  -0.99921841  0.0036401807  0.0025275615  -0.0011806710  -0.0041435115  0.0025322610  -0.0011556731  -0.00049673663  
-0.0028995167  -0.00086446437  0.0099588485  -0.0032993674  -0.99981945  0.00053429580  -0.00051992975  0.0067356076  0.0031618942  0.0029675073  0.0034473018  -0.0028995167  -0.00086446437  0.0099588485  -0.0032993674  -0.99981945  0.00053429580  -0.00051992975  0.0067356076  0.0031618942  0.0029675073  0.0034473018  
-0.0032038232  -6.7379535e-06  0.0010854411  0.0025408087  0.00064774323  0.99971745  0.0097664030  0.014230428  0.0048673160  0.0083447580  0.0011550491  -0.0032038232  -6.7379535e-06  0.0010854411  0.0025408087  0.00064774323  0.99971745  0.0097664030  0.014230428  0.0048673160  0.0083447580  0.0011550491  
0.0072037822  0.0018157038  -0.0049759130  0.0011844788  2.7246315e-05  0.010692455  -0.99816529  -0.047086677  -0.024342272  -0.0036663915  -0.00038515650  0.0072037822  0.0018157038  -0.0049759130  0.0011844788  2.7246315e-05  0.010692455  -0.99816529  -0.047086677  -0.024342272  -0.0036663915  -0.00038515650  
-0.0046688372  0.0042009642  -0.00076376718  -0.0040353947  0.0068673583  -0.013766041  -0.047352241  0.99855497  -0.0043783929  0.0015714868  -0.0025400701  -0.0046688372  0.0042009642  -0.00076376718  -0.0040353947  0.0068673583  -0.013766041  -0.047352241  0.99855497  -0.0043783929  0.0015714868  -0.0025400701  
-0.00084471398  0.00056073663  0.00027981485  0.0024793426  0.0031932052  -0.0047542636  -0.024660265  0.0030844976  0.99956235  0.0062643766  0.0041290882  -0.00084471398  0.00056073663  0.00027981485  0.0024793426  0.0031932052  -0.0047542636  -0.024660265  0.0030844976  0.99956235  0.0062643766  0.0041290882  
0.00011103198  -0.00057565019  0.00086351310  0.0012411608  -0.0028330723  0.0082643595  0.0035774720  0.0018791433  0.0064214057  -0.99983113  0.0076584850  0.00011103198  -0.00057565019  0.00086351310  0.0012411608  -0.0028330723  0.0082643595  0.0035774720  0.0018791433  0.0064214057  -0.99983113  0.0076584850  
-9.9832326e-05  -0.0015966833  0.00010626666  0.00041049895  -0.0034386612  0.0012268904  0.00045907785  -0.0024519515  0.0041935615  -0.0076263524  -0.99976038  -9.9832326e-05  -0.0015966833  0.00010626666  0.00041049895  -0.0034386612  0.0012268904  0.00045907785  -0.0024519515  0.0041935615  -0.0076263524  -0.99976038  
