-8.6111487e-19  7.3183647e-19  -1.6582788e-18  -4.7042357e-18  -1.6798781e-17  -7.8769829e-18  -4.9281436e-18  -4.5492975e-17  -8.9580087e-18  3.7582852e-18  1.1911613e-17  -8.6111487e-19  7.3183647e-19  -1.6582788e-18  -4.7042357e-18  -1.6798781e-17  -7.8769829e-18  -4.9281436e-18  -4.5492975e-17  -8.9580087e-18  3.7582852e-18  1.1911613e-17  
-2.6007088e-17  6.5761520e-19  6.5124128e-18  2.0757336e-18  -1.5726225e-17  1.7067714e-18  -4.6821864e-18  -2.0510903e-18  4.2194946e-18  -8.0891646e-19  6.8997186e-18  -2.6007088e-17  6.5761520e-19  6.5124128e-18  2.0757336e-18  -1.5726225e-17  1.7067714e-18  -4.6821864e-18  -2.0510903e-18  4.2194946e-18  -8.0891646e-19  6.8997186e-18  
1.7510289e-18  -3.3292630e-18  -2.2315612e-18  -1.0406064e-18  3.1297867e-18  -1.9964567e-18  4.1792606e-18  -8.6639824e-18  -9.4274767e-19  1.0487115e-17  3.7438856e-19  1.7510289e-18  -3.3292630e-18  -2.2315612e-18  -1.0406064e-18  3.1297867e-18  -1.9964567e-18  4.1792606e-18  -8.6639824e-18  -9.4274767e-19  1.0487115e-17  3.7438856e-19  
-3.0649358e-18  3.0120756e-18  2.9270282e-19  -1.2044296e-18  1.7492024e-18  4.7533636e-18  -3.5634345e-18  1.3629157e-18  2.1122639e-17  -2.8007674e-18  -1.5718470e-17  -3.0649358e-18  3.0120756e-18  2.9270282e-19  -1.2044296e-18  1.7492024e-18  4.7533636e-18  -3.5634345e-18  1.3629157e-18  2.1122639e-17  -2.8007674e-18  -1.5718470e-17  
1.4042536e-17  -8.9336565e-18  4.3723841e-18  2.3447990e-18  1.5767717e-18  3.6255128e-18  4.4805925e-18  -5.8970963e-18  4.1312391e-17  5.0531868e-18  -9.0479001e-18  1.4042536e-17  -8.9336565e-18  4.3723841e-18  2.3447990e-18  1.5767717e-18  3.6255128e-18  4.4805925e-18  -5.8970963e-18  4.1312391e-17  5.0531868e-18  -9.0479001e-18  
-3.7871690e-17  1.4958602e-18  3.4279423e-18  2.0487080e-18  -5.0796566e-18  -4.9413785e-19  2.6330019e-18  1.7676307e-17  8.9176687e-18  1.1145895e-17  -2.1952976e-18  -3.7871690e-17  1.4958602e-18  3.4279423e-18  2.0487080e-18  -5.0796566e-18  -4.9413785e-19  2.6330019e-18  1.7676307e-17  8.9176687e-18  1.1145895e-17  -2.1952976e-18  
1.3198044e-17  3.1005641e-18  -1.6455733e-18  2.1175758e-18  -3.0764237e-18  7.3738453e-18  5.8776146e-19  -5.2369400e-18  -1.0831751e-17  3.1772206e-18  -2.2890536e-17  1.3198044e-17  3.1005641e-18  -1.6455733e-18  2.1175758e-18  -3.0764237e-18  7.3738453e-18  5.8776146e-19  -5.2369400e-18  -1.0831751e-17  3.1772206e-18  -2.2890536e-17  
1.9231407e-17  6.6210448e-18  5.2031116e-18  -4.0590613e-18  2.6046395e-17  -1.1281844e-17  -1.0109709e-17  1.5029872e-18  4.8342500e-17  -1.9915227e-17  -6.9898535e-17  1.9231407e-17  6.6210448e-18  5.2031116e-18  -4.0590613e-18  2.6046395e-17  -1.1281844e-17  -1.0109709e-17  1.5029872e-18  4.8342500e-17  -1.9915227e-17  -6.9898535e-17  
1.6871626e-17  6.8155447e-18  -7.7392342e-18  -5.0812845e-18  -1.1351671e-17  -1.0160372e-17  -1.0779235e-17  4.0576769e-17  9.6044470e-18  3.1888196e-17  1.0145456e-16  1.6871626e-17  6.8155447e-18  -7.7392342e-18  -5.0812845e-18  -1.1351671e-17  -1.0160372e-17  -1.0779235e-17  4.0576769e-17  9.6044470e-18  3.1888196e-17  1.0145456e-16  
1.1499319e-17  -1.7304883e-18  1.5111915e-17  7.7808976e-18  8.6956402e-18  -2.4174109e-17  7.0769603e-19  -7.2626722e-18  -1.1806686e-16  8.7141823e-18  5.1692938e-17  1.1499319e-17  -1.7304883e-18  1.5111915e-17  7.7808976e-18  8.6956402e-18  -2.4174109e-17  7.0769603e-19  -7.2626722e-18  -1.1806686e-16  8.7141823e-18  5.1692938e-17  
-9.3013747e-18  5.4167757e-19  3.0471057e-17  -2.6056322e-18  8.4809174e-19  1.9366350e-18  8.2956289e-20  -1.2095630e-17  -9.3647063e-17  1.9697921e-16  -3.6701673e-19  -9.3013747e-18  5.4167757e-19  3.0471057e-17  -2.6056322e-18  8.4809174e-19  1.9366350e-18  8.2956289e-20  -1.2095630e-17  -9.3647063e-17  1.9697921e-16  -3.6701673e-19  
-8.6111487e-19  7.3183647e-19  -1.6582788e-18  -4.7042357e-18  -1.6798781e-17  -7.8769829e-18  -4.9281436e-18  -4.5492975e-17  -8.9580087e-18  3.7582852e-18  1.1911613e-17  -8.6111487e-19  7.3183647e-19  -1.6582788e-18  -4.7042357e-18  -1.6798781e-17  -7.8769829e-18  -4.9281436e-18  -4.5492975e-17  -8.9580087e-18  3.7582852e-18  1.1911613e-17  
-2.6007088e-17  6.5761520e-19  6.5124128e-18  2.0757336e-18  -1.5726225e-17  1.7067714e-18  -4.6821864e-18  -2.0510903e-18  4.2194946e-18  -8.0891646e-19  6.8997186e-18  -2.6007088e-17  6.5761520e-19  6.5124128e-18  2.0757336e-18  -1.5726225e-17  1.7067714e-18  -4.6821864e-18  -2.0510903e-18  4.2194946e-18  -8.0891646e-19  6.8997186e-18  
1.7510289e-18  -3.3292630e-18  -2.2315612e-18  -1.0406064e-18  3.1297867e-18  -1.9964567e-18  4.1792606e-18  -8.6639824e-18  -9.4274767e-19  1.0487115e-17  3.7438856e-19  1.7510289e-18  -3.3292630e-18  -2.2315612e-18  -1.0406064e-18  3.1297867e-18  -1.9964567e-18  4.1792606e-18  -8.6639824e-18  -9.4274767e-19  1.0487115e-17  3.7438856e-19  
-3.0649358e-18  3.0120756e-18  2.9270282e-19  -1.2044296e-18  1.7492024e-18  4.7533636e-18  -3.5634345e-18  1.3629157e-18  2.1122639e-17  -2.8007674e-18  -1.5718470e-17  -3.0649358e-18  3.0120756e-18  2.9270282e-19  -1.2044296e-18  1.7492024e-18  4.7533636e-18  -3.5634345e-18  1.3629157e-18  2.1122639e-17  -2.8007674e-18  -1.5718470e-17  
1.4042536e-17  -8.9336565e-18  4.3723841e-18  2.3447990e-18  1.5767717e-18  3.6255128e-18  4.4805925e-18  -5.8970963e-18  4.1312391e-17  5.0531868e-18  -9.0479001e-18  1.4042536e-17  -8.9336565e-18  4.3723841e-18  2.3447990e-18  1.5767717e-18  3.6255128e-18  4.4805925e-18  -5.8970963e-18  4.1312391e-17  5.0531868e-18  -9.0479001e-18  
-3.7871690e-17  1.4958602e-18  3.4279423e-18  2.0487080e-18  -5.0796566e-18  -4.9413785e-19  2.6330019e-18  1.7676307e-17  8.9176687e-18  1.1145895e-17  -2.1952976e-18  -3.7871690e-17  1.4958602e-18  3.4279423e-18  2.0487080e-18  -5.0796566e-18  -4.9413785e-19  2.6330019e-18  1.7676307e-17  8.9176687e-18  1.1145895e-17  -2.1952976e-18  
1.3198044e-17  3.1005641e-18  -1.6455733e-18  2.1175758e-18  -3.0764237e-18  7.3738453e-18  5.8776146e-19  -5.2369400e-18  -1.0831751e-17  3.1772206e-18  -2.2890536e-17  1.3198044e-17  3.1005641e-18  -1.6455733e-18  2.1175758e-18  -3.0764237e-18  7.3738453e-18  5.8776146e-19  -5.2369400e-18  -1.0831751e-17  3.1772206e-18  -2.2890536e-17  
1.9231407e-17  6.6210448e-18  5.2031116e-18  -4.0590613e-18  2.6046395e-17  -1.1281844e-17  -1.0109709e-17  1.5029872e-18  4.8342500e-17  -1.9915227e-17  -6.9898535e-17  1.9231407e-17  6.6210448e-18  5.2031116e-18  -4.0590613e-18  2.6046395e-17  -1.1281844e-17  -1.0109709e-17  1.5029872e-18  4.8342500e-17  -1.9915227e-17  -6.9898535e-17  
1.6871626e-17  6.8155447e-18  -7.7392342e-18  -5.0812845e-18  -1.1351671e-17  -1.0160372e-17  -1.0779235e-17  4.0576769e-17  9.6044470e-18  3.1888196e-17  1.0145456e-16  1.6871626e-17  6.8155447e-18  -7.7392342e-18  -5.0812845e-18  -1.1351671e-17  -1.0160372e-17  -1.0779235e-17  4.0576769e-17  9.6044470e-18  3.1888196e-17  1.0145456e-16  
1.1499319e-17  -1.7304883e-18  1.5111915e-17  7.7808976e-18  8.6956402e-18  -2.4174109e-17  7.0769603e-19  -7.2626722e-18  -1.1806686e-16  8.7141823e-18  5.1692938e-17  1.1499319e-17  -1.7304883e-18  1.5111915e-17  7.7808976e-18  8.6956402e-18  -2.4174109e-17  7.0769603e-19  -7.2626722e-18  -1.1806686e-16  8.7141823e-18  5.1692938e-17  
-9.3013747e-18  5.4167757e-19  3.0471057e-17  -2.6056322e-18  8.4809174e-19  1.9366350e-18  8.2956289e-20  -1.2095630e-17  -9.3647063e-17  1.9697921e-16  -3.6701673e-19  -9.3013747e-18  5.4167757e-19  3.0471057e-17  -2.6056322e-18  8.4809174e-19  1.9366350e-18  8.2956289e-20  -1.2095630e-17  -9.3647063e-17  1.9697921e-16  -3.6701673e-19  
