0.98998626  -0.13936964  -0.00013827248  0.0018659826  -0.0082248118  -0.0034791574  -0.0099954340  -0.0079292017  -0.00014786784  -0.00086305377  -0.00029105315  0.98998626  -0.13936964  -0.00013827248  0.0018659826  -0.0082248118  -0.0034791574  -0.0099954340  -0.0079292017  -0.00014786784  -0.00086305377  -0.00029105315  
0.13921836  0.98997651  -0.0013741813  0.0029283725  0.0038392351  -0.010663190  -0.0078813988  0.00041269414  0.00023270456  0.0014540504  -0.0017560433  0.13921836  0.98997651  -0.0013741813  0.0029283725  0.0038392351  -0.010663190  -0.0078813988  0.00041269414  0.00023270456  0.0014540504  -0.0017560433  
0.0019601728  0.0019322341  -0.34059530  -0.94003937  0.00058837657  -0.0071542769  -0.0014396966  -0.00085755661  -0.0011474395  -0.00090593110  -5.7012245e-05  0.0019601728  0.0019322341  -0.34059530  -0.94003937  0.00058837657  -0.0071542769  -0.0014396966  -0.00085755661  -0.0011474395  -0.00090593110  -5.7012245e-05  
0.0011173234  0.0021443166  0.94006502  -0.34059562  -0.0015913997  -0.00061362637  0.0010664878  -0.00020145552  0.0020769081  0.0023928469  -0.0026086972  0.0011173234  0.0021443166  0.94006502  -0.34059562  -0.0015913997  -0.00061362637  0.0010664878  -0.00020145552  0.0020769081  0.0023928469  -0.0026086972  
0.0069624839  -0.0073851079  0.0020207673  0.0022936990  0.92450758  -0.35360909  0.13959740  0.017200162  0.0011788776  0.0055346911  0.00046577406  0.0069624839  -0.0073851079  0.0020207673  0.0022936990  0.92450758  -0.35360909  0.13959740  0.017200162  0.0011788776  0.0055346911  0.00046577406  
0.012114507  0.010641693  -0.0020219279  -0.0059210942  0.20508204  0.77334845  0.59907633  0.013366498  0.0089157838  0.00020456295  -0.00078645626  0.012114507  0.010641693  -0.0020219279  -0.0059210942  0.20508204  0.77334845  0.59907633  0.013366498  0.0089157838  0.00020456295  -0.00078645626  
0.0040345704  0.0011973979  -0.00074489077  0.0027910902  -0.32062975  -0.52528216  0.78640538  0.050031026  0.0082516176  -0.0045207903  0.00053368104  0.0040345704  0.0011973979  -0.00074489077  0.0027910902  -0.32062975  -0.52528216  0.78640538  0.050031026  0.0082516176  -0.0045207903  0.00053368104  
0.0073845635  -0.0015819074  -0.00010466336  -0.00089160336  -0.0029031761  0.021885442  -0.049854700  0.99809102  0.0044243121  0.0082435672  0.00028517684  0.0073845635  -0.0015819074  -0.00010466336  -0.00089160336  -0.0029031761  0.021885442  -0.049854700  0.99809102  0.0044243121  0.0082435672  0.00028517684  
-3.9136592e-05  -0.00038838893  -0.0023188287  -0.00036278871  -0.00029734644  -0.0022622574  -0.011763832  -0.0050596620  0.99977891  0.0052116425  0.0017790963  -3.9136592e-05  -0.00038838893  -0.0023188287  -0.00036278871  -0.00029734644  -0.0022622574  -0.011763832  -0.0050596620  0.99977891  0.0052116425  0.0017790963  
0.00059834813  -0.0015557041  -0.0025258348  1.5438467e-05  -0.0065680580  -0.00070772913  0.0030966552  -0.0080794363  -0.0052336572  0.99981300  0.0045213777  0.00059834813  -0.0015557041  -0.0025258348  1.5438467e-05  -0.0065680580  -0.00070772913  0.0030966552  -0.0080794363  -0.0052336572  0.99981300  0.0045213777  
-0.00051063819  -0.0017080101  -0.0022723183  0.00088601057  7.4938036e-05  -0.0010271425  -6.9036572e-06  0.00026395545  0.0017756130  0.0045029940  -0.99979819  -0.00051063819  -0.0017080101  -0.0022723183  0.00088601057  7.4938036e-05  -0.0010271425  -6.9036572e-06  0.00026395545  0.0017756130  0.0045029940  -0.99979819  
0.98998626  -0.13936964  -0.00013827248  0.0018659826  -0.0082248118  -0.0034791574  -0.0099954340  -0.0079292017  -0.00014786784  -0.00086305377  -0.00029105315  0.98998626  -0.13936964  -0.00013827248  0.0018659826  -0.0082248118  -0.0034791574  -0.0099954340  -0.0079292017  -0.00014786784  -0.00086305377  -0.00029105315  
0.13921836  0.98997651  -0.0013741813  0.0029283725  0.0038392351  -0.010663190  -0.0078813988  0.00041269414  0.00023270456  0.0014540504  -0.0017560433  0.13921836  0.98997651  -0.0013741813  0.0029283725  0.0038392351  -0.010663190  -0.0078813988  0.00041269414  0.00023270456  0.0014540504  -0.0017560433  
0.0019601728  0.0019322341  -0.34059530  -0.94003937  0.00058837657  -0.0071542769  -0.0014396966  -0.00085755661  -0.0011474395  -0.00090593110  -5.7012245e-05  0.0019601728  0.0019322341  -0.34059530  -0.94003937  0.00058837657  -0.0071542769  -0.0014396966  -0.00085755661  -0.0011474395  -0.00090593110  -5.7012245e-05  
0.0011173234  0.0021443166  0.94006502  -0.34059562  -0.0015913997  -0.00061362637  0.0010664878  -0.00020145552  0.0020769081  0.0023928469  -0.0026086972  0.0011173234  0.0021443166  0.94006502  -0.34059562  -0.0015913997  -0.00061362637  0.0010664878  -0.00020145552  0.0020769081  0.0023928469  -0.0026086972  
0.0069624839  -0.0073851079  0.0020207673  0.0022936990  0.92450758  -0.35360909  0.13959740  0.017200162  0.0011788776  0.0055346911  0.00046577406  0.0069624839  -0.0073851079  0.0020207673  0.0022936990  0.92450758  -0.35360909  0.13959740  0.017200162  0.0011788776  0.0055346911  0.00046577406  
0.012114507  0.010641693  -0.0020219279  -0.0059210942  0.20508204  0.77334845  0.59907633  0.013366498  0.0089157838  0.00020456295  -0.00078645626  0.012114507  0.010641693  -0.0020219279  -0.0059210942  0.20508204  0.77334845  0.59907633  0.013366498  0.0089157838  0.00020456295  -0.00078645626  
0.0040345704  0.0011973979  -0.00074489077  0.0027910902  -0.32062975  -0.52528216  0.78640538  0.050031026  0.0082516176  -0.0045207903  0.00053368104  0.0040345704  0.0011973979  -0.00074489077  0.0027910902  -0.32062975  -0.52528216  0.78640538  0.050031026  0.0082516176  -0.0045207903  0.00053368104  
0.0073845635  -0.0015819074  -0.00010466336  -0.00089160336  -0.0029031761  0.021885442  -0.049854700  0.99809102  0.0044243121  0.0082435672  0.00028517684  0.0073845635  -0.0015819074  -0.00010466336  -0.00089160336  -0.0029031761  0.021885442  -0.049854700  0.99809102  0.0044243121  0.0082435672  0.00028517684  
-3.9136592e-05  -0.00038838893  -0.0023188287  -0.00036278871  -0.00029734644  -0.0022622574  -0.011763832  -0.0050596620  0.99977891  0.0052116425  0.0017790963  -3.9136592e-05  -0.00038838893  -0.0023188287  -0.00036278871  -0.00029734644  -0.0022622574  -0.011763832  -0.0050596620  0.99977891  0.0052116425  0.0017790963  
0.00059834813  -0.0015557041  -0.0025258348  1.5438467e-05  -0.0065680580  -0.00070772913  0.0030966552  -0.0080794363  -0.0052336572  0.99981300  0.0045213777  0.00059834813  -0.0015557041  -0.0025258348  1.5438467e-05  -0.0065680580  -0.00070772913  0.0030966552  -0.0080794363  -0.0052336572  0.99981300  0.0045213777  
-0.00051063819  -0.0017080101  -0.0022723183  0.00088601057  7.4938036e-05  -0.0010271425  -6.9036572e-06  0.00026395545  0.0017756130  0.0045029940  -0.99979819  -0.00051063819  -0.0017080101  -0.0022723183  0.00088601057  7.4938036e-05  -0.0010271425  -6.9036572e-06  0.00026395545  0.0017756130  0.0045029940  -0.99979819  
