-0.99975752  -0.016789823  0.0038628483  0.00088943001  0.00079229979  -0.00022687568  -0.0049657244  0.0014817206  0.00050081524  0.00015489924  -0.00026623471  -0.99975752  -0.016789823  0.0038628483  0.00088943001  0.00079229979  -0.00022687568  -0.0049657244  0.0014817206  0.00050081524  0.00015489924  -0.00026623471  
-0.016872702  0.99969894  -0.0058396039  -0.00042269970  0.00064545648  -0.0012970709  -0.0012326651  0.00039011528  0.00034352697  -0.00049461073  -0.00039783775  -0.016872702  0.99969894  -0.0058396039  -0.00042269970  0.00064545648  -0.0012970709  -0.0012326651  0.00039011528  0.00034352697  -0.00049461073  -0.00039783775  
0.0036507846  0.0058198057  0.99981448  -0.0035408825  -0.0050913891  0.00023448200  -0.00082412709  -0.00078691644  9.6734625e-05  0.00055716494  0.00060824260  0.0036507846  0.0058198057  0.99981448  -0.0035408825  -0.0050913891  0.00023448200  -0.00082412709  -0.00078691644  9.6734625e-05  0.00055716494  0.00060824260  
-0.00093104706  -0.00048754829  -0.0035675813  -0.99990800  -0.0012957780  0.00088251911  -0.00034157650  -0.00025634661  0.0014055131  -0.00012210256  -0.00050557257  -0.00093104706  -0.00048754829  -0.0035675813  -0.99990800  -0.0012957780  0.00088251911  -0.00034157650  -0.00025634661  0.0014055131  -0.00012210256  -0.00050557257  
0.00081963345  -0.00059558827  0.0050944189  -0.0013543223  0.99992846  0.00011594932  -0.0014752720  -0.00041425400  -0.0020311428  -0.0026560814  0.00094160091  0.00081963345  -0.00059558827  0.0050944189  -0.0013543223  0.99992846  0.00011594932  -0.0014752720  -0.00041425400  -0.0020311428  -0.0026560814  0.00094160091  
0.00038450377  -0.0013776242  0.00018762785  -0.00086320373  3.9213696e-05  -0.99935897  -0.028989220  -0.015841156  0.0021973805  -0.0066260751  -0.00035519411  0.00038450377  -0.0013776242  0.00018762785  -0.00086320373  3.9213696e-05  -0.99935897  -0.028989220  -0.015841156  0.0021973805  -0.0066260751  -0.00035519411  
0.0049059147  -0.0010865957  -0.00086147431  0.00036517494  -0.0014963309  0.029234511  -0.99932514  -0.017086345  -0.0048671171  -0.0031148296  0.00057479593  0.0049059147  -0.0010865957  -0.00086147431  0.00036517494  -0.0014963309  0.029234511  -0.99932514  -0.017086345  -0.0048671171  -0.0031148296  0.00057479593  
-0.0015457949  0.00039213317  -0.00076384855  0.00030508447  -0.00029343888  0.015305234  0.017469975  -0.99962471  0.0052225070  0.0076619714  -0.00088405124  -0.0015457949  0.00039213317  -0.00076384855  0.00030508447  -0.00029343888  0.015305234  0.017469975  -0.99962471  0.0052225070  0.0076619714  -0.00088405124  
0.00056334551  -0.00031806533  -5.2835930e-05  0.0013740011  0.0020425411  0.0022217020  -0.0048993410  0.0052119521  0.99992128  0.0044505719  -0.0043662226  0.00056334551  -0.00031806533  -5.2835930e-05  0.0013740011  0.0020425411  0.0022217020  -0.0048993410  0.0052119521  0.99992128  0.0044505719  -0.0043662226  
-0.00015282676  -0.00045216920  0.00058094133  0.00010569258  -0.0026761840  0.0066580449  0.0034073742  -0.0074875478  0.0044642169  -0.99989355  -0.0032560365  -0.00015282676  -0.00045216920  0.00058094133  0.00010569258  -0.0026761840  0.0066580449  0.0034073742  -0.0074875478  0.0044642169  -0.99989355  -0.0032560365  
-0.00030354292  0.00038202338  -0.00064901205  -0.00052165460  -0.00094006773  -0.00036902487  0.00059688630  -0.00088552495  0.0043942166  -0.0032397315  0.99990659  -0.00030354292  0.00038202338  -0.00064901205  -0.00052165460  -0.00094006773  -0.00036902487  0.00059688630  -0.00088552495  0.0043942166  -0.0032397315  0.99990659  
-0.99975752  -0.016789823  0.0038628483  0.00088943001  0.00079229979  -0.00022687568  -0.0049657244  0.0014817206  0.00050081524  0.00015489924  -0.00026623471  -0.99975752  -0.016789823  0.0038628483  0.00088943001  0.00079229979  -0.00022687568  -0.0049657244  0.0014817206  0.00050081524  0.00015489924  -0.00026623471  
-0.016872702  0.99969894  -0.0058396039  -0.00042269970  0.00064545648  -0.0012970709  -0.0012326651  0.00039011528  0.00034352697  -0.00049461073  -0.00039783775  -0.016872702  0.99969894  -0.0058396039  -0.00042269970  0.00064545648  -0.0012970709  -0.0012326651  0.00039011528  0.00034352697  -0.00049461073  -0.00039783775  
0.0036507846  0.0058198057  0.99981448  -0.0035408825  -0.0050913891  0.00023448200  -0.00082412709  -0.00078691644  9.6734625e-05  0.00055716494  0.00060824260  0.0036507846  0.0058198057  0.99981448  -0.0035408825  -0.0050913891  0.00023448200  -0.00082412709  -0.00078691644  9.6734625e-05  0.00055716494  0.00060824260  
-0.00093104706  -0.00048754829  -0.0035675813  -0.99990800  -0.0012957780  0.00088251911  -0.00034157650  -0.00025634661  0.0014055131  -0.00012210256  -0.00050557257  -0.00093104706  -0.00048754829  -0.0035675813  -0.99990800  -0.0012957780  0.00088251911  -0.00034157650  -0.00025634661  0.0014055131  -0.00012210256  -0.00050557257  
0.00081963345  -0.00059558827  0.0050944189  -0.0013543223  0.99992846  0.00011594932  -0.0014752720  -0.00041425400  -0.0020311428  -0.0026560814  0.00094160091  0.00081963345  -0.00059558827  0.0050944189  -0.0013543223  0.99992846  0.00011594932  -0.0014752720  -0.00041425400  -0.0020311428  -0.0026560814  0.00094160091  
0.00038450377  -0.0013776242  0.00018762785  -0.00086320373  3.9213696e-05  -0.99935897  -0.028989220  -0.015841156  0.0021973805  -0.0066260751  -0.00035519411  0.00038450377  -0.0013776242  0.00018762785  -0.00086320373  3.9213696e-05  -0.99935897  -0.028989220  -0.015841156  0.0021973805  -0.0066260751  -0.00035519411  
0.0049059147  -0.0010865957  -0.00086147431  0.00036517494  -0.0014963309  0.029234511  -0.99932514  -0.017086345  -0.0048671171  -0.0031148296  0.00057479593  0.0049059147  -0.0010865957  -0.00086147431  0.00036517494  -0.0014963309  0.029234511  -0.99932514  -0.017086345  -0.0048671171  -0.0031148296  0.00057479593  
-0.0015457949  0.00039213317  -0.00076384855  0.00030508447  -0.00029343888  0.015305234  0.017469975  -0.99962471  0.0052225070  0.0076619714  -0.00088405124  -0.0015457949  0.00039213317  -0.00076384855  0.00030508447  -0.00029343888  0.015305234  0.017469975  -0.99962471  0.0052225070  0.0076619714  -0.00088405124  
0.00056334551  -0.00031806533  -5.2835930e-05  0.0013740011  0.0020425411  0.0022217020  -0.0048993410  0.0052119521  0.99992128  0.0044505719  -0.0043662226  0.00056334551  -0.00031806533  -5.2835930e-05  0.0013740011  0.0020425411  0.0022217020  -0.0048993410  0.0052119521  0.99992128  0.0044505719  -0.0043662226  
-0.00015282676  -0.00045216920  0.00058094133  0.00010569258  -0.0026761840  0.0066580449  0.0034073742  -0.0074875478  0.0044642169  -0.99989355  -0.0032560365  -0.00015282676  -0.00045216920  0.00058094133  0.00010569258  -0.0026761840  0.0066580449  0.0034073742  -0.0074875478  0.0044642169  -0.99989355  -0.0032560365  
-0.00030354292  0.00038202338  -0.00064901205  -0.00052165460  -0.00094006773  -0.00036902487  0.00059688630  -0.00088552495  0.0043942166  -0.0032397315  0.99990659  -0.00030354292  0.00038202338  -0.00064901205  -0.00052165460  -0.00094006773  -0.00036902487  0.00059688630  -0.00088552495  0.0043942166  -0.0032397315  0.99990659  
