1.7281590e-18  1.7009269e-17  -5.5057142e-18  -1.6254562e-18  -1.8826578e-17  -1.1350241e-18  -4.6934096e-17  -1.1489578e-17  1.1849991e-18  -2.6696943e-17  3.4904957e-17  1.7281590e-18  1.7009269e-17  -5.5057142e-18  -1.6254562e-18  -1.8826578e-17  -1.1350241e-18  -4.6934096e-17  -1.1489578e-17  1.1849991e-18  -2.6696943e-17  3.4904957e-17  
1.5726861e-17  -2.0618238e-18  5.2715095e-18  -7.3734218e-19  9.2855987e-20  -1.6237622e-18  1.4898886e-17  -5.9557004e-18  -5.5957114e-19  -2.6739824e-17  2.1546401e-17  1.5726861e-17  -2.0618238e-18  5.2715095e-18  -7.3734218e-19  9.2855987e-20  -1.6237622e-18  1.4898886e-17  -5.9557004e-18  -5.5957114e-19  -2.6739824e-17  2.1546401e-17  
-1.1121543e-18  4.8632397e-18  -5.6062993e-19  -7.3351994e-18  -1.4182508e-18  -2.5343226e-18  6.9990332e-18  -2.1556989e-18  -9.8412523e-18  -2.6628016e-17  -1.1418851e-17  -1.1121543e-18  4.8632397e-18  -5.6062993e-19  -7.3351994e-18  -1.4182508e-18  -2.5343226e-18  6.9990332e-18  -2.1556989e-18  -9.8412523e-18  -2.6628016e-17  -1.1418851e-17  
-2.4140439e-18  -3.0493186e-20  -4.4521640e-17  -7.5587103e-19  -5.1600188e-18  4.2097537e-19  -1.3069295e-17  7.1764866e-18  -1.1234621e-17  4.1990335e-18  2.5100551e-17  -2.4140439e-18  -3.0493186e-20  -4.4521640e-17  -7.5587103e-19  -5.1600188e-18  4.2097537e-19  -1.3069295e-17  7.1764866e-18  -1.1234621e-17  4.1990335e-18  2.5100551e-17  
-8.7968607e-18  -1.5826811e-18  2.3557680e-17  9.2765990e-18  5.0689520e-18  1.4714021e-18  -1.3752109e-17  2.5361013e-17  1.5247175e-17  -1.9001362e-17  -2.5517212e-17  -8.7968607e-18  -1.5826811e-18  2.3557680e-17  9.2765990e-18  5.0689520e-18  1.4714021e-18  -1.3752109e-17  2.5361013e-17  1.5247175e-17  -1.9001362e-17  -2.5517212e-17  
-2.6922095e-17  -7.6268964e-18  2.7545511e-18  -2.1201235e-18  3.6896755e-18  -3.4295305e-18  6.3874755e-18  -4.8280878e-19  -7.9040879e-18  -7.8510160e-18  -9.6227178e-18  -2.6922095e-17  -7.6268964e-18  2.7545511e-18  -2.1201235e-18  3.6896755e-18  -3.4295305e-18  6.3874755e-18  -4.8280878e-19  -7.9040879e-18  -7.8510160e-18  -9.6227178e-18  
9.0674877e-18  -9.9263791e-18  4.5765190e-18  1.2158734e-17  2.5665098e-19  -1.1121543e-18  -2.0045035e-18  3.7148747e-18  -8.8578470e-18  1.1336758e-16  4.8768557e-17  9.0674877e-18  -9.9263791e-18  4.5765190e-18  1.2158734e-17  2.5665098e-19  -1.1121543e-18  -2.0045035e-18  3.7148747e-18  -8.8578470e-18  1.1336758e-16  4.8768557e-17  
3.2795210e-17  5.1037970e-18  -1.1388358e-17  4.6811276e-18  -1.5870380e-17  1.2091395e-18  1.7351470e-18  -2.7381399e-18  1.5621405e-18  4.0168288e-17  3.1241751e-17  3.2795210e-17  5.1037970e-18  -1.1388358e-17  4.6811276e-18  -1.5870380e-17  1.2091395e-18  1.7351470e-18  -2.7381399e-18  1.5621405e-18  4.0168288e-17  3.1241751e-17  
-3.9541192e-17  -1.0069845e-17  1.4696022e-17  3.6549472e-18  -1.4042800e-17  -1.4474946e-17  -1.2883371e-18  8.8527648e-18  1.1343862e-17  -1.4641441e-17  2.7387286e-16  -3.9541192e-17  -1.0069845e-17  1.4696022e-17  3.6549472e-18  -1.4042800e-17  -1.4474946e-17  -1.2883371e-18  8.8527648e-18  1.1343862e-17  -1.4641441e-17  2.7387286e-16  
9.4679225e-18  2.1864435e-17  1.8073566e-17  -8.9696554e-18  5.4883397e-17  -8.8112205e-18  -1.0386318e-17  3.3901117e-17  5.4499159e-17  -4.8532788e-18  -9.7282766e-17  9.4679225e-18  2.1864435e-17  1.8073566e-17  -8.9696554e-18  5.4883397e-17  -8.8112205e-18  -1.0386318e-17  3.3901117e-17  5.4499159e-17  -4.8532788e-18  -9.7282766e-17  
3.0050188e-17  1.1669361e-17  2.6286820e-17  -3.4602566e-17  1.0945466e-17  4.5112975e-18  -7.9667684e-18  -6.0319969e-17  -2.2755074e-16  -1.8716171e-16  5.9307890e-18  3.0050188e-17  1.1669361e-17  2.6286820e-17  -3.4602566e-17  1.0945466e-17  4.5112975e-18  -7.9667684e-18  -6.0319969e-17  -2.2755074e-16  -1.8716171e-16  5.9307890e-18  
1.7281590e-18  1.7009269e-17  -5.5057142e-18  -1.6254562e-18  -1.8826578e-17  -1.1350241e-18  -4.6934096e-17  -1.1489578e-17  1.1849991e-18  -2.6696943e-17  3.4904957e-17  1.7281590e-18  1.7009269e-17  -5.5057142e-18  -1.6254562e-18  -1.8826578e-17  -1.1350241e-18  -4.6934096e-17  -1.1489578e-17  1.1849991e-18  -2.6696943e-17  3.4904957e-17  
1.5726861e-17  -2.0618238e-18  5.2715095e-18  -7.3734218e-19  9.2855987e-20  -1.6237622e-18  1.4898886e-17  -5.9557004e-18  -5.5957114e-19  -2.6739824e-17  2.1546401e-17  1.5726861e-17  -2.0618238e-18  5.2715095e-18  -7.3734218e-19  9.2855987e-20  -1.6237622e-18  1.4898886e-17  -5.9557004e-18  -5.5957114e-19  -2.6739824e-17  2.1546401e-17  
-1.1121543e-18  4.8632397e-18  -5.6062993e-19  -7.3351994e-18  -1.4182508e-18  -2.5343226e-18  6.9990332e-18  -2.1556989e-18  -9.8412523e-18  -2.6628016e-17  -1.1418851e-17  -1.1121543e-18  4.8632397e-18  -5.6062993e-19  -7.3351994e-18  -1.4182508e-18  -2.5343226e-18  6.9990332e-18  -2.1556989e-18  -9.8412523e-18  -2.6628016e-17  -1.1418851e-17  
-2.4140439e-18  -3.0493186e-20  -4.4521640e-17  -7.5587103e-19  -5.1600188e-18  4.2097537e-19  -1.3069295e-17  7.1764866e-18  -1.1234621e-17  4.1990335e-18  2.5100551e-17  -2.4140439e-18  -3.0493186e-20  -4.4521640e-17  -7.5587103e-19  -5.1600188e-18  4.2097537e-19  -1.3069295e-17  7.1764866e-18  -1.1234621e-17  4.1990335e-18  2.5100551e-17  
-8.7968607e-18  -1.5826811e-18  2.3557680e-17  9.2765990e-18  5.0689520e-18  1.4714021e-18  -1.3752109e-17  2.5361013e-17  1.5247175e-17  -1.9001362e-17  -2.5517212e-17  -8.7968607e-18  -1.5826811e-18  2.3557680e-17  9.2765990e-18  5.0689520e-18  1.4714021e-18  -1.3752109e-17  2.5361013e-17  1.5247175e-17  -1.9001362e-17  -2.5517212e-17  
-2.6922095e-17  -7.6268964e-18  2.7545511e-18  -2.1201235e-18  3.6896755e-18  -3.4295305e-18  6.3874755e-18  -4.8280878e-19  -7.9040879e-18  -7.8510160e-18  -9.6227178e-18  -2.6922095e-17  -7.6268964e-18  2.7545511e-18  -2.1201235e-18  3.6896755e-18  -3.4295305e-18  6.3874755e-18  -4.8280878e-19  -7.9040879e-18  -7.8510160e-18  -9.6227178e-18  
9.0674877e-18  -9.9263791e-18  4.5765190e-18  1.2158734e-17  2.5665098e-19  -1.1121543e-18  -2.0045035e-18  3.7148747e-18  -8.8578470e-18  1.1336758e-16  4.8768557e-17  9.0674877e-18  -9.9263791e-18  4.5765190e-18  1.2158734e-17  2.5665098e-19  -1.1121543e-18  -2.0045035e-18  3.7148747e-18  -8.8578470e-18  1.1336758e-16  4.8768557e-17  
3.2795210e-17  5.1037970e-18  -1.1388358e-17  4.6811276e-18  -1.5870380e-17  1.2091395e-18  1.7351470e-18  -2.7381399e-18  1.5621405e-18  4.0168288e-17  3.1241751e-17  3.2795210e-17  5.1037970e-18  -1.1388358e-17  4.6811276e-18  -1.5870380e-17  1.2091395e-18  1.7351470e-18  -2.7381399e-18  1.5621405e-18  4.0168288e-17  3.1241751e-17  
-3.9541192e-17  -1.0069845e-17  1.4696022e-17  3.6549472e-18  -1.4042800e-17  -1.4474946e-17  -1.2883371e-18  8.8527648e-18  1.1343862e-17  -1.4641441e-17  2.7387286e-16  -3.9541192e-17  -1.0069845e-17  1.4696022e-17  3.6549472e-18  -1.4042800e-17  -1.4474946e-17  -1.2883371e-18  8.8527648e-18  1.1343862e-17  -1.4641441e-17  2.7387286e-16  
9.4679225e-18  2.1864435e-17  1.8073566e-17  -8.9696554e-18  5.4883397e-17  -8.8112205e-18  -1.0386318e-17  3.3901117e-17  5.4499159e-17  -4.8532788e-18  -9.7282766e-17  9.4679225e-18  2.1864435e-17  1.8073566e-17  -8.9696554e-18  5.4883397e-17  -8.8112205e-18  -1.0386318e-17  3.3901117e-17  5.4499159e-17  -4.8532788e-18  -9.7282766e-17  
3.0050188e-17  1.1669361e-17  2.6286820e-17  -3.4602566e-17  1.0945466e-17  4.5112975e-18  -7.9667684e-18  -6.0319969e-17  -2.2755074e-16  -1.8716171e-16  5.9307890e-18  3.0050188e-17  1.1669361e-17  2.6286820e-17  -3.4602566e-17  1.0945466e-17  4.5112975e-18  -7.9667684e-18  -6.0319969e-17  -2.2755074e-16  -1.8716171e-16  5.9307890e-18  
