8.9849020e-19  -7.0420202e-18  9.7578196e-19  -3.4013402e-18  3.8076249e-18  3.6531260e-17  -5.6956613e-18  -1.1672432e-17  3.3956492e-18  1.2702106e-17  9.3826898e-18  8.9849020e-19  -7.0420202e-18  9.7578196e-19  -3.4013402e-18  3.8076249e-18  3.6531260e-17  -5.6956613e-18  -1.1672432e-17  3.3956492e-18  1.2702106e-17  9.3826898e-18  
5.5540162e-17  -8.2903350e-19  -2.6781064e-18  -3.1032376e-18  -4.8662890e-17  -2.1226646e-18  4.1822252e-19  -1.9390702e-18  -5.9080548e-20  8.8938459e-19  5.1393724e-19  5.5540162e-17  -8.2903350e-19  -2.6781064e-18  -3.1032376e-18  -4.8662890e-17  -2.1226646e-18  4.1822252e-19  -1.9390702e-18  -5.9080548e-20  8.8938459e-19  5.1393724e-19  
2.1955094e-18  -9.0674877e-19  1.5955983e-19  -9.6357939e-19  -2.7545511e-18  2.0311850e-18  -1.6771464e-17  4.5533315e-18  -6.8334383e-19  2.0745531e-17  -8.8914107e-18  2.1955094e-18  -9.0674877e-19  1.5955983e-19  -9.6357939e-19  -2.7545511e-18  2.0311850e-18  -1.6771464e-17  4.5533315e-18  -6.8334383e-19  2.0745531e-17  -8.8914107e-18  
3.0234841e-18  -4.0037130e-18  2.8905264e-18  -1.8054152e-18  1.0204497e-18  -1.7470055e-20  1.2347093e-18  5.2474750e-18  2.3476153e-17  8.6450830e-18  -4.2691744e-17  3.0234841e-18  -4.0037130e-18  2.8905264e-18  -1.8054152e-18  1.0204497e-18  -1.7470055e-20  1.2347093e-18  5.2474750e-18  2.3476153e-17  8.6450830e-18  -4.2691744e-17  
1.6606081e-18  -5.0494599e-17  5.7267898e-18  -8.5878421e-18  3.0959716e-19  -5.7848115e-18  -6.8721901e-18  -1.7249005e-17  -1.0755473e-16  -4.2368588e-18  8.8022076e-18  1.6606081e-18  -5.0494599e-17  5.7267898e-18  -8.5878421e-18  3.0959716e-19  -5.7848115e-18  -6.8721901e-18  -1.7249005e-17  -1.0755473e-16  -4.2368588e-18  8.8022076e-18  
1.7659790e-17  -1.9735868e-19  1.1443415e-18  -1.4919691e-18  -1.1816110e-19  -2.6046263e-18  3.4105782e-18  2.8024085e-17  1.3126470e-17  -3.1128461e-18  -4.4972156e-18  1.7659790e-17  -1.9735868e-19  1.1443415e-18  -1.4919691e-18  -1.1816110e-19  -2.6046263e-18  3.4105782e-18  2.8024085e-17  1.3126470e-17  -3.1128461e-18  -4.4972156e-18  
-5.0974443e-18  1.2181604e-17  6.7588994e-18  4.2855897e-19  2.3263760e-18  -1.1700066e-17  -1.4349003e-18  1.9430406e-18  5.0386814e-18  4.9750480e-18  -1.7807280e-17  -5.0974443e-18  1.2181604e-17  6.7588994e-18  4.2855897e-19  2.3263760e-18  -1.1700066e-17  -1.4349003e-18  1.9430406e-18  5.0386814e-18  4.9750480e-18  -1.7807280e-17  
1.9568579e-18  -1.1346006e-18  -2.6335843e-18  6.2666211e-18  -6.6050570e-18  -3.0658358e-18  -2.9797560e-18  -3.3117731e-18  -4.7232992e-17  -2.2711071e-18  2.7191002e-17  1.9568579e-18  -1.1346006e-18  -2.6335843e-18  6.2666211e-18  -6.6050570e-18  -3.0658358e-18  -2.9797560e-18  -3.3117731e-18  -4.7232992e-17  -2.2711071e-18  2.7191002e-17  
6.8906130e-19  2.7825032e-18  3.6984847e-17  -4.9810011e-17  8.6070194e-17  -7.7310815e-18  -1.0415435e-17  1.3764180e-17  -7.5710849e-18  3.2938200e-17  1.4634336e-16  6.8906130e-19  2.7825032e-18  3.6984847e-17  -4.9810011e-17  8.6070194e-17  -7.7310815e-18  -1.0415435e-17  1.3764180e-17  -7.5710849e-18  3.2938200e-17  1.4634336e-16  
-1.4845946e-17  9.3105862e-18  -8.3187106e-18  -2.3209762e-18  9.8268527e-18  1.7122771e-18  -4.3537493e-19  -1.2027444e-17  -1.0140281e-16  1.2122338e-17  -7.3287832e-17  -1.4845946e-17  9.3105862e-18  -8.3187106e-18  -2.3209762e-18  9.8268527e-18  1.7122771e-18  -4.3537493e-19  -1.2027444e-17  -1.0140281e-16  1.2122338e-17  -7.3287832e-17  
-1.8878247e-19  5.7174724e-19  -1.9366350e-17  2.8455506e-17  4.2886866e-18  -8.6437595e-18  9.1796137e-18  -1.1462622e-16  -1.1985876e-16  -6.8279749e-17  1.0178292e-18  -1.8878247e-19  5.7174724e-19  -1.9366350e-17  2.8455506e-17  4.2886866e-18  -8.6437595e-18  9.1796137e-18  -1.1462622e-16  -1.1985876e-16  -6.8279749e-17  1.0178292e-18  
8.9849020e-19  -7.0420202e-18  9.7578196e-19  -3.4013402e-18  3.8076249e-18  3.6531260e-17  -5.6956613e-18  -1.1672432e-17  3.3956492e-18  1.2702106e-17  9.3826898e-18  8.9849020e-19  -7.0420202e-18  9.7578196e-19  -3.4013402e-18  3.8076249e-18  3.6531260e-17  -5.6956613e-18  -1.1672432e-17  3.3956492e-18  1.2702106e-17  9.3826898e-18  
5.5540162e-17  -8.2903350e-19  -2.6781064e-18  -3.1032376e-18  -4.8662890e-17  -2.1226646e-18  4.1822252e-19  -1.9390702e-18  -5.9080548e-20  8.8938459e-19  5.1393724e-19  5.5540162e-17  -8.2903350e-19  -2.6781064e-18  -3.1032376e-18  -4.8662890e-17  -2.1226646e-18  4.1822252e-19  -1.9390702e-18  -5.9080548e-20  8.8938459e-19  5.1393724e-19  
2.1955094e-18  -9.0674877e-19  1.5955983e-19  -9.6357939e-19  -2.7545511e-18  2.0311850e-18  -1.6771464e-17  4.5533315e-18  -6.8334383e-19  2.0745531e-17  -8.8914107e-18  2.1955094e-18  -9.0674877e-19  1.5955983e-19  -9.6357939e-19  -2.7545511e-18  2.0311850e-18  -1.6771464e-17  4.5533315e-18  -6.8334383e-19  2.0745531e-17  -8.8914107e-18  
3.0234841e-18  -4.0037130e-18  2.8905264e-18  -1.8054152e-18  1.0204497e-18  -1.7470055e-20  1.2347093e-18  5.2474750e-18  2.3476153e-17  8.6450830e-18  -4.2691744e-17  3.0234841e-18  -4.0037130e-18  2.8905264e-18  -1.8054152e-18  1.0204497e-18  -1.7470055e-20  1.2347093e-18  5.2474750e-18  2.3476153e-17  8.6450830e-18  -4.2691744e-17  
1.6606081e-18  -5.0494599e-17  5.7267898e-18  -8.5878421e-18  3.0959716e-19  -5.7848115e-18  -6.8721901e-18  -1.7249005e-17  -1.0755473e-16  -4.2368588e-18  8.8022076e-18  1.6606081e-18  -5.0494599e-17  5.7267898e-18  -8.5878421e-18  3.0959716e-19  -5.7848115e-18  -6.8721901e-18  -1.7249005e-17  -1.0755473e-16  -4.2368588e-18  8.8022076e-18  
1.7659790e-17  -1.9735868e-19  1.1443415e-18  -1.4919691e-18  -1.1816110e-19  -2.6046263e-18  3.4105782e-18  2.8024085e-17  1.3126470e-17  -3.1128461e-18  -4.4972156e-18  1.7659790e-17  -1.9735868e-19  1.1443415e-18  -1.4919691e-18  -1.1816110e-19  -2.6046263e-18  3.4105782e-18  2.8024085e-17  1.3126470e-17  -3.1128461e-18  -4.4972156e-18  
-5.0974443e-18  1.2181604e-17  6.7588994e-18  4.2855897e-19  2.3263760e-18  -1.1700066e-17  -1.4349003e-18  1.9430406e-18  5.0386814e-18  4.9750480e-18  -1.7807280e-17  -5.0974443e-18  1.2181604e-17  6.7588994e-18  4.2855897e-19  2.3263760e-18  -1.1700066e-17  -1.4349003e-18  1.9430406e-18  5.0386814e-18  4.9750480e-18  -1.7807280e-17  
1.9568579e-18  -1.1346006e-18  -2.6335843e-18  6.2666211e-18  -6.6050570e-18  -3.0658358e-18  -2.9797560e-18  -3.3117731e-18  -4.7232992e-17  -2.2711071e-18  2.7191002e-17  1.9568579e-18  -1.1346006e-18  -2.6335843e-18  6.2666211e-18  -6.6050570e-18  -3.0658358e-18  -2.9797560e-18  -3.3117731e-18  -4.7232992e-17  -2.2711071e-18  2.7191002e-17  
6.8906130e-19  2.7825032e-18  3.6984847e-17  -4.9810011e-17  8.6070194e-17  -7.7310815e-18  -1.0415435e-17  1.3764180e-17  -7.5710849e-18  3.2938200e-17  1.4634336e-16  6.8906130e-19  2.7825032e-18  3.6984847e-17  -4.9810011e-17  8.6070194e-17  -7.7310815e-18  -1.0415435e-17  1.3764180e-17  -7.5710849e-18  3.2938200e-17  1.4634336e-16  
-1.4845946e-17  9.3105862e-18  -8.3187106e-18  -2.3209762e-18  9.8268527e-18  1.7122771e-18  -4.3537493e-19  -1.2027444e-17  -1.0140281e-16  1.2122338e-17  -7.3287832e-17  -1.4845946e-17  9.3105862e-18  -8.3187106e-18  -2.3209762e-18  9.8268527e-18  1.7122771e-18  -4.3537493e-19  -1.2027444e-17  -1.0140281e-16  1.2122338e-17  -7.3287832e-17  
-1.8878247e-19  5.7174724e-19  -1.9366350e-17  2.8455506e-17  4.2886866e-18  -8.6437595e-18  9.1796137e-18  -1.1462622e-16  -1.1985876e-16  -6.8279749e-17  1.0178292e-18  -1.8878247e-19  5.7174724e-19  -1.9366350e-17  2.8455506e-17  4.2886866e-18  -8.6437595e-18  9.1796137e-18  -1.1462622e-16  -1.1985876e-16  -6.8279749e-17  1.0178292e-18  
