1.8205914e-19  7.9019704e-18  6.1498827e-18  6.4694788e-18  2.4633836e-18  -4.8544305e-17  1.7183652e-18  1.5484080e-17  -1.6176635e-17  1.3539822e-18  -1.5689591e-17  1.8205914e-19  7.9019704e-18  6.1498827e-18  6.4694788e-18  2.4633836e-18  -4.8544305e-17  1.7183652e-18  1.5484080e-17  -1.6176635e-17  1.3539822e-18  -1.5689591e-17  
2.4481793e-17  4.2859867e-19  -2.8756769e-19  -6.3058427e-18  4.7605793e-17  -1.3908281e-18  4.8199351e-18  -1.1945282e-18  1.3334840e-17  -4.8551929e-18  4.9136381e-18  2.4481793e-17  4.2859867e-19  -2.8756769e-19  -6.3058427e-18  4.7605793e-17  -1.3908281e-18  4.8199351e-18  -1.1945282e-18  1.3334840e-17  -4.8551929e-18  4.9136381e-18  
-6.0372273e-19  -3.4359892e-18  -5.5009496e-19  -1.0126808e-18  2.0921714e-19  1.3925222e-18  -1.5275392e-17  8.1529039e-18  -2.1840321e-17  -1.5823422e-17  -5.8364805e-18  -6.0372273e-19  -3.4359892e-18  -5.5009496e-19  -1.0126808e-18  2.0921714e-19  1.3925222e-18  -1.5275392e-17  8.1529039e-18  -2.1840321e-17  -1.5823422e-17  -5.8364805e-18  
-4.2459115e-18  -1.5601817e-18  -1.2983956e-18  2.9330584e-18  -5.9827790e-18  -2.9716033e-18  -6.9327000e-19  -1.1986985e-17  3.4029046e-17  9.8864627e-19  2.1547976e-17  -4.2459115e-18  -1.5601817e-18  -1.2983956e-18  2.9330584e-18  -5.9827790e-18  -2.9716033e-18  -6.9327000e-19  -1.1986985e-17  3.4029046e-17  9.8864627e-19  2.1547976e-17  
1.6529213e-17  1.1112225e-17  2.8735593e-19  -1.5129597e-18  -1.8307558e-18  -4.0572878e-19  2.6348019e-18  2.8101112e-17  1.0933057e-16  4.0906821e-17  4.9936827e-18  1.6529213e-17  1.1112225e-17  2.8735593e-19  -1.5129597e-18  -1.8307558e-18  -4.0572878e-19  2.6348019e-18  2.8101112e-17  1.0933057e-16  4.0906821e-17  4.9936827e-18  
-4.9606061e-17  4.1970483e-18  -3.0586360e-18  1.2517029e-18  4.5422142e-18  2.1173441e-18  7.8287020e-18  -8.8409064e-18  -5.7941289e-18  1.6193576e-17  4.8468284e-18  -4.9606061e-17  4.1970483e-18  -3.0586360e-18  1.2517029e-18  4.5422142e-18  2.1173441e-18  7.8287020e-18  -8.8409064e-18  -5.7941289e-18  1.6193576e-17  4.8468284e-18  
3.8134482e-18  3.1776441e-18  -1.0026753e-17  2.0878568e-18  1.0925666e-18  7.3293761e-18  -3.2679590e-19  -1.5038011e-18  6.7254416e-18  5.4633625e-20  -6.2074810e-18  3.8134482e-18  3.1776441e-18  -1.0026753e-17  2.0878568e-18  1.0925666e-18  7.3293761e-18  -3.2679590e-19  -1.5038011e-18  6.7254416e-18  5.4633625e-20  -6.2074810e-18  
-2.1026746e-17  6.0215572e-18  -2.3230937e-18  1.5840178e-17  -4.5559785e-19  -5.8161517e-18  -3.1572624e-18  -1.2662216e-18  2.0527843e-17  -1.8212055e-17  -2.6276233e-17  -2.1026746e-17  6.0215572e-18  -2.3230937e-18  1.5840178e-17  -4.5559785e-19  -5.8161517e-18  -3.1572624e-18  -1.2662216e-18  2.0527843e-17  -1.8212055e-17  -2.6276233e-17  
-8.6410066e-18  -3.3920281e-17  -2.8740675e-17  -3.9406990e-17  -8.7393683e-18  -9.4976746e-18  1.8304594e-17  -1.4514968e-17  6.6464028e-18  -1.7142173e-16  4.6069116e-17  -8.6410066e-18  -3.3920281e-17  -2.8740675e-17  -3.9406990e-17  -8.7393683e-18  -9.4976746e-18  1.8304594e-17  -1.4514968e-17  6.6464028e-18  -1.7142173e-16  4.6069116e-17  
-2.0987359e-17  -6.1833405e-20  -8.6829347e-18  6.3341177e-17  3.9622507e-17  5.3596010e-18  -3.1518096e-18  -2.5065399e-17  -3.3839178e-17  -3.3768689e-18  1.8594321e-16  -2.0987359e-17  -6.1833405e-20  -8.6829347e-18  6.3341177e-17  3.9622507e-17  5.3596010e-18  -3.1518096e-18  -2.5065399e-17  -3.3839178e-17  -3.3768689e-18  1.8594321e-16  
2.7596757e-17  -9.1267800e-20  -2.9879087e-19  -2.6317552e-17  7.1171943e-19  -1.7037009e-18  2.7494160e-18  -3.9951791e-17  -1.1272420e-17  -6.5181515e-17  7.5420343e-19  2.7596757e-17  -9.1267800e-20  -2.9879087e-19  -2.6317552e-17  7.1171943e-19  -1.7037009e-18  2.7494160e-18  -3.9951791e-17  -1.1272420e-17  -6.5181515e-17  7.5420343e-19  
1.8205914e-19  7.9019704e-18  6.1498827e-18  6.4694788e-18  2.4633836e-18  -4.8544305e-17  1.7183652e-18  1.5484080e-17  -1.6176635e-17  1.3539822e-18  -1.5689591e-17  1.8205914e-19  7.9019704e-18  6.1498827e-18  6.4694788e-18  2.4633836e-18  -4.8544305e-17  1.7183652e-18  1.5484080e-17  -1.6176635e-17  1.3539822e-18  -1.5689591e-17  
2.4481793e-17  4.2859867e-19  -2.8756769e-19  -6.3058427e-18  4.7605793e-17  -1.3908281e-18  4.8199351e-18  -1.1945282e-18  1.3334840e-17  -4.8551929e-18  4.9136381e-18  2.4481793e-17  4.2859867e-19  -2.8756769e-19  -6.3058427e-18  4.7605793e-17  -1.3908281e-18  4.8199351e-18  -1.1945282e-18  1.3334840e-17  -4.8551929e-18  4.9136381e-18  
-6.0372273e-19  -3.4359892e-18  -5.5009496e-19  -1.0126808e-18  2.0921714e-19  1.3925222e-18  -1.5275392e-17  8.1529039e-18  -2.1840321e-17  -1.5823422e-17  -5.8364805e-18  -6.0372273e-19  -3.4359892e-18  -5.5009496e-19  -1.0126808e-18  2.0921714e-19  1.3925222e-18  -1.5275392e-17  8.1529039e-18  -2.1840321e-17  -1.5823422e-17  -5.8364805e-18  
-4.2459115e-18  -1.5601817e-18  -1.2983956e-18  2.9330584e-18  -5.9827790e-18  -2.9716033e-18  -6.9327000e-19  -1.1986985e-17  3.4029046e-17  9.8864627e-19  2.1547976e-17  -4.2459115e-18  -1.5601817e-18  -1.2983956e-18  2.9330584e-18  -5.9827790e-18  -2.9716033e-18  -6.9327000e-19  -1.1986985e-17  3.4029046e-17  9.8864627e-19  2.1547976e-17  
1.6529213e-17  1.1112225e-17  2.8735593e-19  -1.5129597e-18  -1.8307558e-18  -4.0572878e-19  2.6348019e-18  2.8101112e-17  1.0933057e-16  4.0906821e-17  4.9936827e-18  1.6529213e-17  1.1112225e-17  2.8735593e-19  -1.5129597e-18  -1.8307558e-18  -4.0572878e-19  2.6348019e-18  2.8101112e-17  1.0933057e-16  4.0906821e-17  4.9936827e-18  
-4.9606061e-17  4.1970483e-18  -3.0586360e-18  1.2517029e-18  4.5422142e-18  2.1173441e-18  7.8287020e-18  -8.8409064e-18  -5.7941289e-18  1.6193576e-17  4.8468284e-18  -4.9606061e-17  4.1970483e-18  -3.0586360e-18  1.2517029e-18  4.5422142e-18  2.1173441e-18  7.8287020e-18  -8.8409064e-18  -5.7941289e-18  1.6193576e-17  4.8468284e-18  
3.8134482e-18  3.1776441e-18  -1.0026753e-17  2.0878568e-18  1.0925666e-18  7.3293761e-18  -3.2679590e-19  -1.5038011e-18  6.7254416e-18  5.4633625e-20  -6.2074810e-18  3.8134482e-18  3.1776441e-18  -1.0026753e-17  2.0878568e-18  1.0925666e-18  7.3293761e-18  -3.2679590e-19  -1.5038011e-18  6.7254416e-18  5.4633625e-20  -6.2074810e-18  
-2.1026746e-17  6.0215572e-18  -2.3230937e-18  1.5840178e-17  -4.5559785e-19  -5.8161517e-18  -3.1572624e-18  -1.2662216e-18  2.0527843e-17  -1.8212055e-17  -2.6276233e-17  -2.1026746e-17  6.0215572e-18  -2.3230937e-18  1.5840178e-17  -4.5559785e-19  -5.8161517e-18  -3.1572624e-18  -1.2662216e-18  2.0527843e-17  -1.8212055e-17  -2.6276233e-17  
-8.6410066e-18  -3.3920281e-17  -2.8740675e-17  -3.9406990e-17  -8.7393683e-18  -9.4976746e-18  1.8304594e-17  -1.4514968e-17  6.6464028e-18  -1.7142173e-16  4.6069116e-17  -8.6410066e-18  -3.3920281e-17  -2.8740675e-17  -3.9406990e-17  -8.7393683e-18  -9.4976746e-18  1.8304594e-17  -1.4514968e-17  6.6464028e-18  -1.7142173e-16  4.6069116e-17  
-2.0987359e-17  -6.1833405e-20  -8.6829347e-18  6.3341177e-17  3.9622507e-17  5.3596010e-18  -3.1518096e-18  -2.5065399e-17  -3.3839178e-17  -3.3768689e-18  1.8594321e-16  -2.0987359e-17  -6.1833405e-20  -8.6829347e-18  6.3341177e-17  3.9622507e-17  5.3596010e-18  -3.1518096e-18  -2.5065399e-17  -3.3839178e-17  -3.3768689e-18  1.8594321e-16  
2.7596757e-17  -9.1267800e-20  -2.9879087e-19  -2.6317552e-17  7.1171943e-19  -1.7037009e-18  2.7494160e-18  -3.9951791e-17  -1.1272420e-17  -6.5181515e-17  7.5420343e-19  2.7596757e-17  -9.1267800e-20  -2.9879087e-19  -2.6317552e-17  7.1171943e-19  -1.7037009e-18  2.7494160e-18  -3.9951791e-17  -1.1272420e-17  -6.5181515e-17  7.5420343e-19  
