3.7364741e-18  2.8262525e-17  -2.3149410e-18  -9.8086415e-19  -1.2255720e-17  3.7742094e-17  2.4242083e-18  9.9484020e-18  -2.7139994e-18  -7.8733830e-18  -5.0584808e-18  3.7364741e-18  2.8262525e-17  -2.3149410e-18  -9.8086415e-19  -1.2255720e-17  3.7742094e-17  2.4242083e-18  9.9484020e-18  -2.7139994e-18  -7.8733830e-18  -5.0584808e-18  
6.8143801e-19  -7.9032409e-18  -2.5097586e-18  -1.3527116e-18  -1.4208978e-19  4.3791603e-19  -4.7980181e-17  1.0067198e-17  -5.0335462e-18  -1.1050286e-17  -1.8802437e-17  6.8143801e-19  -7.9032409e-18  -2.5097586e-18  -1.3527116e-18  -1.4208978e-19  4.3791603e-19  -4.7980181e-17  1.0067198e-17  -5.0335462e-18  -1.1050286e-17  -1.8802437e-17  
3.4067665e-18  1.0486268e-18  -1.5142832e-18  -3.8362122e-18  1.2290236e-17  -1.0842022e-18  -1.7990980e-18  1.0178371e-17  4.2352071e-17  1.2791256e-17  -1.0996182e-17  3.4067665e-18  1.0486268e-18  -1.5142832e-18  -3.8362122e-18  1.2290236e-17  -1.0842022e-18  -1.7990980e-18  1.0178371e-17  4.2352071e-17  1.2791256e-17  -1.0996182e-17  
-1.2985015e-18  7.1786042e-18  -4.5198949e-17  -9.3480674e-19  -4.8366111e-18  -1.7042303e-18  -1.2464937e-17  3.6822640e-18  -1.2846737e-17  4.0650170e-18  9.5392851e-18  -1.2985015e-18  7.1786042e-18  -4.5198949e-17  -9.3480674e-19  -4.8366111e-18  -1.7042303e-18  -1.2464937e-17  3.6822640e-18  -1.2846737e-17  4.0650170e-18  9.5392851e-18  
-4.9539781e-18  1.7335588e-18  2.2212116e-17  1.8006862e-18  -2.8954597e-18  -2.2649132e-18  -5.8995845e-19  -7.0714016e-18  -5.7443412e-17  -1.5046303e-17  5.7485426e-17  -4.9539781e-18  1.7335588e-18  2.2212116e-17  1.8006862e-18  -2.8954597e-18  -2.2649132e-18  -5.8995845e-19  -7.0714016e-18  -5.7443412e-17  -1.5046303e-17  5.7485426e-17  
3.9609802e-17  -9.6714222e-18  -2.5656628e-18  -2.8858413e-18  2.6777888e-18  1.6220152e-18  3.5405977e-18  5.1678010e-18  2.1595105e-18  -1.4793642e-17  7.6594807e-18  3.9609802e-17  -9.6714222e-18  -2.5656628e-18  -2.8858413e-18  2.6777888e-18  1.6220152e-18  3.5405977e-18  5.1678010e-18  2.1595105e-18  -1.4793642e-17  7.6594807e-18  
4.7806540e-18  -3.8408709e-17  7.4183146e-18  2.6331713e-17  2.2728012e-18  2.5211936e-18  1.2911958e-18  -7.3169882e-18  -2.9574155e-18  4.4752456e-18  7.4610897e-18  4.7806540e-18  -3.8408709e-17  7.4183146e-18  2.6331713e-17  2.2728012e-18  2.5211936e-18  1.2911958e-18  -7.3169882e-18  -2.9574155e-18  4.4752456e-18  7.4610897e-18  
1.6567964e-17  -1.4896980e-17  -7.2683897e-18  -4.2184358e-18  -1.1782308e-17  4.0188537e-18  -5.7498185e-18  2.1164442e-18  8.7480636e-19  -6.7166536e-18  6.5396767e-17  1.6567964e-17  -1.4896980e-17  -7.2683897e-18  -4.2184358e-18  -1.1782308e-17  4.0188537e-18  -5.7498185e-18  2.1164442e-18  8.7480636e-19  -6.7166536e-18  6.5396767e-17  
1.2951557e-17  -1.2226285e-17  3.9237213e-17  -1.7187463e-17  9.2860288e-19  -1.7652696e-18  -5.9962521e-18  9.5951297e-18  -6.6440470e-19  -6.4552315e-18  6.7290256e-17  1.2951557e-17  -1.2226285e-17  3.9237213e-17  -1.7187463e-17  9.2860288e-19  -1.7652696e-18  -5.9962521e-18  9.5951297e-18  -6.6440470e-19  -6.4552315e-18  6.7290256e-17  
1.0991735e-17  -2.0476545e-17  -1.1578623e-17  -1.6361500e-18  -8.3100344e-17  2.3098906e-17  -6.3628056e-18  3.5286598e-18  2.5140964e-17  -1.1716186e-18  -4.3482108e-16  1.0991735e-17  -2.0476545e-17  -1.1578623e-17  -1.6361500e-18  -8.3100344e-17  2.3098906e-17  -6.3628056e-18  3.5286598e-18  2.5140964e-17  -1.1716186e-18  -4.3482108e-16  
4.8450285e-19  -5.1710514e-17  6.7559348e-18  -8.1535392e-18  1.4066570e-17  -1.8738460e-17  1.0688285e-17  -3.7674384e-17  -1.8976000e-16  2.2707810e-16  -1.1386770e-18  4.8450285e-19  -5.1710514e-17  6.7559348e-18  -8.1535392e-18  1.4066570e-17  -1.8738460e-17  1.0688285e-17  -3.7674384e-17  -1.8976000e-16  2.2707810e-16  -1.1386770e-18  
3.7364741e-18  2.8262525e-17  -2.3149410e-18  -9.8086415e-19  -1.2255720e-17  3.7742094e-17  2.4242083e-18  9.9484020e-18  -2.7139994e-18  -7.8733830e-18  -5.0584808e-18  3.7364741e-18  2.8262525e-17  -2.3149410e-18  -9.8086415e-19  -1.2255720e-17  3.7742094e-17  2.4242083e-18  9.9484020e-18  -2.7139994e-18  -7.8733830e-18  -5.0584808e-18  
6.8143801e-19  -7.9032409e-18  -2.5097586e-18  -1.3527116e-18  -1.4208978e-19  4.3791603e-19  -4.7980181e-17  1.0067198e-17  -5.0335462e-18  -1.1050286e-17  -1.8802437e-17  6.8143801e-19  -7.9032409e-18  -2.5097586e-18  -1.3527116e-18  -1.4208978e-19  4.3791603e-19  -4.7980181e-17  1.0067198e-17  -5.0335462e-18  -1.1050286e-17  -1.8802437e-17  
3.4067665e-18  1.0486268e-18  -1.5142832e-18  -3.8362122e-18  1.2290236e-17  -1.0842022e-18  -1.7990980e-18  1.0178371e-17  4.2352071e-17  1.2791256e-17  -1.0996182e-17  3.4067665e-18  1.0486268e-18  -1.5142832e-18  -3.8362122e-18  1.2290236e-17  -1.0842022e-18  -1.7990980e-18  1.0178371e-17  4.2352071e-17  1.2791256e-17  -1.0996182e-17  
-1.2985015e-18  7.1786042e-18  -4.5198949e-17  -9.3480674e-19  -4.8366111e-18  -1.7042303e-18  -1.2464937e-17  3.6822640e-18  -1.2846737e-17  4.0650170e-18  9.5392851e-18  -1.2985015e-18  7.1786042e-18  -4.5198949e-17  -9.3480674e-19  -4.8366111e-18  -1.7042303e-18  -1.2464937e-17  3.6822640e-18  -1.2846737e-17  4.0650170e-18  9.5392851e-18  
-4.9539781e-18  1.7335588e-18  2.2212116e-17  1.8006862e-18  -2.8954597e-18  -2.2649132e-18  -5.8995845e-19  -7.0714016e-18  -5.7443412e-17  -1.5046303e-17  5.7485426e-17  -4.9539781e-18  1.7335588e-18  2.2212116e-17  1.8006862e-18  -2.8954597e-18  -2.2649132e-18  -5.8995845e-19  -7.0714016e-18  -5.7443412e-17  -1.5046303e-17  5.7485426e-17  
3.9609802e-17  -9.6714222e-18  -2.5656628e-18  -2.8858413e-18  2.6777888e-18  1.6220152e-18  3.5405977e-18  5.1678010e-18  2.1595105e-18  -1.4793642e-17  7.6594807e-18  3.9609802e-17  -9.6714222e-18  -2.5656628e-18  -2.8858413e-18  2.6777888e-18  1.6220152e-18  3.5405977e-18  5.1678010e-18  2.1595105e-18  -1.4793642e-17  7.6594807e-18  
4.7806540e-18  -3.8408709e-17  7.4183146e-18  2.6331713e-17  2.2728012e-18  2.5211936e-18  1.2911958e-18  -7.3169882e-18  -2.9574155e-18  4.4752456e-18  7.4610897e-18  4.7806540e-18  -3.8408709e-17  7.4183146e-18  2.6331713e-17  2.2728012e-18  2.5211936e-18  1.2911958e-18  -7.3169882e-18  -2.9574155e-18  4.4752456e-18  7.4610897e-18  
1.6567964e-17  -1.4896980e-17  -7.2683897e-18  -4.2184358e-18  -1.1782308e-17  4.0188537e-18  -5.7498185e-18  2.1164442e-18  8.7480636e-19  -6.7166536e-18  6.5396767e-17  1.6567964e-17  -1.4896980e-17  -7.2683897e-18  -4.2184358e-18  -1.1782308e-17  4.0188537e-18  -5.7498185e-18  2.1164442e-18  8.7480636e-19  -6.7166536e-18  6.5396767e-17  
1.2951557e-17  -1.2226285e-17  3.9237213e-17  -1.7187463e-17  9.2860288e-19  -1.7652696e-18  -5.9962521e-18  9.5951297e-18  -6.6440470e-19  -6.4552315e-18  6.7290256e-17  1.2951557e-17  -1.2226285e-17  3.9237213e-17  -1.7187463e-17  9.2860288e-19  -1.7652696e-18  -5.9962521e-18  9.5951297e-18  -6.6440470e-19  -6.4552315e-18  6.7290256e-17  
1.0991735e-17  -2.0476545e-17  -1.1578623e-17  -1.6361500e-18  -8.3100344e-17  2.3098906e-17  -6.3628056e-18  3.5286598e-18  2.5140964e-17  -1.1716186e-18  -4.3482108e-16  1.0991735e-17  -2.0476545e-17  -1.1578623e-17  -1.6361500e-18  -8.3100344e-17  2.3098906e-17  -6.3628056e-18  3.5286598e-18  2.5140964e-17  -1.1716186e-18  -4.3482108e-16  
4.8450285e-19  -5.1710514e-17  6.7559348e-18  -8.1535392e-18  1.4066570e-17  -1.8738460e-17  1.0688285e-17  -3.7674384e-17  -1.8976000e-16  2.2707810e-16  -1.1386770e-18  4.8450285e-19  -5.1710514e-17  6.7559348e-18  -8.1535392e-18  1.4066570e-17  -1.8738460e-17  1.0688285e-17  -3.7674384e-17  -1.8976000e-16  2.2707810e-16  -1.1386770e-18  
