-2.6384547e-18  -4.2205111e-17  -4.0657581e-19  -2.7858914e-18  3.8622585e-18  -1.5727708e-17  3.1187753e-18  5.3659537e-18  -6.1378125e-19  3.7715201e-18  1.4840017e-18  -2.6384547e-18  -4.2205111e-17  -4.0657581e-19  -2.7858914e-18  3.8622585e-18  -1.5727708e-17  3.1187753e-18  5.3659537e-18  -6.1378125e-19  3.7715201e-18  1.4840017e-18  
4.5180737e-17  -6.1600471e-19  -2.8756769e-18  -1.9518604e-17  -6.3670408e-19  -2.1641692e-18  -1.4081923e-17  -1.3259666e-17  1.3306411e-17  -7.1976625e-19  -5.6776618e-18  4.5180737e-17  -6.1600471e-19  -2.8756769e-18  -1.9518604e-17  -6.3670408e-19  -2.1641692e-18  -1.4081923e-17  -1.3259666e-17  1.3306411e-17  -7.1976625e-19  -5.6776618e-18  
4.3232562e-18  7.6656482e-19  -2.1482873e-19  1.9644388e-17  -7.9972298e-17  -3.2000905e-18  4.3622197e-18  -4.0599560e-17  4.0510039e-17  4.8757334e-18  4.1538496e-18  4.3232562e-18  7.6656482e-19  -2.1482873e-19  1.9644388e-17  -7.9972298e-17  -3.2000905e-18  4.3622197e-18  -4.0599560e-17  4.0510039e-17  4.8757334e-18  4.1538496e-18  
-1.4280975e-18  -3.4211661e-18  -3.3318041e-18  -2.4757714e-18  -3.8370593e-18  -3.2263485e-18  -2.4794348e-17  -4.9055913e-18  -3.6206212e-17  8.2703238e-18  -4.7569370e-17  -1.4280975e-18  -3.4211661e-18  -3.3318041e-18  -2.4757714e-18  -3.8370593e-18  -3.2263485e-18  -2.4794348e-17  -4.9055913e-18  -3.6206212e-17  8.2703238e-18  -4.7569370e-17  
4.0706286e-18  -1.1225886e-17  -4.3149658e-17  6.5581526e-18  3.4993843e-18  -6.8688019e-18  6.6615965e-18  1.3671257e-17  5.4152441e-17  -2.7973303e-17  -1.6235716e-17  4.0706286e-18  -1.1225886e-17  -4.3149658e-17  6.5581526e-18  3.4993843e-18  -6.8688019e-18  6.6615965e-18  1.3671257e-17  5.4152441e-17  -2.7973303e-17  -1.6235716e-17  
5.3617186e-18  -2.3507705e-17  7.6825888e-19  3.0493186e-20  -5.3358841e-18  -1.4693904e-18  3.1880203e-18  -9.3971688e-18  9.5932834e-18  -2.3141999e-18  3.0264805e-17  5.3617186e-18  -2.3507705e-17  7.6825888e-19  3.0493186e-20  -5.3358841e-18  -1.4693904e-18  3.1880203e-18  -9.3971688e-18  9.5932834e-18  -2.3141999e-18  3.0264805e-17  
-1.0926725e-18  5.9842878e-18  7.0049625e-18  -1.0332108e-17  -1.7836396e-18  -3.8353652e-18  -1.0342272e-18  1.3338651e-18  -8.4900230e-18  2.0927537e-18  1.2620791e-18  -1.0926725e-18  5.9842878e-18  7.0049625e-18  -1.0332108e-17  -1.7836396e-18  -3.8353652e-18  -1.0342272e-18  1.3338651e-18  -8.4900230e-18  2.0927537e-18  1.2620791e-18  
2.8381533e-17  -3.1611693e-17  9.6468582e-18  -2.7888560e-19  -7.7506426e-18  -3.5895668e-18  1.5282804e-17  2.6436494e-18  1.1856635e-17  1.6178607e-17  2.0404230e-17  2.8381533e-17  -3.1611693e-17  9.6468582e-18  -2.7888560e-19  -7.7506426e-18  -3.5895668e-18  1.5282804e-17  2.6436494e-18  1.1856635e-17  1.6178607e-17  2.0404230e-17  
-2.8174645e-17  2.0477021e-18  -4.8939499e-17  5.6640723e-17  -5.4496254e-17  -1.0048458e-18  9.3917954e-18  -1.3046028e-18  5.4249019e-18  1.0664370e-17  7.3513672e-17  -2.8174645e-17  2.0477021e-18  -4.8939499e-17  5.6640723e-17  -5.4496254e-17  -1.0048458e-18  9.3917954e-18  -1.3046028e-18  5.4249019e-18  1.0664370e-17  7.3513672e-17  
-4.9863771e-18  1.1102908e-17  -1.4032160e-18  2.3154916e-17  -3.9278572e-18  -9.3349913e-18  -3.0258664e-18  3.9929543e-17  3.2334841e-17  -3.0018980e-18  -4.7467726e-17  -4.9863771e-18  1.1102908e-17  -1.4032160e-18  2.3154916e-17  -3.9278572e-18  -9.3349913e-18  -3.0258664e-18  3.9929543e-17  3.2334841e-17  -3.0018980e-18  -4.7467726e-17  
-1.7414997e-18  -3.1664633e-17  5.8479155e-18  -3.9174427e-17  1.2761345e-17  2.6147775e-17  2.6232610e-18  -2.2689736e-17  -7.7545655e-17  -1.0460084e-16  -2.1321606e-18  -1.7414997e-18  -3.1664633e-17  5.8479155e-18  -3.9174427e-17  1.2761345e-17  2.6147775e-17  2.6232610e-18  -2.2689736e-17  -7.7545655e-17  -1.0460084e-16  -2.1321606e-18  
-2.6384547e-18  -4.2205111e-17  -4.0657581e-19  -2.7858914e-18  3.8622585e-18  -1.5727708e-17  3.1187753e-18  5.3659537e-18  -6.1378125e-19  3.7715201e-18  1.4840017e-18  -2.6384547e-18  -4.2205111e-17  -4.0657581e-19  -2.7858914e-18  3.8622585e-18  -1.5727708e-17  3.1187753e-18  5.3659537e-18  -6.1378125e-19  3.7715201e-18  1.4840017e-18  
4.5180737e-17  -6.1600471e-19  -2.8756769e-18  -1.9518604e-17  -6.3670408e-19  -2.1641692e-18  -1.4081923e-17  -1.3259666e-17  1.3306411e-17  -7.1976625e-19  -5.6776618e-18  4.5180737e-17  -6.1600471e-19  -2.8756769e-18  -1.9518604e-17  -6.3670408e-19  -2.1641692e-18  -1.4081923e-17  -1.3259666e-17  1.3306411e-17  -7.1976625e-19  -5.6776618e-18  
4.3232562e-18  7.6656482e-19  -2.1482873e-19  1.9644388e-17  -7.9972298e-17  -3.2000905e-18  4.3622197e-18  -4.0599560e-17  4.0510039e-17  4.8757334e-18  4.1538496e-18  4.3232562e-18  7.6656482e-19  -2.1482873e-19  1.9644388e-17  -7.9972298e-17  -3.2000905e-18  4.3622197e-18  -4.0599560e-17  4.0510039e-17  4.8757334e-18  4.1538496e-18  
-1.4280975e-18  -3.4211661e-18  -3.3318041e-18  -2.4757714e-18  -3.8370593e-18  -3.2263485e-18  -2.4794348e-17  -4.9055913e-18  -3.6206212e-17  8.2703238e-18  -4.7569370e-17  -1.4280975e-18  -3.4211661e-18  -3.3318041e-18  -2.4757714e-18  -3.8370593e-18  -3.2263485e-18  -2.4794348e-17  -4.9055913e-18  -3.6206212e-17  8.2703238e-18  -4.7569370e-17  
4.0706286e-18  -1.1225886e-17  -4.3149658e-17  6.5581526e-18  3.4993843e-18  -6.8688019e-18  6.6615965e-18  1.3671257e-17  5.4152441e-17  -2.7973303e-17  -1.6235716e-17  4.0706286e-18  -1.1225886e-17  -4.3149658e-17  6.5581526e-18  3.4993843e-18  -6.8688019e-18  6.6615965e-18  1.3671257e-17  5.4152441e-17  -2.7973303e-17  -1.6235716e-17  
5.3617186e-18  -2.3507705e-17  7.6825888e-19  3.0493186e-20  -5.3358841e-18  -1.4693904e-18  3.1880203e-18  -9.3971688e-18  9.5932834e-18  -2.3141999e-18  3.0264805e-17  5.3617186e-18  -2.3507705e-17  7.6825888e-19  3.0493186e-20  -5.3358841e-18  -1.4693904e-18  3.1880203e-18  -9.3971688e-18  9.5932834e-18  -2.3141999e-18  3.0264805e-17  
-1.0926725e-18  5.9842878e-18  7.0049625e-18  -1.0332108e-17  -1.7836396e-18  -3.8353652e-18  -1.0342272e-18  1.3338651e-18  -8.4900230e-18  2.0927537e-18  1.2620791e-18  -1.0926725e-18  5.9842878e-18  7.0049625e-18  -1.0332108e-17  -1.7836396e-18  -3.8353652e-18  -1.0342272e-18  1.3338651e-18  -8.4900230e-18  2.0927537e-18  1.2620791e-18  
2.8381533e-17  -3.1611693e-17  9.6468582e-18  -2.7888560e-19  -7.7506426e-18  -3.5895668e-18  1.5282804e-17  2.6436494e-18  1.1856635e-17  1.6178607e-17  2.0404230e-17  2.8381533e-17  -3.1611693e-17  9.6468582e-18  -2.7888560e-19  -7.7506426e-18  -3.5895668e-18  1.5282804e-17  2.6436494e-18  1.1856635e-17  1.6178607e-17  2.0404230e-17  
-2.8174645e-17  2.0477021e-18  -4.8939499e-17  5.6640723e-17  -5.4496254e-17  -1.0048458e-18  9.3917954e-18  -1.3046028e-18  5.4249019e-18  1.0664370e-17  7.3513672e-17  -2.8174645e-17  2.0477021e-18  -4.8939499e-17  5.6640723e-17  -5.4496254e-17  -1.0048458e-18  9.3917954e-18  -1.3046028e-18  5.4249019e-18  1.0664370e-17  7.3513672e-17  
-4.9863771e-18  1.1102908e-17  -1.4032160e-18  2.3154916e-17  -3.9278572e-18  -9.3349913e-18  -3.0258664e-18  3.9929543e-17  3.2334841e-17  -3.0018980e-18  -4.7467726e-17  -4.9863771e-18  1.1102908e-17  -1.4032160e-18  2.3154916e-17  -3.9278572e-18  -9.3349913e-18  -3.0258664e-18  3.9929543e-17  3.2334841e-17  -3.0018980e-18  -4.7467726e-17  
-1.7414997e-18  -3.1664633e-17  5.8479155e-18  -3.9174427e-17  1.2761345e-17  2.6147775e-17  2.6232610e-18  -2.2689736e-17  -7.7545655e-17  -1.0460084e-16  -2.1321606e-18  -1.7414997e-18  -3.1664633e-17  5.8479155e-18  -3.9174427e-17  1.2761345e-17  2.6147775e-17  2.6232610e-18  -2.2689736e-17  -7.7545655e-17  -1.0460084e-16  -2.1321606e-18  
