3.5002578e-18  -2.5883209e-17  -9.8093827e-18  8.7493209e-19  1.2165934e-17  -1.3500011e-17  5.4114817e-18  -5.8117577e-18  7.7427282e-18  6.1596236e-18  -2.2495501e-17  3.5002578e-18  -2.5883209e-17  -9.8093827e-18  8.7493209e-19  1.2165934e-17  -1.3500011e-17  5.4114817e-18  -5.8117577e-18  7.7427282e-18  6.1596236e-18  -2.2495501e-17  
-2.9962096e-17  5.9027609e-19  -2.0942890e-19  -2.8929881e-18  -2.0061764e-17  1.8414496e-18  4.6057417e-18  -9.1839547e-19  -1.8219679e-18  6.1113427e-18  -2.9063818e-19  -2.9962096e-17  5.9027609e-19  -2.0942890e-19  -2.8929881e-18  -2.0061764e-17  1.8414496e-18  4.6057417e-18  -9.1839547e-19  -1.8219679e-18  6.1113427e-18  -2.9063818e-19  
-6.7758401e-18  2.7147406e-19  -4.1186977e-20  -2.3604691e-18  2.7214110e-18  -1.6898307e-19  -5.5491246e-18  -1.6440380e-18  -3.8192716e-18  -7.1252412e-18  -7.7514103e-19  -6.7758401e-18  2.7147406e-19  -4.1186977e-20  -2.3604691e-18  2.7214110e-18  -1.6898307e-19  -5.5491246e-18  -1.6440380e-18  -3.8192716e-18  -7.1252412e-18  -7.7514103e-19  
-3.2602298e-18  -7.1937449e-18  -9.4920630e-19  3.6213884e-19  -7.7634540e-19  2.5082234e-18  1.9404995e-19  8.3005391e-18  1.8032273e-18  3.8259208e-17  -1.3999469e-18  -3.2602298e-18  -7.1937449e-18  -9.4920630e-19  3.6213884e-19  -7.7634540e-19  2.5082234e-18  1.9404995e-19  8.3005391e-18  1.8032273e-18  3.8259208e-17  -1.3999469e-18  
-3.7159971e-17  -2.0672898e-17  -1.4109451e-18  5.0031589e-18  -8.4559034e-19  1.4153497e-17  1.6465262e-18  -8.5656339e-18  1.3429601e-17  -3.5881163e-17  -3.9004808e-18  -3.7159971e-17  -2.0672898e-17  -1.4109451e-18  5.0031589e-18  -8.4559034e-19  1.4153497e-17  1.6465262e-18  -8.5656339e-18  1.3429601e-17  -3.5881163e-17  -3.9004808e-18  
7.2133326e-18  -3.1509626e-19  -1.7194769e-19  -1.5201065e-18  1.2569969e-18  -1.6012893e-19  -3.7887784e-18  3.0335850e-17  4.2557053e-18  -5.5671240e-19  7.1439818e-18  7.2133326e-18  -3.1509626e-19  -1.7194769e-19  -1.5201065e-18  1.2569969e-18  -1.6012893e-19  -3.7887784e-18  3.0335850e-17  4.2557053e-18  -5.5671240e-19  7.1439818e-18  
3.6489121e-18  9.8846627e-18  -3.7288508e-18  -2.0144561e-18  -1.9062476e-18  -6.7885456e-18  -2.3500135e-18  -3.5553149e-18  3.0448717e-18  -1.6312160e-17  1.4073479e-17  3.6489121e-18  9.8846627e-18  -3.7288508e-18  -2.0144561e-18  -1.9062476e-18  -6.7885456e-18  -2.3500135e-18  -3.5553149e-18  3.0448717e-18  -1.6312160e-17  1.4073479e-17  
-2.8206832e-17  -5.4284224e-19  1.4791948e-17  -6.9860035e-18  2.8199778e-18  -1.4672728e-18  -5.4858618e-19  -1.0053090e-18  1.6990422e-18  -2.5160055e-17  4.5906340e-17  -2.8206832e-17  -5.4284224e-19  1.4791948e-17  -6.9860035e-18  2.8199778e-18  -1.4672728e-18  -5.4858618e-19  -1.0053090e-18  1.6990422e-18  -2.5160055e-17  4.5906340e-17  
-1.0549795e-18  4.3613726e-18  -1.9824806e-17  -2.1973093e-18  -3.6774994e-18  2.9146404e-18  -6.9117888e-19  -2.2184216e-17  -1.1215696e-17  -2.1346660e-17  -2.1941753e-17  -1.0549795e-18  4.3613726e-18  -1.9824806e-17  -2.1973093e-18  -3.6774994e-18  2.9146404e-18  -6.9117888e-19  -2.2184216e-17  -1.1215696e-17  -2.1346660e-17  -2.1941753e-17  
2.9010878e-19  1.1062250e-18  1.2505594e-17  -2.6718596e-17  -8.2026776e-17  -5.9521005e-18  1.8636207e-17  -5.1159625e-17  5.0786613e-17  -7.5850742e-18  1.5161043e-17  2.9010878e-19  1.1062250e-18  1.2505594e-17  -2.6718596e-17  -8.2026776e-17  -5.9521005e-18  1.8636207e-17  -5.1159625e-17  5.0786613e-17  -7.5850742e-18  1.5161043e-17  
3.5838705e-17  -1.3487941e-18  -8.6222660e-18  6.8763392e-18  1.9194561e-18  1.2546676e-18  7.2812276e-18  -2.9188266e-17  -1.3690414e-16  -6.7045305e-17  -4.0938161e-19  3.5838705e-17  -1.3487941e-18  -8.6222660e-18  6.8763392e-18  1.9194561e-18  1.2546676e-18  7.2812276e-18  -2.9188266e-17  -1.3690414e-16  -6.7045305e-17  -4.0938161e-19  
3.5002578e-18  -2.5883209e-17  -9.8093827e-18  8.7493209e-19  1.2165934e-17  -1.3500011e-17  5.4114817e-18  -5.8117577e-18  7.7427282e-18  6.1596236e-18  -2.2495501e-17  3.5002578e-18  -2.5883209e-17  -9.8093827e-18  8.7493209e-19  1.2165934e-17  -1.3500011e-17  5.4114817e-18  -5.8117577e-18  7.7427282e-18  6.1596236e-18  -2.2495501e-17  
-2.9962096e-17  5.9027609e-19  -2.0942890e-19  -2.8929881e-18  -2.0061764e-17  1.8414496e-18  4.6057417e-18  -9.1839547e-19  -1.8219679e-18  6.1113427e-18  -2.9063818e-19  -2.9962096e-17  5.9027609e-19  -2.0942890e-19  -2.8929881e-18  -2.0061764e-17  1.8414496e-18  4.6057417e-18  -9.1839547e-19  -1.8219679e-18  6.1113427e-18  -2.9063818e-19  
-6.7758401e-18  2.7147406e-19  -4.1186977e-20  -2.3604691e-18  2.7214110e-18  -1.6898307e-19  -5.5491246e-18  -1.6440380e-18  -3.8192716e-18  -7.1252412e-18  -7.7514103e-19  -6.7758401e-18  2.7147406e-19  -4.1186977e-20  -2.3604691e-18  2.7214110e-18  -1.6898307e-19  -5.5491246e-18  -1.6440380e-18  -3.8192716e-18  -7.1252412e-18  -7.7514103e-19  
-3.2602298e-18  -7.1937449e-18  -9.4920630e-19  3.6213884e-19  -7.7634540e-19  2.5082234e-18  1.9404995e-19  8.3005391e-18  1.8032273e-18  3.8259208e-17  -1.3999469e-18  -3.2602298e-18  -7.1937449e-18  -9.4920630e-19  3.6213884e-19  -7.7634540e-19  2.5082234e-18  1.9404995e-19  8.3005391e-18  1.8032273e-18  3.8259208e-17  -1.3999469e-18  
-3.7159971e-17  -2.0672898e-17  -1.4109451e-18  5.0031589e-18  -8.4559034e-19  1.4153497e-17  1.6465262e-18  -8.5656339e-18  1.3429601e-17  -3.5881163e-17  -3.9004808e-18  -3.7159971e-17  -2.0672898e-17  -1.4109451e-18  5.0031589e-18  -8.4559034e-19  1.4153497e-17  1.6465262e-18  -8.5656339e-18  1.3429601e-17  -3.5881163e-17  -3.9004808e-18  
7.2133326e-18  -3.1509626e-19  -1.7194769e-19  -1.5201065e-18  1.2569969e-18  -1.6012893e-19  -3.7887784e-18  3.0335850e-17  4.2557053e-18  -5.5671240e-19  7.1439818e-18  7.2133326e-18  -3.1509626e-19  -1.7194769e-19  -1.5201065e-18  1.2569969e-18  -1.6012893e-19  -3.7887784e-18  3.0335850e-17  4.2557053e-18  -5.5671240e-19  7.1439818e-18  
3.6489121e-18  9.8846627e-18  -3.7288508e-18  -2.0144561e-18  -1.9062476e-18  -6.7885456e-18  -2.3500135e-18  -3.5553149e-18  3.0448717e-18  -1.6312160e-17  1.4073479e-17  3.6489121e-18  9.8846627e-18  -3.7288508e-18  -2.0144561e-18  -1.9062476e-18  -6.7885456e-18  -2.3500135e-18  -3.5553149e-18  3.0448717e-18  -1.6312160e-17  1.4073479e-17  
-2.8206832e-17  -5.4284224e-19  1.4791948e-17  -6.9860035e-18  2.8199778e-18  -1.4672728e-18  -5.4858618e-19  -1.0053090e-18  1.6990422e-18  -2.5160055e-17  4.5906340e-17  -2.8206832e-17  -5.4284224e-19  1.4791948e-17  -6.9860035e-18  2.8199778e-18  -1.4672728e-18  -5.4858618e-19  -1.0053090e-18  1.6990422e-18  -2.5160055e-17  4.5906340e-17  
-1.0549795e-18  4.3613726e-18  -1.9824806e-17  -2.1973093e-18  -3.6774994e-18  2.9146404e-18  -6.9117888e-19  -2.2184216e-17  -1.1215696e-17  -2.1346660e-17  -2.1941753e-17  -1.0549795e-18  4.3613726e-18  -1.9824806e-17  -2.1973093e-18  -3.6774994e-18  2.9146404e-18  -6.9117888e-19  -2.2184216e-17  -1.1215696e-17  -2.1346660e-17  -2.1941753e-17  
2.9010878e-19  1.1062250e-18  1.2505594e-17  -2.6718596e-17  -8.2026776e-17  -5.9521005e-18  1.8636207e-17  -5.1159625e-17  5.0786613e-17  -7.5850742e-18  1.5161043e-17  2.9010878e-19  1.1062250e-18  1.2505594e-17  -2.6718596e-17  -8.2026776e-17  -5.9521005e-18  1.8636207e-17  -5.1159625e-17  5.0786613e-17  -7.5850742e-18  1.5161043e-17  
3.5838705e-17  -1.3487941e-18  -8.6222660e-18  6.8763392e-18  1.9194561e-18  1.2546676e-18  7.2812276e-18  -2.9188266e-17  -1.3690414e-16  -6.7045305e-17  -4.0938161e-19  3.5838705e-17  -1.3487941e-18  -8.6222660e-18  6.8763392e-18  1.9194561e-18  1.2546676e-18  7.2812276e-18  -2.9188266e-17  -1.3690414e-16  -6.7045305e-17  -4.0938161e-19  
