0.95761891  0.28728083  -0.0020596710  -0.0029103349  -0.00049666152  -0.00050517678  -0.00026986971  0.0047525353  -6.0925402e-05  0.0012023512  0.0010997955  0.95761891  0.28728083  -0.0020596710  -0.0029103349  -0.00049666152  -0.00050517678  -0.00026986971  0.0047525353  -6.0925402e-05  0.0012023512  0.0010997955  
-0.28720408  0.95748750  -0.0036516674  -0.0023107664  0.00068833924  -0.0084302345  0.0010065853  -0.0057898311  -0.00039954164  7.1813316e-05  0.00098707354  -0.28720408  0.95748750  -0.0036516674  -0.0023107664  0.00068833924  -0.0084302345  0.0010065853  -0.0057898311  -0.00039954164  7.1813316e-05  0.00098707354  
-0.00085333988  -0.0041185471  -0.99985439  -0.0063479661  0.0028841677  0.0044834190  0.0024658741  0.0018708333  -0.00098130284  0.00084112498  -7.1199908e-05  -0.00085333988  -0.0041185471  -0.99985439  -0.0063479661  0.0028841677  0.0044834190  0.0024658741  0.0018708333  -0.00098130284  0.00084112498  -7.1199908e-05  
-0.0020832636  -0.0030549187  0.0063556952  -0.99987519  -0.0011017193  -0.0010412730  0.0011641111  -5.9914544e-05  0.0022996503  -0.0024445564  -0.00096933862  -0.0020832636  -0.0030549187  0.0063556952  -0.99987519  -0.0011017193  -0.0010412730  0.0011641111  -5.9914544e-05  0.0022996503  -0.0024445564  -0.00096933862  
-0.00079022277  0.00024251034  -0.0031323864  0.0010667310  -0.99775284  -0.038965692  -0.046290515  0.023632251  -0.00072734202  0.0041314864  -0.00054588048  -0.00079022277  0.00024251034  -0.0031323864  0.0010667310  -0.99775284  -0.038965692  -0.046290515  0.023632251  -0.00072734202  0.0041314864  -0.00054588048  
0.0021319235  -0.0084081114  -0.0042785486  0.0010701095  0.035671433  -0.99709370  0.056643227  -0.027879798  0.010097617  1.3496399e-05  -0.00045708914  0.0021319235  -0.0084081114  -0.0042785486  0.0010701095  0.035671433  -0.99709370  0.056643227  -0.027879798  0.010097617  1.3496399e-05  -0.00045708914  
-0.00058277255  0.00047938482  -0.0024991132  -0.0011620379  0.049000233  -0.055644965  -0.99685114  0.025116819  -0.0062179631  -0.0063979523  -0.00067246514  -0.00058277255  0.00047938482  -0.0024991132  -0.0011620379  0.049000233  -0.055644965  -0.99685114  0.025116819  -0.0062179631  -0.0063979523  -0.00067246514  
0.0061637838  -0.0040074863  -0.0018507721  5.6560222e-05  -0.023450028  0.025615541  -0.027648382  -0.99882360  0.0017110718  -0.0078488172  3.1597549e-06  0.0061637838  -0.0040074863  -0.0018507721  5.6560222e-05  -0.023450028  0.025615541  -0.027648382  -0.99882360  0.0017110718  -0.0078488172  3.1597549e-06  
-7.0656073e-06  0.00056461710  -0.0010360130  0.0023465486  -0.00087597932  0.0096641127  -0.0065593045  0.0024368405  0.99928299  -0.033451033  0.0024083785  -7.0656073e-06  0.00056461710  -0.0010360130  0.0023465486  -0.00087597932  0.0096641127  -0.0065593045  0.0024368405  0.99928299  -0.033451033  0.0024083785  
0.0011360258  0.00044672640  -0.00078858517  0.0023538605  -0.0042101463  -0.00033017791  0.0066098905  0.0077044183  -0.033444663  -0.99931437  0.0039435150  0.0011360258  0.00044672640  -0.00078858517  0.0023538605  -0.0042101463  -0.00033017791  0.0066098905  0.0077044183  -0.033444663  -0.99931437  0.0039435150  
0.00078923853  0.0012581819  4.4790541e-05  0.00088239214  0.00047814775  0.00054070655  0.00066572898  1.7911210e-05  0.0022790580  -0.0039891276  -0.99987428  0.00078923853  0.0012581819  4.4790541e-05  0.00088239214  0.00047814775  0.00054070655  0.00066572898  1.7911210e-05  0.0022790580  -0.0039891276  -0.99987428  
0.95761891  0.28728083  -0.0020596710  -0.0029103349  -0.00049666152  -0.00050517678  -0.00026986971  0.0047525353  -6.0925402e-05  0.0012023512  0.0010997955  0.95761891  0.28728083  -0.0020596710  -0.0029103349  -0.00049666152  -0.00050517678  -0.00026986971  0.0047525353  -6.0925402e-05  0.0012023512  0.0010997955  
-0.28720408  0.95748750  -0.0036516674  -0.0023107664  0.00068833924  -0.0084302345  0.0010065853  -0.0057898311  -0.00039954164  7.1813316e-05  0.00098707354  -0.28720408  0.95748750  -0.0036516674  -0.0023107664  0.00068833924  -0.0084302345  0.0010065853  -0.0057898311  -0.00039954164  7.1813316e-05  0.00098707354  
-0.00085333988  -0.0041185471  -0.99985439  -0.0063479661  0.0028841677  0.0044834190  0.0024658741  0.0018708333  -0.00098130284  0.00084112498  -7.1199908e-05  -0.00085333988  -0.0041185471  -0.99985439  -0.0063479661  0.0028841677  0.0044834190  0.0024658741  0.0018708333  -0.00098130284  0.00084112498  -7.1199908e-05  
-0.0020832636  -0.0030549187  0.0063556952  -0.99987519  -0.0011017193  -0.0010412730  0.0011641111  -5.9914544e-05  0.0022996503  -0.0024445564  -0.00096933862  -0.0020832636  -0.0030549187  0.0063556952  -0.99987519  -0.0011017193  -0.0010412730  0.0011641111  -5.9914544e-05  0.0022996503  -0.0024445564  -0.00096933862  
-0.00079022277  0.00024251034  -0.0031323864  0.0010667310  -0.99775284  -0.038965692  -0.046290515  0.023632251  -0.00072734202  0.0041314864  -0.00054588048  -0.00079022277  0.00024251034  -0.0031323864  0.0010667310  -0.99775284  -0.038965692  -0.046290515  0.023632251  -0.00072734202  0.0041314864  -0.00054588048  
0.0021319235  -0.0084081114  -0.0042785486  0.0010701095  0.035671433  -0.99709370  0.056643227  -0.027879798  0.010097617  1.3496399e-05  -0.00045708914  0.0021319235  -0.0084081114  -0.0042785486  0.0010701095  0.035671433  -0.99709370  0.056643227  -0.027879798  0.010097617  1.3496399e-05  -0.00045708914  
-0.00058277255  0.00047938482  -0.0024991132  -0.0011620379  0.049000233  -0.055644965  -0.99685114  0.025116819  -0.0062179631  -0.0063979523  -0.00067246514  -0.00058277255  0.00047938482  -0.0024991132  -0.0011620379  0.049000233  -0.055644965  -0.99685114  0.025116819  -0.0062179631  -0.0063979523  -0.00067246514  
0.0061637838  -0.0040074863  -0.0018507721  5.6560222e-05  -0.023450028  0.025615541  -0.027648382  -0.99882360  0.0017110718  -0.0078488172  3.1597549e-06  0.0061637838  -0.0040074863  -0.0018507721  5.6560222e-05  -0.023450028  0.025615541  -0.027648382  -0.99882360  0.0017110718  -0.0078488172  3.1597549e-06  
-7.0656073e-06  0.00056461710  -0.0010360130  0.0023465486  -0.00087597932  0.0096641127  -0.0065593045  0.0024368405  0.99928299  -0.033451033  0.0024083785  -7.0656073e-06  0.00056461710  -0.0010360130  0.0023465486  -0.00087597932  0.0096641127  -0.0065593045  0.0024368405  0.99928299  -0.033451033  0.0024083785  
0.0011360258  0.00044672640  -0.00078858517  0.0023538605  -0.0042101463  -0.00033017791  0.0066098905  0.0077044183  -0.033444663  -0.99931437  0.0039435150  0.0011360258  0.00044672640  -0.00078858517  0.0023538605  -0.0042101463  -0.00033017791  0.0066098905  0.0077044183  -0.033444663  -0.99931437  0.0039435150  
0.00078923853  0.0012581819  4.4790541e-05  0.00088239214  0.00047814775  0.00054070655  0.00066572898  1.7911210e-05  0.0022790580  -0.0039891276  -0.99987428  0.00078923853  0.0012581819  4.4790541e-05  0.00088239214  0.00047814775  0.00054070655  0.00066572898  1.7911210e-05  0.0022790580  -0.0039891276  -0.99987428  
