-7.8853473e-19  -6.9560463e-18  -3.0594896e-18  1.3451942e-18  -1.2372769e-18  2.4895489e-19  -6.8576582e-18  4.0433912e-19  -1.1219693e-17  -9.9375494e-19  -6.7282970e-18  -7.8853473e-19  -6.9560463e-18  -3.0594896e-18  1.3451942e-18  -1.2372769e-18  2.4895489e-19  -6.8576582e-18  4.0433912e-19  -1.1219693e-17  -9.9375494e-19  -6.7282970e-18  
1.8154034e-18  2.0635840e-19  -9.9695778e-19  7.2336614e-19  7.6944473e-18  -4.0379649e-19  -5.7566477e-19  1.8850718e-18  -9.9361200e-18  6.1096486e-18  -3.0726120e-18  1.8154034e-18  2.0635840e-19  -9.9695778e-19  7.2336614e-19  7.6944473e-18  -4.0379649e-19  -5.7566477e-19  1.8850718e-18  -9.9361200e-18  6.1096486e-18  -3.0726120e-18  
9.2231300e-19  -2.3339993e-18  -8.0949880e-19  1.0443916e-18  8.4655649e-19  -1.7174966e-18  -4.8520231e-18  -4.9174630e-18  -6.8005364e-17  -2.1485520e-19  2.6604114e-19  9.2231300e-19  -2.3339993e-18  -8.0949880e-19  1.0443916e-18  8.4655649e-19  -1.7174966e-18  -4.8520231e-18  -4.9174630e-18  -6.8005364e-17  -2.1485520e-19  2.6604114e-19  
-5.1880768e-19  -6.1071075e-19  1.1992928e-18  -3.9535263e-19  1.3721934e-19  -6.3072191e-19  1.4746844e-18  1.4208978e-18  -8.4267073e-18  3.5249276e-18  5.8851849e-18  -5.1880768e-19  -6.1071075e-19  1.1992928e-18  -3.9535263e-19  1.3721934e-19  -6.3072191e-19  1.4746844e-18  1.4208978e-18  -8.4267073e-18  3.5249276e-18  5.8851849e-18  
-1.8439907e-18  1.5729402e-18  -1.7838514e-18  5.1796065e-19  2.7152171e-18  -1.8452489e-18  3.9260970e-19  2.1099061e-19  -1.2696018e-17  -2.7328724e-18  -8.8921519e-18  -1.8439907e-18  1.5729402e-18  -1.7838514e-18  5.1796065e-19  2.7152171e-18  -1.8452489e-18  3.9260970e-19  2.1099061e-19  -1.2696018e-17  -2.7328724e-18  -8.8921519e-18  
-5.5578596e-19  3.0193019e-18  -1.8243369e-18  6.9557287e-19  -7.3456285e-19  -8.3947252e-20  4.6391597e-19  -4.8005195e-18  -2.4613983e-18  1.2564675e-18  -5.9808467e-19  -5.5578596e-19  3.0193019e-18  -1.8243369e-18  6.9557287e-19  -7.3456285e-19  -8.3947252e-20  4.6391597e-19  -4.8005195e-18  -2.4613983e-18  1.2564675e-18  -5.9808467e-19  
1.6481805e-18  -1.2170275e-18  -7.2432500e-18  -4.0032895e-19  -4.2699063e-21  1.7669281e-19  4.1635723e-20  1.6611693e-18  -4.8729622e-17  -6.4393369e-17  -1.9623503e-18  1.6481805e-18  -1.2170275e-18  -7.2432500e-18  -4.0032895e-19  -4.2699063e-21  1.7669281e-19  4.1635723e-20  1.6611693e-18  -4.8729622e-17  -6.4393369e-17  -1.9623503e-18  
4.4773632e-19  2.6603187e-18  -4.4122476e-19  -7.2421317e-20  1.9305998e-18  2.6943903e-18  2.7422005e-18  6.2767582e-19  -9.6832476e-18  -1.8102067e-17  7.9618582e-18  4.4773632e-19  2.6603187e-18  -4.4122476e-19  -7.2421317e-20  1.9305998e-18  2.6943903e-18  2.7422005e-18  6.2767582e-19  -9.6832476e-18  -1.8102067e-17  7.9618582e-18  
-2.2795774e-18  8.0192844e-18  2.4541350e-17  -9.6731163e-19  3.0325857e-17  1.4828359e-17  -1.6821646e-16  -8.1463658e-18  -7.0692510e-20  2.0756609e-19  2.7780775e-17  -2.2795774e-18  8.0192844e-18  2.4541350e-17  -9.6731163e-19  3.0325857e-17  1.4828359e-17  -1.6821646e-16  -8.1463658e-18  -7.0692510e-20  2.0756609e-19  2.7780775e-17  
-5.8859261e-18  4.1826487e-18  5.1012559e-19  -2.1740371e-17  -2.0984844e-18  8.8585088e-18  9.8070136e-18  -6.2885645e-18  3.4783077e-18  1.4693788e-18  1.1083151e-16  -5.8859261e-18  4.1826487e-18  5.1012559e-19  -2.1740371e-17  -2.0984844e-18  8.8585088e-18  9.8070136e-18  -6.2885645e-18  3.4783077e-18  1.4693788e-18  1.1083151e-16  
2.1447933e-18  -3.7426151e-18  -3.6892255e-19  5.6406042e-18  6.1146250e-18  -7.3978402e-19  -3.1726281e-18  -7.1352997e-18  -5.2419904e-17  -1.6974175e-16  -3.0129227e-19  2.1447933e-18  -3.7426151e-18  -3.6892255e-19  5.6406042e-18  6.1146250e-18  -7.3978402e-19  -3.1726281e-18  -7.1352997e-18  -5.2419904e-17  -1.6974175e-16  -3.0129227e-19  
-7.8853473e-19  -6.9560463e-18  -3.0594896e-18  1.3451942e-18  -1.2372769e-18  2.4895489e-19  -6.8576582e-18  4.0433912e-19  -1.1219693e-17  -9.9375494e-19  -6.7282970e-18  -7.8853473e-19  -6.9560463e-18  -3.0594896e-18  1.3451942e-18  -1.2372769e-18  2.4895489e-19  -6.8576582e-18  4.0433912e-19  -1.1219693e-17  -9.9375494e-19  -6.7282970e-18  
1.8154034e-18  2.0635840e-19  -9.9695778e-19  7.2336614e-19  7.6944473e-18  -4.0379649e-19  -5.7566477e-19  1.8850718e-18  -9.9361200e-18  6.1096486e-18  -3.0726120e-18  1.8154034e-18  2.0635840e-19  -9.9695778e-19  7.2336614e-19  7.6944473e-18  -4.0379649e-19  -5.7566477e-19  1.8850718e-18  -9.9361200e-18  6.1096486e-18  -3.0726120e-18  
9.2231300e-19  -2.3339993e-18  -8.0949880e-19  1.0443916e-18  8.4655649e-19  -1.7174966e-18  -4.8520231e-18  -4.9174630e-18  -6.8005364e-17  -2.1485520e-19  2.6604114e-19  9.2231300e-19  -2.3339993e-18  -8.0949880e-19  1.0443916e-18  8.4655649e-19  -1.7174966e-18  -4.8520231e-18  -4.9174630e-18  -6.8005364e-17  -2.1485520e-19  2.6604114e-19  
-5.1880768e-19  -6.1071075e-19  1.1992928e-18  -3.9535263e-19  1.3721934e-19  -6.3072191e-19  1.4746844e-18  1.4208978e-18  -8.4267073e-18  3.5249276e-18  5.8851849e-18  -5.1880768e-19  -6.1071075e-19  1.1992928e-18  -3.9535263e-19  1.3721934e-19  -6.3072191e-19  1.4746844e-18  1.4208978e-18  -8.4267073e-18  3.5249276e-18  5.8851849e-18  
-1.8439907e-18  1.5729402e-18  -1.7838514e-18  5.1796065e-19  2.7152171e-18  -1.8452489e-18  3.9260970e-19  2.1099061e-19  -1.2696018e-17  -2.7328724e-18  -8.8921519e-18  -1.8439907e-18  1.5729402e-18  -1.7838514e-18  5.1796065e-19  2.7152171e-18  -1.8452489e-18  3.9260970e-19  2.1099061e-19  -1.2696018e-17  -2.7328724e-18  -8.8921519e-18  
-5.5578596e-19  3.0193019e-18  -1.8243369e-18  6.9557287e-19  -7.3456285e-19  -8.3947252e-20  4.6391597e-19  -4.8005195e-18  -2.4613983e-18  1.2564675e-18  -5.9808467e-19  -5.5578596e-19  3.0193019e-18  -1.8243369e-18  6.9557287e-19  -7.3456285e-19  -8.3947252e-20  4.6391597e-19  -4.8005195e-18  -2.4613983e-18  1.2564675e-18  -5.9808467e-19  
1.6481805e-18  -1.2170275e-18  -7.2432500e-18  -4.0032895e-19  -4.2699063e-21  1.7669281e-19  4.1635723e-20  1.6611693e-18  -4.8729622e-17  -6.4393369e-17  -1.9623503e-18  1.6481805e-18  -1.2170275e-18  -7.2432500e-18  -4.0032895e-19  -4.2699063e-21  1.7669281e-19  4.1635723e-20  1.6611693e-18  -4.8729622e-17  -6.4393369e-17  -1.9623503e-18  
4.4773632e-19  2.6603187e-18  -4.4122476e-19  -7.2421317e-20  1.9305998e-18  2.6943903e-18  2.7422005e-18  6.2767582e-19  -9.6832476e-18  -1.8102067e-17  7.9618582e-18  4.4773632e-19  2.6603187e-18  -4.4122476e-19  -7.2421317e-20  1.9305998e-18  2.6943903e-18  2.7422005e-18  6.2767582e-19  -9.6832476e-18  -1.8102067e-17  7.9618582e-18  
-2.2795774e-18  8.0192844e-18  2.4541350e-17  -9.6731163e-19  3.0325857e-17  1.4828359e-17  -1.6821646e-16  -8.1463658e-18  -7.0692510e-20  2.0756609e-19  2.7780775e-17  -2.2795774e-18  8.0192844e-18  2.4541350e-17  -9.6731163e-19  3.0325857e-17  1.4828359e-17  -1.6821646e-16  -8.1463658e-18  -7.0692510e-20  2.0756609e-19  2.7780775e-17  
-5.8859261e-18  4.1826487e-18  5.1012559e-19  -2.1740371e-17  -2.0984844e-18  8.8585088e-18  9.8070136e-18  -6.2885645e-18  3.4783077e-18  1.4693788e-18  1.1083151e-16  -5.8859261e-18  4.1826487e-18  5.1012559e-19  -2.1740371e-17  -2.0984844e-18  8.8585088e-18  9.8070136e-18  -6.2885645e-18  3.4783077e-18  1.4693788e-18  1.1083151e-16  
2.1447933e-18  -3.7426151e-18  -3.6892255e-19  5.6406042e-18  6.1146250e-18  -7.3978402e-19  -3.1726281e-18  -7.1352997e-18  -5.2419904e-17  -1.6974175e-16  -3.0129227e-19  2.1447933e-18  -3.7426151e-18  -3.6892255e-19  5.6406042e-18  6.1146250e-18  -7.3978402e-19  -3.1726281e-18  -7.1352997e-18  -5.2419904e-17  -1.6974175e-16  -3.0129227e-19  
