0.99959785  0.0063661067  0.0048420944  -0.0030068627  0.0028760168  0.0019212713  -0.0038797398  -0.0024848110  -0.00020289598  0.00064127393  0.0010272892  0.99959785  0.0063661067  0.0048420944  -0.0030068627  0.0028760168  0.0019212713  -0.0038797398  -0.0024848110  -0.00020289598  0.00064127393  0.0010272892  
-0.0064038129  0.99948545  0.019077786  -6.0136008e-05  -0.00030734113  -0.00043618344  -0.00097729679  0.0052020591  -0.0025829810  0.00035398904  0.0019948778  -0.0064038129  0.99948545  0.019077786  -6.0136008e-05  -0.00030734113  -0.00043618344  -0.00097729679  0.0052020591  -0.0025829810  0.00035398904  0.0019948778  
0.0047936548  0.019033263  -0.99969477  -0.0031905924  0.00063844506  -0.0010607966  -0.0015357144  -0.00053192139  0.00018017247  -0.0012154806  0.00066618371  0.0047936548  0.019033263  -0.99969477  -0.0031905924  0.00063844506  -0.0010607966  -0.0015357144  -0.00053192139  0.00018017247  -0.0012154806  0.00066618371  
0.0029183622  5.4789768e-05  -0.0031650662  0.99978131  0.013705948  -0.0055160079  -0.00031723965  0.0031108479  0.00078583941  -1.4814672e-05  -0.00079965719  0.0029183622  5.4789768e-05  -0.0031650662  0.99978131  0.013705948  -0.0055160079  -0.00031723965  0.0031108479  0.00078583941  -1.4814672e-05  -0.00079965719  
0.0028836155  -0.00022064724  -0.00069521319  0.013712368  -0.99982577  0.00075907616  0.0016615485  0.00013635103  -0.0035346289  -0.00061168428  -0.0012892827  0.0028836155  -0.00022064724  -0.00069521319  0.013712368  -0.99982577  0.00075907616  0.0016615485  0.00013635103  -0.0035346289  -0.00061168428  -0.0012892827  
-0.0014008756  0.00049789666  -0.0012345534  0.0055186602  0.0010424117  0.99325841  0.11436550  0.0011646767  -0.0022849733  0.0077691835  0.0016007828  -0.0014008756  0.00049789666  -0.0012345534  0.0055186602  0.0010424117  0.99325841  0.11436550  0.0011646767  -0.0022849733  0.0077691835  0.0016007828  
-0.0039200830  -0.0014559996  0.0013089461  3.8299222e-05  -0.0015409253  0.11377259  -0.98954515  0.086816447  -0.0062298992  0.00047081902  -0.00068900142  -0.0039200830  -0.0014559996  0.0013089461  3.8299222e-05  -0.0015409253  0.11377259  -0.98954515  0.086816447  -0.0062298992  0.00047081902  -0.00068900142  
0.0028712588  -0.0052396617  -0.00072180404  -0.0031431392  0.00034100561  -0.011063802  0.086214334  0.99595004  -0.014379359  -0.0043132368  0.0037441683  0.0028712588  -0.0052396617  -0.00072180404  -0.0031431392  0.00034100561  -0.011063802  0.086214334  0.99595004  -0.014379359  -0.0043132368  0.0037441683  
-0.00020228748  -0.0024529544  -0.00020250649  0.00078472865  0.0035635247  -0.0026651064  0.0046516809  -0.014955857  -0.99958368  -0.021624559  0.0020748197  -0.00020228748  -0.0024529544  -0.00020250649  0.00078472865  0.0035635247  -0.0026651064  0.0046516809  -0.014955857  -0.99958368  -0.021624559  0.0020748197  
-0.00061067295  -0.00045255706  -0.0012298307  4.7518852e-06  -0.00058616591  -0.0078798538  3.1774777e-05  0.0039103543  -0.021642402  0.99960982  0.0094622942  -0.00061067295  -0.00045255706  -0.0012298307  4.7518852e-06  -0.00058616591  -0.0078798538  3.1774777e-05  0.0039103543  -0.021642402  0.99960982  0.0094622942  
0.0010062980  0.0019708508  -0.00055541827  -0.00075196530  0.0012853675  0.0014203169  0.0011742627  0.0036818369  -0.0023021377  0.0094182151  -0.99983185  0.0010062980  0.0019708508  -0.00055541827  -0.00075196530  0.0012853675  0.0014203169  0.0011742627  0.0036818369  -0.0023021377  0.0094182151  -0.99983185  
0.99959785  0.0063661067  0.0048420944  -0.0030068627  0.0028760168  0.0019212713  -0.0038797398  -0.0024848110  -0.00020289598  0.00064127393  0.0010272892  0.99959785  0.0063661067  0.0048420944  -0.0030068627  0.0028760168  0.0019212713  -0.0038797398  -0.0024848110  -0.00020289598  0.00064127393  0.0010272892  
-0.0064038129  0.99948545  0.019077786  -6.0136008e-05  -0.00030734113  -0.00043618344  -0.00097729679  0.0052020591  -0.0025829810  0.00035398904  0.0019948778  -0.0064038129  0.99948545  0.019077786  -6.0136008e-05  -0.00030734113  -0.00043618344  -0.00097729679  0.0052020591  -0.0025829810  0.00035398904  0.0019948778  
0.0047936548  0.019033263  -0.99969477  -0.0031905924  0.00063844506  -0.0010607966  -0.0015357144  -0.00053192139  0.00018017247  -0.0012154806  0.00066618371  0.0047936548  0.019033263  -0.99969477  -0.0031905924  0.00063844506  -0.0010607966  -0.0015357144  -0.00053192139  0.00018017247  -0.0012154806  0.00066618371  
0.0029183622  5.4789768e-05  -0.0031650662  0.99978131  0.013705948  -0.0055160079  -0.00031723965  0.0031108479  0.00078583941  -1.4814672e-05  -0.00079965719  0.0029183622  5.4789768e-05  -0.0031650662  0.99978131  0.013705948  -0.0055160079  -0.00031723965  0.0031108479  0.00078583941  -1.4814672e-05  -0.00079965719  
0.0028836155  -0.00022064724  -0.00069521319  0.013712368  -0.99982577  0.00075907616  0.0016615485  0.00013635103  -0.0035346289  -0.00061168428  -0.0012892827  0.0028836155  -0.00022064724  -0.00069521319  0.013712368  -0.99982577  0.00075907616  0.0016615485  0.00013635103  -0.0035346289  -0.00061168428  -0.0012892827  
-0.0014008756  0.00049789666  -0.0012345534  0.0055186602  0.0010424117  0.99325841  0.11436550  0.0011646767  -0.0022849733  0.0077691835  0.0016007828  -0.0014008756  0.00049789666  -0.0012345534  0.0055186602  0.0010424117  0.99325841  0.11436550  0.0011646767  -0.0022849733  0.0077691835  0.0016007828  
-0.0039200830  -0.0014559996  0.0013089461  3.8299222e-05  -0.0015409253  0.11377259  -0.98954515  0.086816447  -0.0062298992  0.00047081902  -0.00068900142  -0.0039200830  -0.0014559996  0.0013089461  3.8299222e-05  -0.0015409253  0.11377259  -0.98954515  0.086816447  -0.0062298992  0.00047081902  -0.00068900142  
0.0028712588  -0.0052396617  -0.00072180404  -0.0031431392  0.00034100561  -0.011063802  0.086214334  0.99595004  -0.014379359  -0.0043132368  0.0037441683  0.0028712588  -0.0052396617  -0.00072180404  -0.0031431392  0.00034100561  -0.011063802  0.086214334  0.99595004  -0.014379359  -0.0043132368  0.0037441683  
-0.00020228748  -0.0024529544  -0.00020250649  0.00078472865  0.0035635247  -0.0026651064  0.0046516809  -0.014955857  -0.99958368  -0.021624559  0.0020748197  -0.00020228748  -0.0024529544  -0.00020250649  0.00078472865  0.0035635247  -0.0026651064  0.0046516809  -0.014955857  -0.99958368  -0.021624559  0.0020748197  
-0.00061067295  -0.00045255706  -0.0012298307  4.7518852e-06  -0.00058616591  -0.0078798538  3.1774777e-05  0.0039103543  -0.021642402  0.99960982  0.0094622942  -0.00061067295  -0.00045255706  -0.0012298307  4.7518852e-06  -0.00058616591  -0.0078798538  3.1774777e-05  0.0039103543  -0.021642402  0.99960982  0.0094622942  
0.0010062980  0.0019708508  -0.00055541827  -0.00075196530  0.0012853675  0.0014203169  0.0011742627  0.0036818369  -0.0023021377  0.0094182151  -0.99983185  0.0010062980  0.0019708508  -0.00055541827  -0.00075196530  0.0012853675  0.0014203169  0.0011742627  0.0036818369  -0.0023021377  0.0094182151  -0.99983185  
