-0.99992310  -0.0017664732  -0.0049755970  -0.0014877494  0.0016426021  0.00011401736  -0.0027618803  -5.8842128e-05  -0.00014634551  -0.00029138646  0.00077653950  -0.99992310  -0.0017664732  -0.0049755970  -0.0014877494  0.0016426021  0.00011401736  -0.0027618803  -5.8842128e-05  -0.00014634551  -0.00029138646  0.00077653950  
-0.0017035095  0.99992418  -0.0052917197  -0.0013644493  -0.0013149631  -0.0032653758  0.00087589721  0.0012666517  0.00058757238  4.4857518e-06  0.00037909501  -0.0017035095  0.99992418  -0.0052917197  -0.0013644493  -0.0013149631  -0.0032653758  0.00087589721  0.0012666517  0.00058757238  4.4857518e-06  0.00037909501  
0.0049890708  -0.0053049259  -0.99984417  0.0058989726  -0.0043256334  -0.00021935761  -0.00015402520  -0.0019238267  0.00051561852  0.00070433903  -0.00017873422  0.0049890708  -0.0053049259  -0.99984417  0.0058989726  -0.0043256334  -0.00021935761  -0.00015402520  -0.0019238267  0.00051561852  0.00070433903  -0.00017873422  
-0.0015305339  0.0014066831  0.0059008268  0.99985906  -0.0076283784  -0.0010020219  0.0013592743  0.00033319718  0.00020514658  -0.0011842526  8.8891496e-05  -0.0015305339  0.0014066831  0.0059008268  0.99985906  -0.0076283784  -0.0010020219  0.0013592743  0.00033319718  0.00020514658  -0.0011842526  8.8891496e-05  
0.0016131325  0.0013189564  -0.0043009382  0.0076630522  0.99990916  0.00098885406  -0.00062012541  0.0017551394  0.0010331088  -0.0033162283  -0.0026596865  0.0016131325  0.0013189564  -0.0043009382  0.0076630522  0.99990916  0.00098885406  -0.00062012541  0.0017551394  0.0010331088  -0.0033162283  -0.0026596865  
-0.00014841307  -0.0032976017  0.00017295180  -0.0010232397  0.00098587431  -0.99970500  0.012939457  0.015955844  0.0048085242  0.00012525763  -0.00084900403  -0.00014841307  -0.0032976017  0.00017295180  -0.0010232397  0.00098587431  -0.99970500  0.012939457  0.015955844  0.0048085242  0.00012525763  -0.00084900403  
-0.0027214705  -0.00081537738  -0.00013888139  -0.0013091978  0.00070134426  0.012691611  0.99962066  -0.016402998  0.00039944650  0.012480299  8.7894010e-05  -0.0027214705  -0.00081537738  -0.00013888139  -0.0013091978  0.00070134426  0.012691611  0.99962066  -0.016402998  0.00039944650  0.012480299  8.7894010e-05  
-7.5842017e-05  -0.0012627461  -0.0019262612  -0.00033204533  -0.0017425813  0.016158179  0.016223238  0.99969342  -0.0013255794  -0.00081572978  -0.0011799817  -7.5842017e-05  -0.0012627461  -0.0019262612  -0.00033204533  -0.0017425813  0.016158179  0.016223238  0.99969342  -0.0013255794  -0.00081572978  -0.0011799817  
0.00014081301  0.00057249538  -0.00045537265  0.00031901075  0.0013175936  -0.0048162879  -0.00057106162  -0.0011542423  -0.99663592  0.081502806  0.0019853791  0.00014081301  0.00057249538  -0.00045537265  0.00031901075  0.0013175936  -0.0048162879  -0.00057106162  -0.0011542423  -0.99663592  0.081502806  0.0019853791  
-0.00028109108  -3.4962595e-05  0.00072155645  0.0011955654  0.0032310744  0.00040026080  -0.012453689  0.0011231799  0.081499926  0.99655771  0.0011310219  -0.00028109108  -3.4962595e-05  0.00072155645  0.0011955654  0.0032310744  0.00040026080  -0.012453689  0.0011231799  0.081499926  0.99655771  0.0011310219  
0.00080044229  -0.00040044881  -0.00012816391  -7.1763053e-05  0.0026599047  -0.00084344120  -3.1299999e-05  0.0011846618  0.0018847690  -0.0012818462  0.99991324  0.00080044229  -0.00040044881  -0.00012816391  -7.1763053e-05  0.0026599047  -0.00084344120  -3.1299999e-05  0.0011846618  0.0018847690  -0.0012818462  0.99991324  
-0.99992310  -0.0017664732  -0.0049755970  -0.0014877494  0.0016426021  0.00011401736  -0.0027618803  -5.8842128e-05  -0.00014634551  -0.00029138646  0.00077653950  -0.99992310  -0.0017664732  -0.0049755970  -0.0014877494  0.0016426021  0.00011401736  -0.0027618803  -5.8842128e-05  -0.00014634551  -0.00029138646  0.00077653950  
-0.0017035095  0.99992418  -0.0052917197  -0.0013644493  -0.0013149631  -0.0032653758  0.00087589721  0.0012666517  0.00058757238  4.4857518e-06  0.00037909501  -0.0017035095  0.99992418  -0.0052917197  -0.0013644493  -0.0013149631  -0.0032653758  0.00087589721  0.0012666517  0.00058757238  4.4857518e-06  0.00037909501  
0.0049890708  -0.0053049259  -0.99984417  0.0058989726  -0.0043256334  -0.00021935761  -0.00015402520  -0.0019238267  0.00051561852  0.00070433903  -0.00017873422  0.0049890708  -0.0053049259  -0.99984417  0.0058989726  -0.0043256334  -0.00021935761  -0.00015402520  -0.0019238267  0.00051561852  0.00070433903  -0.00017873422  
-0.0015305339  0.0014066831  0.0059008268  0.99985906  -0.0076283784  -0.0010020219  0.0013592743  0.00033319718  0.00020514658  -0.0011842526  8.8891496e-05  -0.0015305339  0.0014066831  0.0059008268  0.99985906  -0.0076283784  -0.0010020219  0.0013592743  0.00033319718  0.00020514658  -0.0011842526  8.8891496e-05  
0.0016131325  0.0013189564  -0.0043009382  0.0076630522  0.99990916  0.00098885406  -0.00062012541  0.0017551394  0.0010331088  -0.0033162283  -0.0026596865  0.0016131325  0.0013189564  -0.0043009382  0.0076630522  0.99990916  0.00098885406  -0.00062012541  0.0017551394  0.0010331088  -0.0033162283  -0.0026596865  
-0.00014841307  -0.0032976017  0.00017295180  -0.0010232397  0.00098587431  -0.99970500  0.012939457  0.015955844  0.0048085242  0.00012525763  -0.00084900403  -0.00014841307  -0.0032976017  0.00017295180  -0.0010232397  0.00098587431  -0.99970500  0.012939457  0.015955844  0.0048085242  0.00012525763  -0.00084900403  
-0.0027214705  -0.00081537738  -0.00013888139  -0.0013091978  0.00070134426  0.012691611  0.99962066  -0.016402998  0.00039944650  0.012480299  8.7894010e-05  -0.0027214705  -0.00081537738  -0.00013888139  -0.0013091978  0.00070134426  0.012691611  0.99962066  -0.016402998  0.00039944650  0.012480299  8.7894010e-05  
-7.5842017e-05  -0.0012627461  -0.0019262612  -0.00033204533  -0.0017425813  0.016158179  0.016223238  0.99969342  -0.0013255794  -0.00081572978  -0.0011799817  -7.5842017e-05  -0.0012627461  -0.0019262612  -0.00033204533  -0.0017425813  0.016158179  0.016223238  0.99969342  -0.0013255794  -0.00081572978  -0.0011799817  
0.00014081301  0.00057249538  -0.00045537265  0.00031901075  0.0013175936  -0.0048162879  -0.00057106162  -0.0011542423  -0.99663592  0.081502806  0.0019853791  0.00014081301  0.00057249538  -0.00045537265  0.00031901075  0.0013175936  -0.0048162879  -0.00057106162  -0.0011542423  -0.99663592  0.081502806  0.0019853791  
-0.00028109108  -3.4962595e-05  0.00072155645  0.0011955654  0.0032310744  0.00040026080  -0.012453689  0.0011231799  0.081499926  0.99655771  0.0011310219  -0.00028109108  -3.4962595e-05  0.00072155645  0.0011955654  0.0032310744  0.00040026080  -0.012453689  0.0011231799  0.081499926  0.99655771  0.0011310219  
0.00080044229  -0.00040044881  -0.00012816391  -7.1763053e-05  0.0026599047  -0.00084344120  -3.1299999e-05  0.0011846618  0.0018847690  -0.0012818462  0.99991324  0.00080044229  -0.00040044881  -0.00012816391  -7.1763053e-05  0.0026599047  -0.00084344120  -3.1299999e-05  0.0011846618  0.0018847690  -0.0012818462  0.99991324  
