-9.5891541e-18  -3.0854022e-17  3.8150364e-18  -3.1704443e-18  3.4201073e-18  9.2936455e-18  3.5219630e-18  8.0535893e-18  8.3055816e-18  -1.9312351e-18  1.2536088e-18  -9.5891541e-18  -3.0854022e-17  3.8150364e-18  -3.1704443e-18  3.4201073e-18  9.2936455e-18  3.5219630e-18  8.0535893e-18  8.3055816e-18  -1.9312351e-18  1.2536088e-18  
-4.5744861e-17  9.6117064e-19  -9.8425228e-19  -1.5293603e-17  -1.9157768e-18  5.0559397e-18  -3.8042791e-17  3.4843336e-17  8.0336840e-18  2.7220463e-18  -1.9695210e-17  -4.5744861e-17  9.6117064e-19  -9.8425228e-19  -1.5293603e-17  -1.9157768e-18  5.0559397e-18  -3.8042791e-17  3.4843336e-17  8.0336840e-18  2.7220463e-18  -1.9695210e-17  
-1.1943165e-19  1.3876094e-17  9.1871311e-19  -4.7519819e-17  4.2616769e-17  4.0869340e-18  2.4530074e-18  -7.2949124e-18  4.8115971e-17  8.4025668e-18  3.7794610e-18  -1.1943165e-19  1.3876094e-17  9.1871311e-19  -4.7519819e-17  4.2616769e-17  4.0869340e-18  2.4530074e-18  -7.2949124e-18  4.8115971e-17  8.4025668e-18  3.7794610e-18  
-3.4440360e-18  -9.6714222e-18  2.9679611e-17  -4.2118713e-19  -3.0885998e-18  -9.2411295e-19  -1.8022320e-17  4.5556608e-18  3.8481342e-17  -2.1054063e-17  3.5079870e-17  -3.4440360e-18  -9.6714222e-18  2.9679611e-17  -4.2118713e-19  -3.0885998e-18  -9.2411295e-19  -1.8022320e-17  4.5556608e-18  3.8481342e-17  -2.1054063e-17  3.5079870e-17  
-2.9965590e-17  -9.8025535e-18  -1.2947110e-17  7.1647341e-18  2.2537694e-18  9.4465349e-19  -9.5236679e-18  5.5481320e-19  -3.9774100e-17  -3.7774506e-17  2.9295323e-17  -2.9965590e-17  -9.8025535e-18  -1.2947110e-17  7.1647341e-18  2.2537694e-18  9.4465349e-19  -9.5236679e-18  5.5481320e-19  -3.9774100e-17  -3.7774506e-17  2.9295323e-17  
3.4536921e-17  -3.8822061e-17  -1.1320595e-17  -2.0421964e-18  8.9626674e-19  -5.0716892e-18  1.0363025e-17  5.2351930e-18  -6.7975453e-18  -5.3597069e-18  -4.0778284e-17  3.4536921e-17  -3.8822061e-17  -1.1320595e-17  -2.0421964e-18  8.9626674e-19  -5.0716892e-18  1.0363025e-17  5.2351930e-18  -6.7975453e-18  -5.3597069e-18  -4.0778284e-17  
-1.1130013e-18  -1.7113454e-17  1.5514255e-17  6.9888688e-18  -1.4472828e-17  -1.6771252e-19  -1.4080864e-18  7.2791894e-19  -9.3385382e-20  -8.9303742e-18  5.2037469e-18  -1.1130013e-18  -1.7113454e-17  1.5514255e-17  6.9888688e-18  -1.4472828e-17  -1.6771252e-19  -1.4080864e-18  7.2791894e-19  -9.3385382e-20  -8.9303742e-18  5.2037469e-18  
-9.7637488e-18  2.2360611e-17  1.3755762e-17  -5.1817241e-19  2.0615908e-17  -2.6938824e-18  -6.9420703e-18  -3.5764709e-18  1.6022978e-17  2.2003851e-17  4.9250625e-17  -9.7637488e-18  2.2360611e-17  1.3755762e-17  -5.1817241e-19  2.0615908e-17  -2.6938824e-18  -6.9420703e-18  -3.5764709e-18  1.6022978e-17  2.2003851e-17  4.9250625e-17  
-1.4047830e-17  7.6787772e-18  -3.5404918e-18  4.1189095e-18  -3.8740296e-17  6.0093811e-18  -7.1491698e-18  -7.6538294e-18  1.1003001e-17  2.9801795e-17  5.7518048e-16  -1.4047830e-17  7.6787772e-18  -3.5404918e-18  4.1189095e-18  -3.8740296e-17  6.0093811e-18  -7.1491698e-18  -7.6538294e-18  1.1003001e-17  2.9801795e-17  5.7518048e-16  
-1.6484743e-17  6.6984424e-18  1.3490058e-18  -8.0122964e-18  7.7037117e-18  -9.9968946e-18  3.8573033e-17  -5.0744156e-18  -8.8521878e-17  -2.5649613e-18  -1.5425709e-16  -1.6484743e-17  6.6984424e-18  1.3490058e-18  -8.0122964e-18  7.7037117e-18  -9.9968946e-18  3.8573033e-17  -5.0744156e-18  -8.8521878e-17  -2.5649613e-18  -1.5425709e-16  
1.3023979e-17  5.6276869e-18  -6.0113928e-18  -1.7448879e-18  7.1972390e-17  8.6905580e-19  -7.9582981e-18  7.9494042e-18  -3.8379253e-16  4.2282053e-16  -1.1882681e-18  1.3023979e-17  5.6276869e-18  -6.0113928e-18  -1.7448879e-18  7.1972390e-17  8.6905580e-19  -7.9582981e-18  7.9494042e-18  -3.8379253e-16  4.2282053e-16  -1.1882681e-18  
-9.5891541e-18  -3.0854022e-17  3.8150364e-18  -3.1704443e-18  3.4201073e-18  9.2936455e-18  3.5219630e-18  8.0535893e-18  8.3055816e-18  -1.9312351e-18  1.2536088e-18  -9.5891541e-18  -3.0854022e-17  3.8150364e-18  -3.1704443e-18  3.4201073e-18  9.2936455e-18  3.5219630e-18  8.0535893e-18  8.3055816e-18  -1.9312351e-18  1.2536088e-18  
-4.5744861e-17  9.6117064e-19  -9.8425228e-19  -1.5293603e-17  -1.9157768e-18  5.0559397e-18  -3.8042791e-17  3.4843336e-17  8.0336840e-18  2.7220463e-18  -1.9695210e-17  -4.5744861e-17  9.6117064e-19  -9.8425228e-19  -1.5293603e-17  -1.9157768e-18  5.0559397e-18  -3.8042791e-17  3.4843336e-17  8.0336840e-18  2.7220463e-18  -1.9695210e-17  
-1.1943165e-19  1.3876094e-17  9.1871311e-19  -4.7519819e-17  4.2616769e-17  4.0869340e-18  2.4530074e-18  -7.2949124e-18  4.8115971e-17  8.4025668e-18  3.7794610e-18  -1.1943165e-19  1.3876094e-17  9.1871311e-19  -4.7519819e-17  4.2616769e-17  4.0869340e-18  2.4530074e-18  -7.2949124e-18  4.8115971e-17  8.4025668e-18  3.7794610e-18  
-3.4440360e-18  -9.6714222e-18  2.9679611e-17  -4.2118713e-19  -3.0885998e-18  -9.2411295e-19  -1.8022320e-17  4.5556608e-18  3.8481342e-17  -2.1054063e-17  3.5079870e-17  -3.4440360e-18  -9.6714222e-18  2.9679611e-17  -4.2118713e-19  -3.0885998e-18  -9.2411295e-19  -1.8022320e-17  4.5556608e-18  3.8481342e-17  -2.1054063e-17  3.5079870e-17  
-2.9965590e-17  -9.8025535e-18  -1.2947110e-17  7.1647341e-18  2.2537694e-18  9.4465349e-19  -9.5236679e-18  5.5481320e-19  -3.9774100e-17  -3.7774506e-17  2.9295323e-17  -2.9965590e-17  -9.8025535e-18  -1.2947110e-17  7.1647341e-18  2.2537694e-18  9.4465349e-19  -9.5236679e-18  5.5481320e-19  -3.9774100e-17  -3.7774506e-17  2.9295323e-17  
3.4536921e-17  -3.8822061e-17  -1.1320595e-17  -2.0421964e-18  8.9626674e-19  -5.0716892e-18  1.0363025e-17  5.2351930e-18  -6.7975453e-18  -5.3597069e-18  -4.0778284e-17  3.4536921e-17  -3.8822061e-17  -1.1320595e-17  -2.0421964e-18  8.9626674e-19  -5.0716892e-18  1.0363025e-17  5.2351930e-18  -6.7975453e-18  -5.3597069e-18  -4.0778284e-17  
-1.1130013e-18  -1.7113454e-17  1.5514255e-17  6.9888688e-18  -1.4472828e-17  -1.6771252e-19  -1.4080864e-18  7.2791894e-19  -9.3385382e-20  -8.9303742e-18  5.2037469e-18  -1.1130013e-18  -1.7113454e-17  1.5514255e-17  6.9888688e-18  -1.4472828e-17  -1.6771252e-19  -1.4080864e-18  7.2791894e-19  -9.3385382e-20  -8.9303742e-18  5.2037469e-18  
-9.7637488e-18  2.2360611e-17  1.3755762e-17  -5.1817241e-19  2.0615908e-17  -2.6938824e-18  -6.9420703e-18  -3.5764709e-18  1.6022978e-17  2.2003851e-17  4.9250625e-17  -9.7637488e-18  2.2360611e-17  1.3755762e-17  -5.1817241e-19  2.0615908e-17  -2.6938824e-18  -6.9420703e-18  -3.5764709e-18  1.6022978e-17  2.2003851e-17  4.9250625e-17  
-1.4047830e-17  7.6787772e-18  -3.5404918e-18  4.1189095e-18  -3.8740296e-17  6.0093811e-18  -7.1491698e-18  -7.6538294e-18  1.1003001e-17  2.9801795e-17  5.7518048e-16  -1.4047830e-17  7.6787772e-18  -3.5404918e-18  4.1189095e-18  -3.8740296e-17  6.0093811e-18  -7.1491698e-18  -7.6538294e-18  1.1003001e-17  2.9801795e-17  5.7518048e-16  
-1.6484743e-17  6.6984424e-18  1.3490058e-18  -8.0122964e-18  7.7037117e-18  -9.9968946e-18  3.8573033e-17  -5.0744156e-18  -8.8521878e-17  -2.5649613e-18  -1.5425709e-16  -1.6484743e-17  6.6984424e-18  1.3490058e-18  -8.0122964e-18  7.7037117e-18  -9.9968946e-18  3.8573033e-17  -5.0744156e-18  -8.8521878e-17  -2.5649613e-18  -1.5425709e-16  
1.3023979e-17  5.6276869e-18  -6.0113928e-18  -1.7448879e-18  7.1972390e-17  8.6905580e-19  -7.9582981e-18  7.9494042e-18  -3.8379253e-16  4.2282053e-16  -1.1882681e-18  1.3023979e-17  5.6276869e-18  -6.0113928e-18  -1.7448879e-18  7.1972390e-17  8.6905580e-19  -7.9582981e-18  7.9494042e-18  -3.8379253e-16  4.2282053e-16  -1.1882681e-18  
