-0.99970084  -0.019411169  -0.00026282821  -8.6751682e-05  0.00088989102  -0.0070476413  0.00079873561  -0.0036707095  0.00028112620  -0.00010684134  0.00026861546  -0.99970084  -0.019411169  -0.00026282821  -8.6751682e-05  0.00088989102  -0.0070476413  0.00079873561  -0.0036707095  0.00028112620  -0.00010684134  0.00026861546  
-0.019362694  0.99955437  -0.0087481429  -0.0013186428  0.00098255697  0.00020745839  0.0050167095  -0.00090987888  -0.00012992353  -1.6447071e-05  0.00014090099  -0.019362694  0.99955437  -0.0087481429  -0.0013186428  0.00098255697  0.00020745839  0.0050167095  -0.00090987888  -0.00012992353  -1.6447071e-05  0.00014090099  
-0.00046665459  0.0085605351  0.99964776  -0.0062518923  -0.0032032088  0.00075776676  -0.0020368137  -0.0027573353  0.0011066094  -0.0020334667  0.00034673969  -0.00046665459  0.0085605351  0.99964776  -0.0062518923  -0.0032032088  0.00075776676  -0.0020368137  -0.0027573353  0.0011066094  -0.0020334667  0.00034673969  
-5.9941137e-05  0.0013098476  0.0062154548  0.99977940  0.0081712086  -0.00086049287  -0.0011662090  0.00026340148  0.00094378538  -0.00017588467  -0.00035827357  -5.9941137e-05  0.0013098476  0.0062154548  0.99977940  0.0081712086  -0.00086049287  -0.0011662090  0.00026340148  0.00094378538  -0.00017588467  -0.00035827357  
-0.00092219642  0.0010124725  -0.0030524781  0.0081793831  -0.99986027  0.0037882028  0.0015266731  -0.00049748147  -0.0024334165  0.0020141082  -0.0043316944  -0.00092219642  0.0010124725  -0.0030524781  0.0081793831  -0.99986027  0.0037882028  0.0015266731  -0.00049748147  -0.0024334165  0.0020141082  -0.0043316944  
0.0071067141  -0.00013808082  0.00093351038  -0.00069133860  -0.0036072225  -0.99466610  0.10102512  -0.011127415  0.0082355122  0.0013362959  -0.00053550853  0.0071067141  -0.00013808082  0.00093351038  -0.00069133860  -0.0036072225  -0.99466610  0.10102512  -0.011127415  0.0082355122  0.0013362959  -0.00053550853  
-0.00034237552  0.0049517148  -0.0018725257  -0.0012634668  -0.0019436855  -0.10148104  -0.99328225  0.053063091  -0.0016959089  -0.0084231710  -0.00065068547  -0.00034237552  0.0049517148  -0.0018725257  -0.0012634668  -0.0019436855  -0.10148104  -0.99328225  0.053063091  -0.0016959089  -0.0084231710  -0.00065068547  
0.0035846692  -0.00070108832  -0.0029317754  0.00018167882  0.00031704827  0.0056911125  -0.053840312  -0.99839554  -0.0016621791  -0.0058065904  0.00031203057  0.0035846692  -0.00070108832  -0.0029317754  0.00018167882  0.00031704827  0.0056911125  -0.053840312  -0.99839554  -0.0016621791  -0.0058065904  0.00031203057  
0.00025478282  8.3297246e-05  -0.0011660660  -0.00097486995  -0.0024179381  0.0080096208  -0.0026059121  -0.0014263623  0.99989396  0.0014802082  -0.0033192782  0.00025478282  8.3297246e-05  -0.0011660660  -0.00097486995  -0.0024179381  0.0080096208  -0.0026059121  -0.0014263623  0.99989396  0.0014802082  -0.0033192782  
9.0624807e-05  -4.6688471e-05  -0.0020073279  -0.00013904907  -0.0020016024  -0.00049406199  0.0088099914  0.0053590772  0.0014948505  -0.99988760  -0.0058024016  9.0624807e-05  -4.6688471e-05  -0.0020073279  -0.00013904907  -0.0020016024  -0.00049406199  0.0088099914  0.0053590772  0.0014948505  -0.99988760  -0.0058024016  
0.00028276276  -0.00010128534  -0.00030203960  0.00037878228  -0.0043499807  -0.00061720491  -0.00052516595  0.00036059676  0.0032778166  -0.0057956714  0.99985361  0.00028276276  -0.00010128534  -0.00030203960  0.00037878228  -0.0043499807  -0.00061720491  -0.00052516595  0.00036059676  0.0032778166  -0.0057956714  0.99985361  
-0.99970084  -0.019411169  -0.00026282821  -8.6751682e-05  0.00088989102  -0.0070476413  0.00079873561  -0.0036707095  0.00028112620  -0.00010684134  0.00026861546  -0.99970084  -0.019411169  -0.00026282821  -8.6751682e-05  0.00088989102  -0.0070476413  0.00079873561  -0.0036707095  0.00028112620  -0.00010684134  0.00026861546  
-0.019362694  0.99955437  -0.0087481429  -0.0013186428  0.00098255697  0.00020745839  0.0050167095  -0.00090987888  -0.00012992353  -1.6447071e-05  0.00014090099  -0.019362694  0.99955437  -0.0087481429  -0.0013186428  0.00098255697  0.00020745839  0.0050167095  -0.00090987888  -0.00012992353  -1.6447071e-05  0.00014090099  
-0.00046665459  0.0085605351  0.99964776  -0.0062518923  -0.0032032088  0.00075776676  -0.0020368137  -0.0027573353  0.0011066094  -0.0020334667  0.00034673969  -0.00046665459  0.0085605351  0.99964776  -0.0062518923  -0.0032032088  0.00075776676  -0.0020368137  -0.0027573353  0.0011066094  -0.0020334667  0.00034673969  
-5.9941137e-05  0.0013098476  0.0062154548  0.99977940  0.0081712086  -0.00086049287  -0.0011662090  0.00026340148  0.00094378538  -0.00017588467  -0.00035827357  -5.9941137e-05  0.0013098476  0.0062154548  0.99977940  0.0081712086  -0.00086049287  -0.0011662090  0.00026340148  0.00094378538  -0.00017588467  -0.00035827357  
-0.00092219642  0.0010124725  -0.0030524781  0.0081793831  -0.99986027  0.0037882028  0.0015266731  -0.00049748147  -0.0024334165  0.0020141082  -0.0043316944  -0.00092219642  0.0010124725  -0.0030524781  0.0081793831  -0.99986027  0.0037882028  0.0015266731  -0.00049748147  -0.0024334165  0.0020141082  -0.0043316944  
0.0071067141  -0.00013808082  0.00093351038  -0.00069133860  -0.0036072225  -0.99466610  0.10102512  -0.011127415  0.0082355122  0.0013362959  -0.00053550853  0.0071067141  -0.00013808082  0.00093351038  -0.00069133860  -0.0036072225  -0.99466610  0.10102512  -0.011127415  0.0082355122  0.0013362959  -0.00053550853  
-0.00034237552  0.0049517148  -0.0018725257  -0.0012634668  -0.0019436855  -0.10148104  -0.99328225  0.053063091  -0.0016959089  -0.0084231710  -0.00065068547  -0.00034237552  0.0049517148  -0.0018725257  -0.0012634668  -0.0019436855  -0.10148104  -0.99328225  0.053063091  -0.0016959089  -0.0084231710  -0.00065068547  
0.0035846692  -0.00070108832  -0.0029317754  0.00018167882  0.00031704827  0.0056911125  -0.053840312  -0.99839554  -0.0016621791  -0.0058065904  0.00031203057  0.0035846692  -0.00070108832  -0.0029317754  0.00018167882  0.00031704827  0.0056911125  -0.053840312  -0.99839554  -0.0016621791  -0.0058065904  0.00031203057  
0.00025478282  8.3297246e-05  -0.0011660660  -0.00097486995  -0.0024179381  0.0080096208  -0.0026059121  -0.0014263623  0.99989396  0.0014802082  -0.0033192782  0.00025478282  8.3297246e-05  -0.0011660660  -0.00097486995  -0.0024179381  0.0080096208  -0.0026059121  -0.0014263623  0.99989396  0.0014802082  -0.0033192782  
9.0624807e-05  -4.6688471e-05  -0.0020073279  -0.00013904907  -0.0020016024  -0.00049406199  0.0088099914  0.0053590772  0.0014948505  -0.99988760  -0.0058024016  9.0624807e-05  -4.6688471e-05  -0.0020073279  -0.00013904907  -0.0020016024  -0.00049406199  0.0088099914  0.0053590772  0.0014948505  -0.99988760  -0.0058024016  
0.00028276276  -0.00010128534  -0.00030203960  0.00037878228  -0.0043499807  -0.00061720491  -0.00052516595  0.00036059676  0.0032778166  -0.0057956714  0.99985361  0.00028276276  -0.00010128534  -0.00030203960  0.00037878228  -0.0043499807  -0.00061720491  -0.00052516595  0.00036059676  0.0032778166  -0.0057956714  0.99985361  
