-0.99964298  -0.0015313895  -0.0020631350  -0.0034235260  0.00031200198  -7.2553424e-06  0.0024369028  0.00030207489  -0.00057575669  0.00017949239  0.00091092188  -0.99964298  -0.0015313895  -0.0020631350  -0.0034235260  0.00031200198  -7.2553424e-06  0.0024369028  0.00030207489  -0.00057575669  0.00017949239  0.00091092188  
-0.0016646205  0.99982936  -0.0016055528  -0.00054040718  0.0018838945  0.0050326424  0.0041177187  0.00099449898  -9.3906675e-05  -0.0020319394  0.00011551129  -0.0016646205  0.99982936  -0.0016055528  -0.00054040718  0.0018838945  0.0050326424  0.0041177187  0.00099449898  -9.3906675e-05  -0.0020319394  0.00011551129  
-0.0023284055  0.0016459023  0.99670869  0.076757448  -0.010440853  0.00020859789  -0.0016852376  0.0021304197  -0.0034497387  0.0025100696  0.00070140516  -0.0023284055  0.0016459023  0.99670869  0.076757448  -0.010440853  0.00020859789  -0.0016852376  0.0021304197  -0.0034497387  0.0025100696  0.00070140516  
0.0033203435  -0.00048922467  0.076798807  -0.99674711  0.0018884780  -0.0022939314  0.00050808730  -0.0011692286  0.0026316421  0.0012066500  0.00050843756  0.0033203435  -0.00048922467  0.076798807  -0.99674711  0.0018884780  -0.0022939314  0.00050808730  -0.0011692286  0.0026316421  0.0012066500  0.00050843756  
-0.00041984769  0.0018513424  -0.010435129  -0.0026037556  -0.99979948  -0.00087018064  -0.0027530199  0.0014396835  -0.0028748675  0.0078408520  -0.0037241023  -0.00041984769  0.0018513424  -0.010435129  -0.0026037556  -0.99979948  -0.00087018064  -0.0027530199  0.0014396835  -0.0028748675  0.0078408520  -0.0037241023  
2.2151643e-05  0.0048883067  2.1531860e-05  0.0022508456  0.00085394154  -0.99938650  0.021879264  0.020258028  0.0011782302  0.00099064009  0.00037815039  2.2151643e-05  0.0048883067  2.1531860e-05  0.0022508456  0.00085394154  -0.99938650  0.021879264  0.020258028  0.0011782302  0.00099064009  0.00037815039  
-0.0024495538  0.0041985100  -0.0016104452  -0.00057787122  0.0028076127  -0.022033998  -0.99963481  -0.0083476787  -0.0036566885  0.0019598899  -0.00016962777  -0.0024495538  0.0041985100  -0.0016104452  -0.00057787122  0.0028076127  -0.022033998  -0.99963481  -0.0083476787  -0.0036566885  0.0019598899  -0.00016962777  
-0.00038531654  0.0010132828  0.0019486418  0.0014137753  -0.0013417201  -0.020066458  0.0088074042  -0.99965678  -0.0045849988  0.0041839293  0.0025162485  -0.00038531654  0.0010132828  0.0019486418  0.0014137753  -0.0013417201  -0.020066458  0.0088074042  -0.99965678  -0.0045849988  0.0041839293  0.0025162485  
0.00060218537  -0.00010038389  -0.0032051954  -0.0028528440  0.0030057511  -0.0010242159  0.0036619372  0.0045906075  -0.99988717  0.0059501461  -0.0069236286  0.00060218537  -0.00010038389  -0.0032051954  -0.0028528440  0.0030057511  -0.0010242159  0.0036619372  0.0045906075  -0.99988717  0.0059501461  -0.0069236286  
-0.00010931642  -0.0020311791  0.0025450628  -0.0010885648  -0.0079747016  -0.0011349637  -0.0019120883  -0.0041673065  -0.0060559569  -0.99985382  0.0045880744  -0.00010931642  -0.0020311791  0.0025450628  -0.0010885648  -0.0079747016  -0.0011349637  -0.0019120883  -0.0041673065  -0.0060559569  -0.99985382  0.0045880744  
0.00090678728  -0.00012102965  -0.00070520284  0.00049435371  -0.0037082898  0.00039182188  -0.00017468920  0.0025323029  -0.0068791604  0.0046769583  0.99982053  0.00090678728  -0.00012102965  -0.00070520284  0.00049435371  -0.0037082898  0.00039182188  -0.00017468920  0.0025323029  -0.0068791604  0.0046769583  0.99982053  
-0.99964298  -0.0015313895  -0.0020631350  -0.0034235260  0.00031200198  -7.2553424e-06  0.0024369028  0.00030207489  -0.00057575669  0.00017949239  0.00091092188  -0.99964298  -0.0015313895  -0.0020631350  -0.0034235260  0.00031200198  -7.2553424e-06  0.0024369028  0.00030207489  -0.00057575669  0.00017949239  0.00091092188  
-0.0016646205  0.99982936  -0.0016055528  -0.00054040718  0.0018838945  0.0050326424  0.0041177187  0.00099449898  -9.3906675e-05  -0.0020319394  0.00011551129  -0.0016646205  0.99982936  -0.0016055528  -0.00054040718  0.0018838945  0.0050326424  0.0041177187  0.00099449898  -9.3906675e-05  -0.0020319394  0.00011551129  
-0.0023284055  0.0016459023  0.99670869  0.076757448  -0.010440853  0.00020859789  -0.0016852376  0.0021304197  -0.0034497387  0.0025100696  0.00070140516  -0.0023284055  0.0016459023  0.99670869  0.076757448  -0.010440853  0.00020859789  -0.0016852376  0.0021304197  -0.0034497387  0.0025100696  0.00070140516  
0.0033203435  -0.00048922467  0.076798807  -0.99674711  0.0018884780  -0.0022939314  0.00050808730  -0.0011692286  0.0026316421  0.0012066500  0.00050843756  0.0033203435  -0.00048922467  0.076798807  -0.99674711  0.0018884780  -0.0022939314  0.00050808730  -0.0011692286  0.0026316421  0.0012066500  0.00050843756  
-0.00041984769  0.0018513424  -0.010435129  -0.0026037556  -0.99979948  -0.00087018064  -0.0027530199  0.0014396835  -0.0028748675  0.0078408520  -0.0037241023  -0.00041984769  0.0018513424  -0.010435129  -0.0026037556  -0.99979948  -0.00087018064  -0.0027530199  0.0014396835  -0.0028748675  0.0078408520  -0.0037241023  
2.2151643e-05  0.0048883067  2.1531860e-05  0.0022508456  0.00085394154  -0.99938650  0.021879264  0.020258028  0.0011782302  0.00099064009  0.00037815039  2.2151643e-05  0.0048883067  2.1531860e-05  0.0022508456  0.00085394154  -0.99938650  0.021879264  0.020258028  0.0011782302  0.00099064009  0.00037815039  
-0.0024495538  0.0041985100  -0.0016104452  -0.00057787122  0.0028076127  -0.022033998  -0.99963481  -0.0083476787  -0.0036566885  0.0019598899  -0.00016962777  -0.0024495538  0.0041985100  -0.0016104452  -0.00057787122  0.0028076127  -0.022033998  -0.99963481  -0.0083476787  -0.0036566885  0.0019598899  -0.00016962777  
-0.00038531654  0.0010132828  0.0019486418  0.0014137753  -0.0013417201  -0.020066458  0.0088074042  -0.99965678  -0.0045849988  0.0041839293  0.0025162485  -0.00038531654  0.0010132828  0.0019486418  0.0014137753  -0.0013417201  -0.020066458  0.0088074042  -0.99965678  -0.0045849988  0.0041839293  0.0025162485  
0.00060218537  -0.00010038389  -0.0032051954  -0.0028528440  0.0030057511  -0.0010242159  0.0036619372  0.0045906075  -0.99988717  0.0059501461  -0.0069236286  0.00060218537  -0.00010038389  -0.0032051954  -0.0028528440  0.0030057511  -0.0010242159  0.0036619372  0.0045906075  -0.99988717  0.0059501461  -0.0069236286  
-0.00010931642  -0.0020311791  0.0025450628  -0.0010885648  -0.0079747016  -0.0011349637  -0.0019120883  -0.0041673065  -0.0060559569  -0.99985382  0.0045880744  -0.00010931642  -0.0020311791  0.0025450628  -0.0010885648  -0.0079747016  -0.0011349637  -0.0019120883  -0.0041673065  -0.0060559569  -0.99985382  0.0045880744  
0.00090678728  -0.00012102965  -0.00070520284  0.00049435371  -0.0037082898  0.00039182188  -0.00017468920  0.0025323029  -0.0068791604  0.0046769583  0.99982053  0.00090678728  -0.00012102965  -0.00070520284  0.00049435371  -0.0037082898  0.00039182188  -0.00017468920  0.0025323029  -0.0068791604  0.0046769583  0.99982053  
