8.8684350e-19  -2.9257365e-17  8.0976350e-19  -1.0316014e-17  7.9127700e-18  -7.1438759e-18  -8.0502011e-18  3.6896755e-18  -1.5107680e-17  1.0247405e-17  -6.6458205e-18  8.8684350e-19  -2.9257365e-17  8.0976350e-19  -1.0316014e-17  7.9127700e-18  -7.1438759e-18  -8.0502011e-18  3.6896755e-18  -1.5107680e-17  1.0247405e-17  -6.6458205e-18  
2.5366519e-17  4.1306091e-19  1.1816110e-19  -4.7419022e-18  -5.5045561e-19  2.8493447e-17  2.3606279e-18  8.5426449e-18  -2.0991912e-17  1.0898164e-17  -1.2678760e-18  2.5366519e-17  4.1306091e-19  1.1816110e-19  -4.7419022e-18  -5.5045561e-19  2.8493447e-17  2.3606279e-18  8.5426449e-18  -2.0991912e-17  1.0898164e-17  -1.2678760e-18  
-7.6910592e-19  -9.3703020e-18  2.3288112e-18  -1.8687664e-17  -1.0062540e-17  3.7015340e-19  8.9480561e-18  1.4636729e-18  1.7438291e-17  -2.0287286e-17  4.1970483e-19  -7.6910592e-19  -9.3703020e-18  2.3288112e-18  -1.8687664e-17  -1.0062540e-17  3.7015340e-19  8.9480561e-18  1.4636729e-18  1.7438291e-17  -2.0287286e-17  4.1970483e-19  
1.0858539e-17  -7.7524690e-19  -3.6823910e-17  -2.3316699e-18  -1.1548447e-17  4.7239027e-18  -1.0181336e-17  -1.1585717e-17  9.6392349e-18  -8.2475598e-18  -1.4945473e-17  1.0858539e-17  -7.7524690e-19  -3.6823910e-17  -2.3316699e-18  -1.1548447e-17  4.7239027e-18  -1.0181336e-17  -1.1585717e-17  9.6392349e-18  -8.2475598e-18  -1.4945473e-17  
3.4146016e-18  1.4880926e-17  1.2134382e-17  -3.6198800e-17  -3.2691170e-18  1.5300591e-18  1.2692789e-18  4.7444142e-17  6.3781952e-17  7.1903092e-17  1.5064124e-17  3.4146016e-18  1.4880926e-17  1.2134382e-17  -3.6198800e-17  -3.2691170e-18  1.5300591e-18  1.2692789e-18  4.7444142e-17  6.3781952e-17  7.1903092e-17  1.5064124e-17  
-1.3132399e-17  -4.1150978e-18  -2.2022857e-19  -6.2345860e-18  -1.4478969e-18  -7.2197912e-18  2.2251556e-18  -1.4674422e-17  1.3183009e-18  -3.2905112e-17  -1.2252332e-17  -1.3132399e-17  -4.1150978e-18  -2.2022857e-19  -6.2345860e-18  -1.4478969e-18  -7.2197912e-18  2.2251556e-18  -1.4674422e-17  1.3183009e-18  -3.2905112e-17  -1.2252332e-17  
1.1484920e-17  -1.9365979e-17  5.0821977e-18  4.7942065e-18  -1.2200451e-17  2.8121494e-19  -2.7041527e-19  1.7747458e-18  6.3463944e-18  6.8317442e-18  8.4527535e-18  1.1484920e-17  -1.9365979e-17  5.0821977e-18  4.7942065e-18  -1.2200451e-17  2.8121494e-19  -2.7041527e-19  1.7747458e-18  6.3463944e-18  6.8317442e-18  8.4527535e-18  
-4.9081324e-18  1.8081506e-19  1.2358846e-17  -7.5750156e-18  9.8580341e-18  -2.4173262e-18  -2.8947351e-18  1.3383650e-18  7.7662333e-18  -4.4394797e-17  -2.8915481e-17  -4.9081324e-18  1.8081506e-19  1.2358846e-17  -7.5750156e-18  9.8580341e-18  -2.4173262e-18  -2.8947351e-18  1.3383650e-18  7.7662333e-18  -4.4394797e-17  -2.8915481e-17  
1.3931151e-17  -3.4015784e-18  -1.4467323e-18  4.4433231e-18  -5.7193147e-17  1.5415576e-17  -1.6703490e-18  -2.0348378e-18  1.0368213e-19  -1.2495869e-16  -3.2529644e-16  1.3931151e-17  -3.4015784e-18  -1.4467323e-18  4.4433231e-18  -5.7193147e-17  1.5415576e-17  -1.6703490e-18  -2.0348378e-18  1.0368213e-19  -1.2495869e-16  -3.2529644e-16  
3.5884551e-18  7.7330402e-18  -3.7887784e-18  1.3799120e-17  -2.3314582e-18  -1.8922981e-17  -7.6218142e-18  -3.0604928e-17  -1.5281411e-16  -3.1149504e-18  1.7772551e-17  3.5884551e-18  7.7330402e-18  -3.7887784e-18  1.3799120e-17  -2.3314582e-18  -1.8922981e-17  -7.6218142e-18  -3.0604928e-17  -1.5281411e-16  -3.1149504e-18  1.7772551e-17  
-1.6511213e-17  -1.7332306e-17  4.9297318e-19  3.0408483e-19  -1.4550319e-17  -2.0413494e-18  1.6053392e-18  -7.3750418e-17  3.3905628e-16  3.5464931e-16  -3.9850253e-18  -1.6511213e-17  -1.7332306e-17  4.9297318e-19  3.0408483e-19  -1.4550319e-17  -2.0413494e-18  1.6053392e-18  -7.3750418e-17  3.3905628e-16  3.5464931e-16  -3.9850253e-18  
8.8684350e-19  -2.9257365e-17  8.0976350e-19  -1.0316014e-17  7.9127700e-18  -7.1438759e-18  -8.0502011e-18  3.6896755e-18  -1.5107680e-17  1.0247405e-17  -6.6458205e-18  8.8684350e-19  -2.9257365e-17  8.0976350e-19  -1.0316014e-17  7.9127700e-18  -7.1438759e-18  -8.0502011e-18  3.6896755e-18  -1.5107680e-17  1.0247405e-17  -6.6458205e-18  
2.5366519e-17  4.1306091e-19  1.1816110e-19  -4.7419022e-18  -5.5045561e-19  2.8493447e-17  2.3606279e-18  8.5426449e-18  -2.0991912e-17  1.0898164e-17  -1.2678760e-18  2.5366519e-17  4.1306091e-19  1.1816110e-19  -4.7419022e-18  -5.5045561e-19  2.8493447e-17  2.3606279e-18  8.5426449e-18  -2.0991912e-17  1.0898164e-17  -1.2678760e-18  
-7.6910592e-19  -9.3703020e-18  2.3288112e-18  -1.8687664e-17  -1.0062540e-17  3.7015340e-19  8.9480561e-18  1.4636729e-18  1.7438291e-17  -2.0287286e-17  4.1970483e-19  -7.6910592e-19  -9.3703020e-18  2.3288112e-18  -1.8687664e-17  -1.0062540e-17  3.7015340e-19  8.9480561e-18  1.4636729e-18  1.7438291e-17  -2.0287286e-17  4.1970483e-19  
1.0858539e-17  -7.7524690e-19  -3.6823910e-17  -2.3316699e-18  -1.1548447e-17  4.7239027e-18  -1.0181336e-17  -1.1585717e-17  9.6392349e-18  -8.2475598e-18  -1.4945473e-17  1.0858539e-17  -7.7524690e-19  -3.6823910e-17  -2.3316699e-18  -1.1548447e-17  4.7239027e-18  -1.0181336e-17  -1.1585717e-17  9.6392349e-18  -8.2475598e-18  -1.4945473e-17  
3.4146016e-18  1.4880926e-17  1.2134382e-17  -3.6198800e-17  -3.2691170e-18  1.5300591e-18  1.2692789e-18  4.7444142e-17  6.3781952e-17  7.1903092e-17  1.5064124e-17  3.4146016e-18  1.4880926e-17  1.2134382e-17  -3.6198800e-17  -3.2691170e-18  1.5300591e-18  1.2692789e-18  4.7444142e-17  6.3781952e-17  7.1903092e-17  1.5064124e-17  
-1.3132399e-17  -4.1150978e-18  -2.2022857e-19  -6.2345860e-18  -1.4478969e-18  -7.2197912e-18  2.2251556e-18  -1.4674422e-17  1.3183009e-18  -3.2905112e-17  -1.2252332e-17  -1.3132399e-17  -4.1150978e-18  -2.2022857e-19  -6.2345860e-18  -1.4478969e-18  -7.2197912e-18  2.2251556e-18  -1.4674422e-17  1.3183009e-18  -3.2905112e-17  -1.2252332e-17  
1.1484920e-17  -1.9365979e-17  5.0821977e-18  4.7942065e-18  -1.2200451e-17  2.8121494e-19  -2.7041527e-19  1.7747458e-18  6.3463944e-18  6.8317442e-18  8.4527535e-18  1.1484920e-17  -1.9365979e-17  5.0821977e-18  4.7942065e-18  -1.2200451e-17  2.8121494e-19  -2.7041527e-19  1.7747458e-18  6.3463944e-18  6.8317442e-18  8.4527535e-18  
-4.9081324e-18  1.8081506e-19  1.2358846e-17  -7.5750156e-18  9.8580341e-18  -2.4173262e-18  -2.8947351e-18  1.3383650e-18  7.7662333e-18  -4.4394797e-17  -2.8915481e-17  -4.9081324e-18  1.8081506e-19  1.2358846e-17  -7.5750156e-18  9.8580341e-18  -2.4173262e-18  -2.8947351e-18  1.3383650e-18  7.7662333e-18  -4.4394797e-17  -2.8915481e-17  
1.3931151e-17  -3.4015784e-18  -1.4467323e-18  4.4433231e-18  -5.7193147e-17  1.5415576e-17  -1.6703490e-18  -2.0348378e-18  1.0368213e-19  -1.2495869e-16  -3.2529644e-16  1.3931151e-17  -3.4015784e-18  -1.4467323e-18  4.4433231e-18  -5.7193147e-17  1.5415576e-17  -1.6703490e-18  -2.0348378e-18  1.0368213e-19  -1.2495869e-16  -3.2529644e-16  
3.5884551e-18  7.7330402e-18  -3.7887784e-18  1.3799120e-17  -2.3314582e-18  -1.8922981e-17  -7.6218142e-18  -3.0604928e-17  -1.5281411e-16  -3.1149504e-18  1.7772551e-17  3.5884551e-18  7.7330402e-18  -3.7887784e-18  1.3799120e-17  -2.3314582e-18  -1.8922981e-17  -7.6218142e-18  -3.0604928e-17  -1.5281411e-16  -3.1149504e-18  1.7772551e-17  
-1.6511213e-17  -1.7332306e-17  4.9297318e-19  3.0408483e-19  -1.4550319e-17  -2.0413494e-18  1.6053392e-18  -7.3750418e-17  3.3905628e-16  3.5464931e-16  -3.9850253e-18  -1.6511213e-17  -1.7332306e-17  4.9297318e-19  3.0408483e-19  -1.4550319e-17  -2.0413494e-18  1.6053392e-18  -7.3750418e-17  3.3905628e-16  3.5464931e-16  -3.9850253e-18  
