4.0728520e-18  4.4161757e-17  8.1035642e-18  -1.7776575e-18  -9.6536345e-18  2.3550057e-17  5.3414956e-18  5.6110639e-18  5.0805036e-18  1.3158657e-17  -7.1686516e-18  4.0728520e-18  4.4161757e-17  8.1035642e-18  -1.7776575e-18  -9.6536345e-18  2.3550057e-17  5.3414956e-18  5.6110639e-18  5.0805036e-18  1.3158657e-17  -7.1686516e-18  
2.2469031e-17  -9.8298174e-19  2.0879362e-19  -1.4794489e-18  4.4850395e-19  -6.3103955e-19  -1.0868703e-17  4.1582965e-18  -2.4519063e-17  1.0511679e-18  1.1936812e-18  2.2469031e-17  -9.8298174e-19  2.0879362e-19  -1.4794489e-18  4.4850395e-19  -6.3103955e-19  -1.0868703e-17  4.1582965e-18  -2.4519063e-17  1.0511679e-18  1.1936812e-18  
5.8381746e-19  9.9255321e-18  -1.7475348e-19  -1.2746787e-18  -2.3382345e-18  1.6855956e-19  1.0846257e-18  2.0832669e-17  -2.2550558e-17  -1.5434634e-17  -2.1335913e-17  5.8381746e-19  9.9255321e-18  -1.7475348e-19  -1.2746787e-18  -2.3382345e-18  1.6855956e-19  1.0846257e-18  2.0832669e-17  -2.2550558e-17  -1.5434634e-17  -2.1335913e-17  
1.5769106e-18  -6.8575258e-18  -6.5316828e-19  1.0153228e-18  2.8946292e-18  -1.9338292e-18  -7.6270023e-19  -1.9769220e-18  -2.9803542e-17  -3.5586607e-17  -1.6894429e-17  1.5769106e-18  -6.8575258e-18  -6.5316828e-19  1.0153228e-18  2.8946292e-18  -1.9338292e-18  -7.6270023e-19  -1.9769220e-18  -2.9803542e-17  -3.5586607e-17  -1.6894429e-17  
-5.1139614e-18  -6.1397183e-18  2.4572426e-18  7.6868240e-20  9.3235828e-19  3.5088340e-18  2.4599954e-18  1.7503936e-18  -4.3554011e-17  -4.9763186e-20  -1.0075245e-17  -5.1139614e-18  -6.1397183e-18  2.4572426e-18  7.6868240e-20  9.3235828e-19  3.5088340e-18  2.4599954e-18  1.7503936e-18  -4.3554011e-17  -4.9763186e-20  -1.0075245e-17  
-2.7141477e-17  -2.6571424e-18  -1.1722936e-18  -6.7175007e-19  -6.4078042e-19  -6.4025103e-19  1.8934151e-17  2.9709681e-18  -6.2778906e-18  -2.9452183e-17  -1.1651997e-18  -2.7141477e-17  -2.6571424e-18  -1.1722936e-18  -6.7175007e-19  -6.4078042e-19  -6.4025103e-19  1.8934151e-17  2.9709681e-18  -6.2778906e-18  -2.9452183e-17  -1.1651997e-18  
1.2708141e-18  1.2644825e-17  -5.4006821e-18  -8.9799257e-18  2.0444199e-18  -3.0810400e-17  2.0057740e-18  2.6729713e-18  -1.5791023e-17  4.5919774e-18  -2.0295968e-18  1.2708141e-18  1.2644825e-17  -5.4006821e-18  -8.9799257e-18  2.0444199e-18  -3.0810400e-17  2.0057740e-18  2.6729713e-18  -1.5791023e-17  4.5919774e-18  -2.0295968e-18  
-9.8949330e-18  5.7026493e-19  -6.6669963e-18  6.1869933e-18  -7.9373869e-18  9.8738631e-18  -2.0502962e-18  -1.9989581e-18  -1.9358938e-18  9.0780756e-19  4.0633229e-17  -9.8949330e-18  5.7026493e-19  -6.6669963e-18  6.1869933e-18  -7.9373869e-18  9.8738631e-18  -2.0502962e-18  -1.9989581e-18  -1.9358938e-18  9.0780756e-19  4.0633229e-17  
2.3359051e-17  -1.4370761e-17  1.8850295e-17  1.6942300e-17  3.7188770e-17  2.5798612e-17  -1.1592916e-17  6.4029338e-18  -3.2278043e-18  -5.5917939e-17  4.9113935e-17  2.3359051e-17  -1.4370761e-17  1.8850295e-17  1.6942300e-17  3.7188770e-17  2.5798612e-17  -1.1592916e-17  6.4029338e-18  -3.2278043e-18  -5.5917939e-17  4.9113935e-17  
-1.5338920e-17  -1.0742919e-17  -9.7832305e-19  -8.4617533e-18  2.1198482e-17  4.0566525e-18  4.3387145e-18  6.9071302e-18  9.7213495e-17  8.3835086e-18  -3.3752505e-16  -1.5338920e-17  -1.0742919e-17  -9.7832305e-19  -8.4617533e-18  2.1198482e-17  4.0566525e-18  4.3387145e-18  6.9071302e-18  9.7213495e-17  8.3835086e-18  -3.3752505e-16  
6.7265004e-18  1.0079269e-17  2.3542434e-17  -1.1024796e-18  -4.3452790e-18  -2.9728739e-18  -2.8134199e-18  2.8309323e-17  -4.7120443e-17  -4.0543761e-17  -9.0811196e-18  6.7265004e-18  1.0079269e-17  2.3542434e-17  -1.1024796e-18  -4.3452790e-18  -2.9728739e-18  -2.8134199e-18  2.8309323e-17  -4.7120443e-17  -4.0543761e-17  -9.0811196e-18  
4.0728520e-18  4.4161757e-17  8.1035642e-18  -1.7776575e-18  -9.6536345e-18  2.3550057e-17  5.3414956e-18  5.6110639e-18  5.0805036e-18  1.3158657e-17  -7.1686516e-18  4.0728520e-18  4.4161757e-17  8.1035642e-18  -1.7776575e-18  -9.6536345e-18  2.3550057e-17  5.3414956e-18  5.6110639e-18  5.0805036e-18  1.3158657e-17  -7.1686516e-18  
2.2469031e-17  -9.8298174e-19  2.0879362e-19  -1.4794489e-18  4.4850395e-19  -6.3103955e-19  -1.0868703e-17  4.1582965e-18  -2.4519063e-17  1.0511679e-18  1.1936812e-18  2.2469031e-17  -9.8298174e-19  2.0879362e-19  -1.4794489e-18  4.4850395e-19  -6.3103955e-19  -1.0868703e-17  4.1582965e-18  -2.4519063e-17  1.0511679e-18  1.1936812e-18  
5.8381746e-19  9.9255321e-18  -1.7475348e-19  -1.2746787e-18  -2.3382345e-18  1.6855956e-19  1.0846257e-18  2.0832669e-17  -2.2550558e-17  -1.5434634e-17  -2.1335913e-17  5.8381746e-19  9.9255321e-18  -1.7475348e-19  -1.2746787e-18  -2.3382345e-18  1.6855956e-19  1.0846257e-18  2.0832669e-17  -2.2550558e-17  -1.5434634e-17  -2.1335913e-17  
1.5769106e-18  -6.8575258e-18  -6.5316828e-19  1.0153228e-18  2.8946292e-18  -1.9338292e-18  -7.6270023e-19  -1.9769220e-18  -2.9803542e-17  -3.5586607e-17  -1.6894429e-17  1.5769106e-18  -6.8575258e-18  -6.5316828e-19  1.0153228e-18  2.8946292e-18  -1.9338292e-18  -7.6270023e-19  -1.9769220e-18  -2.9803542e-17  -3.5586607e-17  -1.6894429e-17  
-5.1139614e-18  -6.1397183e-18  2.4572426e-18  7.6868240e-20  9.3235828e-19  3.5088340e-18  2.4599954e-18  1.7503936e-18  -4.3554011e-17  -4.9763186e-20  -1.0075245e-17  -5.1139614e-18  -6.1397183e-18  2.4572426e-18  7.6868240e-20  9.3235828e-19  3.5088340e-18  2.4599954e-18  1.7503936e-18  -4.3554011e-17  -4.9763186e-20  -1.0075245e-17  
-2.7141477e-17  -2.6571424e-18  -1.1722936e-18  -6.7175007e-19  -6.4078042e-19  -6.4025103e-19  1.8934151e-17  2.9709681e-18  -6.2778906e-18  -2.9452183e-17  -1.1651997e-18  -2.7141477e-17  -2.6571424e-18  -1.1722936e-18  -6.7175007e-19  -6.4078042e-19  -6.4025103e-19  1.8934151e-17  2.9709681e-18  -6.2778906e-18  -2.9452183e-17  -1.1651997e-18  
1.2708141e-18  1.2644825e-17  -5.4006821e-18  -8.9799257e-18  2.0444199e-18  -3.0810400e-17  2.0057740e-18  2.6729713e-18  -1.5791023e-17  4.5919774e-18  -2.0295968e-18  1.2708141e-18  1.2644825e-17  -5.4006821e-18  -8.9799257e-18  2.0444199e-18  -3.0810400e-17  2.0057740e-18  2.6729713e-18  -1.5791023e-17  4.5919774e-18  -2.0295968e-18  
-9.8949330e-18  5.7026493e-19  -6.6669963e-18  6.1869933e-18  -7.9373869e-18  9.8738631e-18  -2.0502962e-18  -1.9989581e-18  -1.9358938e-18  9.0780756e-19  4.0633229e-17  -9.8949330e-18  5.7026493e-19  -6.6669963e-18  6.1869933e-18  -7.9373869e-18  9.8738631e-18  -2.0502962e-18  -1.9989581e-18  -1.9358938e-18  9.0780756e-19  4.0633229e-17  
2.3359051e-17  -1.4370761e-17  1.8850295e-17  1.6942300e-17  3.7188770e-17  2.5798612e-17  -1.1592916e-17  6.4029338e-18  -3.2278043e-18  -5.5917939e-17  4.9113935e-17  2.3359051e-17  -1.4370761e-17  1.8850295e-17  1.6942300e-17  3.7188770e-17  2.5798612e-17  -1.1592916e-17  6.4029338e-18  -3.2278043e-18  -5.5917939e-17  4.9113935e-17  
-1.5338920e-17  -1.0742919e-17  -9.7832305e-19  -8.4617533e-18  2.1198482e-17  4.0566525e-18  4.3387145e-18  6.9071302e-18  9.7213495e-17  8.3835086e-18  -3.3752505e-16  -1.5338920e-17  -1.0742919e-17  -9.7832305e-19  -8.4617533e-18  2.1198482e-17  4.0566525e-18  4.3387145e-18  6.9071302e-18  9.7213495e-17  8.3835086e-18  -3.3752505e-16  
6.7265004e-18  1.0079269e-17  2.3542434e-17  -1.1024796e-18  -4.3452790e-18  -2.9728739e-18  -2.8134199e-18  2.8309323e-17  -4.7120443e-17  -4.0543761e-17  -9.0811196e-18  6.7265004e-18  1.0079269e-17  2.3542434e-17  -1.1024796e-18  -4.3452790e-18  -2.9728739e-18  -2.8134199e-18  2.8309323e-17  -4.7120443e-17  -4.0543761e-17  -9.0811196e-18  
