0.99974048  0.0099765113  3.1462170e-05  0.0014261060  -0.0023040073  0.00019706700  0.0031935856  9.6223784e-05  -0.00058342743  0.00077874711  3.1285461e-05  0.99974048  0.0099765113  3.1462170e-05  0.0014261060  -0.0023040073  0.00019706700  0.0031935856  9.6223784e-05  -0.00058342743  0.00077874711  3.1285461e-05  
-0.010019047  0.99978521  0.0030726742  0.0010881564  -0.00042775091  0.0056460259  0.0010507189  0.0011617044  0.00047381906  -0.00040420962  -0.00024025090  -0.010019047  0.99978521  0.0030726742  0.0010881564  -0.00042775091  0.0056460259  0.0010507189  0.0011617044  0.00047381906  -0.00040420962  -0.00024025090  
-0.00010885413  -0.0032024636  0.99969416  0.016145022  -0.0081529095  -0.0011135000  0.0012447145  0.0012340343  -0.0010257308  -0.0022177027  -0.0013976614  -0.00010885413  -0.0032024636  0.99969416  0.016145022  -0.0081529095  -0.0011135000  0.0012447145  0.0012340343  -0.0010257308  -0.0022177027  -0.0013976614  
0.0013978257  0.0010325423  0.016071926  -0.99975904  -0.0063139787  -0.00093166479  -0.00024486767  0.0013323988  -0.0012225639  0.00026132831  0.0013337365  0.0013978257  0.0010325423  0.016071926  -0.99975904  -0.0063139787  -0.00093166479  -0.00024486767  0.0013323988  -0.0012225639  0.00026132831  0.0013337365  
-0.0022970252  -0.00044391128  -0.0082872521  0.0061890032  -0.99985377  -0.0035454938  0.0017356973  0.0010738438  0.0027565476  -0.00014689461  0.0020351839  -0.0022970252  -0.00044391128  -0.0082872521  0.0061890032  -0.99985377  -0.0035454938  0.0017356973  0.0010738438  0.0027565476  -0.00014689461  0.0020351839  
0.00012722357  0.0056887203  -0.0010616402  0.00090823344  0.0035787123  -0.99984965  -0.0024973585  -0.0071505341  0.0050496902  0.00095903199  0.00082681877  0.00012722357  0.0056887203  -0.0010616402  0.00090823344  0.0035787123  -0.99984965  -0.0024973585  -0.0071505341  0.0050496902  0.00095903199  0.00082681877  
0.0031394940  0.0010692816  0.0012348581  0.00029684225  -0.0017798704  0.0024675935  -0.99984774  0.011563837  0.00067967237  0.0035993580  0.00032570847  0.0031394940  0.0010692816  0.0012348581  0.00029684225  -0.0017798704  0.0024675935  -0.99984774  0.011563837  0.00067967237  0.0035993580  0.00032570847  
-0.00017418304  -0.0011130691  -0.0012551627  0.0012984197  0.0012315547  -0.0071735184  0.011557303  0.99979472  -0.0034221214  0.0057465655  0.0011825256  -0.00017418304  -0.0011130691  -0.0012551627  0.0012984197  0.0012315547  -0.0071735184  0.011557303  0.99979472  -0.0034221214  0.0057465655  0.0011825256  
0.00060937181  -0.00047575367  0.0010380111  -0.0012359685  0.0026947282  0.0050082586  0.00070082767  0.0035420878  0.99985936  -0.012233033  -0.0036438450  0.00060937181  -0.00047575367  0.0010380111  -0.0012359685  0.0026947282  0.0050082586  0.00070082767  0.0035420878  0.99985936  -0.012233033  -0.0036438450  
0.00080815167  -0.00037196070  -0.0022127674  -0.00028297740  0.00014204895  -0.0010645116  -0.0035395316  0.0057610118  -0.012237697  -0.99982442  0.0075833391  0.00080815167  -0.00037196070  -0.0022127674  -0.00028297740  0.00014204895  -0.0010645116  -0.0035395316  0.0057610118  -0.012237697  -0.99982442  0.0075833391  
4.6922967e-05  -0.00021305192  -0.0013848170  -0.0013401233  -0.0020344980  -0.00084509367  -0.00032686388  0.0012340410  -0.0036972743  -0.0075179470  -0.99989083  4.6922967e-05  -0.00021305192  -0.0013848170  -0.0013401233  -0.0020344980  -0.00084509367  -0.00032686388  0.0012340410  -0.0036972743  -0.0075179470  -0.99989083  
0.99974048  0.0099765113  3.1462170e-05  0.0014261060  -0.0023040073  0.00019706700  0.0031935856  9.6223784e-05  -0.00058342743  0.00077874711  3.1285461e-05  0.99974048  0.0099765113  3.1462170e-05  0.0014261060  -0.0023040073  0.00019706700  0.0031935856  9.6223784e-05  -0.00058342743  0.00077874711  3.1285461e-05  
-0.010019047  0.99978521  0.0030726742  0.0010881564  -0.00042775091  0.0056460259  0.0010507189  0.0011617044  0.00047381906  -0.00040420962  -0.00024025090  -0.010019047  0.99978521  0.0030726742  0.0010881564  -0.00042775091  0.0056460259  0.0010507189  0.0011617044  0.00047381906  -0.00040420962  -0.00024025090  
-0.00010885413  -0.0032024636  0.99969416  0.016145022  -0.0081529095  -0.0011135000  0.0012447145  0.0012340343  -0.0010257308  -0.0022177027  -0.0013976614  -0.00010885413  -0.0032024636  0.99969416  0.016145022  -0.0081529095  -0.0011135000  0.0012447145  0.0012340343  -0.0010257308  -0.0022177027  -0.0013976614  
0.0013978257  0.0010325423  0.016071926  -0.99975904  -0.0063139787  -0.00093166479  -0.00024486767  0.0013323988  -0.0012225639  0.00026132831  0.0013337365  0.0013978257  0.0010325423  0.016071926  -0.99975904  -0.0063139787  -0.00093166479  -0.00024486767  0.0013323988  -0.0012225639  0.00026132831  0.0013337365  
-0.0022970252  -0.00044391128  -0.0082872521  0.0061890032  -0.99985377  -0.0035454938  0.0017356973  0.0010738438  0.0027565476  -0.00014689461  0.0020351839  -0.0022970252  -0.00044391128  -0.0082872521  0.0061890032  -0.99985377  -0.0035454938  0.0017356973  0.0010738438  0.0027565476  -0.00014689461  0.0020351839  
0.00012722357  0.0056887203  -0.0010616402  0.00090823344  0.0035787123  -0.99984965  -0.0024973585  -0.0071505341  0.0050496902  0.00095903199  0.00082681877  0.00012722357  0.0056887203  -0.0010616402  0.00090823344  0.0035787123  -0.99984965  -0.0024973585  -0.0071505341  0.0050496902  0.00095903199  0.00082681877  
0.0031394940  0.0010692816  0.0012348581  0.00029684225  -0.0017798704  0.0024675935  -0.99984774  0.011563837  0.00067967237  0.0035993580  0.00032570847  0.0031394940  0.0010692816  0.0012348581  0.00029684225  -0.0017798704  0.0024675935  -0.99984774  0.011563837  0.00067967237  0.0035993580  0.00032570847  
-0.00017418304  -0.0011130691  -0.0012551627  0.0012984197  0.0012315547  -0.0071735184  0.011557303  0.99979472  -0.0034221214  0.0057465655  0.0011825256  -0.00017418304  -0.0011130691  -0.0012551627  0.0012984197  0.0012315547  -0.0071735184  0.011557303  0.99979472  -0.0034221214  0.0057465655  0.0011825256  
0.00060937181  -0.00047575367  0.0010380111  -0.0012359685  0.0026947282  0.0050082586  0.00070082767  0.0035420878  0.99985936  -0.012233033  -0.0036438450  0.00060937181  -0.00047575367  0.0010380111  -0.0012359685  0.0026947282  0.0050082586  0.00070082767  0.0035420878  0.99985936  -0.012233033  -0.0036438450  
0.00080815167  -0.00037196070  -0.0022127674  -0.00028297740  0.00014204895  -0.0010645116  -0.0035395316  0.0057610118  -0.012237697  -0.99982442  0.0075833391  0.00080815167  -0.00037196070  -0.0022127674  -0.00028297740  0.00014204895  -0.0010645116  -0.0035395316  0.0057610118  -0.012237697  -0.99982442  0.0075833391  
4.6922967e-05  -0.00021305192  -0.0013848170  -0.0013401233  -0.0020344980  -0.00084509367  -0.00032686388  0.0012340410  -0.0036972743  -0.0075179470  -0.99989083  4.6922967e-05  -0.00021305192  -0.0013848170  -0.0013401233  -0.0020344980  -0.00084509367  -0.00032686388  0.0012340410  -0.0036972743  -0.0075179470  -0.99989083  
