7.6097969e-19  -7.0079377e-17  -4.7543959e-18  -3.6337713e-18  1.9300493e-17  7.7029176e-18  4.7252580e-17  -2.3699982e-18  -1.2739376e-17  -5.4080936e-18  8.2026671e-18  7.6097969e-19  -7.0079377e-17  -4.7543959e-18  -3.6337713e-18  1.9300493e-17  7.7029176e-18  4.7252580e-17  -2.3699982e-18  -1.2739376e-17  -5.4080936e-18  8.2026671e-18  
-6.4065443e-17  -1.4381594e-18  5.8496095e-18  1.9236912e-18  -2.3137029e-17  -4.4551286e-18  -4.9865888e-18  1.3233434e-17  -1.0440899e-17  1.0147614e-17  1.4400619e-17  -6.4065443e-17  -1.4381594e-18  5.8496095e-18  1.9236912e-18  -2.3137029e-17  -4.4551286e-18  -4.9865888e-18  1.3233434e-17  -1.0440899e-17  1.0147614e-17  1.4400619e-17  
-7.1938508e-18  1.0161907e-17  8.6185602e-19  -3.8404897e-17  6.2065280e-18  7.1116886e-18  -1.7025362e-18  -9.7150444e-18  -1.1575552e-17  -1.3451942e-17  -4.7781129e-18  -7.1938508e-18  1.0161907e-17  8.6185602e-19  -3.8404897e-17  6.2065280e-18  7.1116886e-18  -1.7025362e-18  -9.7150444e-18  -1.1575552e-17  -1.3451942e-17  -4.7781129e-18  
-9.9229910e-19  7.3633633e-18  9.4562758e-18  -2.1564929e-19  -4.2189652e-18  -3.4525063e-18  -1.5280474e-18  -8.6359244e-18  -7.3090473e-18  -1.3565762e-17  -3.0717650e-18  -9.9229910e-19  7.3633633e-18  9.4562758e-18  -2.1564929e-19  -4.2189652e-18  -3.4525063e-18  -1.5280474e-18  -8.6359244e-18  -7.3090473e-18  -1.3565762e-17  -3.0717650e-18  
-7.3911036e-18  -4.0793371e-18  -1.0513373e-17  8.0256372e-19  -3.8118336e-18  -5.3970822e-18  2.4445477e-17  -2.3453614e-18  1.4652982e-17  5.0583696e-17  1.6430097e-17  -7.3911036e-18  -4.0793371e-18  -1.0513373e-17  8.0256372e-19  -3.8118336e-18  -5.3970822e-18  2.4445477e-17  -2.3453614e-18  1.4652982e-17  5.0583696e-17  1.6430097e-17  
5.2959041e-17  -3.8525176e-18  1.0678544e-17  8.7593795e-18  -4.5118798e-18  -1.1326948e-18  -6.2968429e-18  1.3514411e-17  7.8445839e-19  3.1161125e-17  -1.3955715e-17  5.2959041e-17  -3.8525176e-18  1.0678544e-17  8.7593795e-18  -4.5118798e-18  -1.1326948e-18  -6.2968429e-18  1.3514411e-17  7.8445839e-19  3.1161125e-17  -1.3955715e-17  
3.6422417e-20  1.0350848e-17  -2.8290900e-19  2.5546514e-18  -1.7781948e-17  -2.7892795e-18  2.4755597e-18  -2.7574099e-18  -2.0158961e-17  -1.8592373e-19  9.5566704e-17  3.6422417e-20  1.0350848e-17  -2.8290900e-19  2.5546514e-18  -1.7781948e-17  -2.7892795e-18  2.4755597e-18  -2.7574099e-18  -2.0158961e-17  -1.8592373e-19  9.5566704e-17  
-1.0767906e-17  -1.5165900e-17  4.4634401e-18  -8.3991787e-18  4.8597324e-18  -1.0527773e-17  -7.5385932e-20  2.4589764e-18  1.4505439e-18  7.3971176e-17  -1.7722222e-16  -1.0767906e-17  -1.5165900e-17  4.4634401e-18  -8.3991787e-18  4.8597324e-18  -1.0527773e-17  -7.5385932e-20  2.4589764e-18  1.4505439e-18  7.3971176e-17  -1.7722222e-16  
3.7777669e-17  -1.4378173e-17  -2.2985510e-17  5.1410665e-18  -1.6554041e-17  -1.4163238e-17  -1.1691596e-17  -7.9833914e-18  3.8273018e-18  1.2790579e-16  -2.1185607e-16  3.7777669e-17  -1.4378173e-17  -2.2985510e-17  5.1410665e-18  -1.6554041e-17  -1.4163238e-17  -1.1691596e-17  -7.9833914e-18  3.8273018e-18  1.2790579e-16  -2.1185607e-16  
2.3591985e-18  1.9568976e-17  1.3802931e-17  7.6009560e-18  -6.6794517e-17  -1.0206165e-17  6.8990834e-19  -9.6802790e-17  1.0917188e-16  -3.9463497e-18  2.2606695e-16  2.3591985e-18  1.9568976e-17  1.3802931e-17  7.6009560e-18  -6.6794517e-17  -1.0206165e-17  6.8990834e-19  -9.6802790e-17  1.0917188e-16  -3.9463497e-18  2.2606695e-16  
2.0260181e-17  4.8223174e-18  1.1623410e-17  2.4453841e-18  2.3447341e-17  -5.4125405e-19  3.4608496e-17  2.6706075e-17  1.3185741e-16  -6.0202655e-17  -3.5345097e-19  2.0260181e-17  4.8223174e-18  1.1623410e-17  2.4453841e-18  2.3447341e-17  -5.4125405e-19  3.4608496e-17  2.6706075e-17  1.3185741e-16  -6.0202655e-17  -3.5345097e-19  
7.6097969e-19  -7.0079377e-17  -4.7543959e-18  -3.6337713e-18  1.9300493e-17  7.7029176e-18  4.7252580e-17  -2.3699982e-18  -1.2739376e-17  -5.4080936e-18  8.2026671e-18  7.6097969e-19  -7.0079377e-17  -4.7543959e-18  -3.6337713e-18  1.9300493e-17  7.7029176e-18  4.7252580e-17  -2.3699982e-18  -1.2739376e-17  -5.4080936e-18  8.2026671e-18  
-6.4065443e-17  -1.4381594e-18  5.8496095e-18  1.9236912e-18  -2.3137029e-17  -4.4551286e-18  -4.9865888e-18  1.3233434e-17  -1.0440899e-17  1.0147614e-17  1.4400619e-17  -6.4065443e-17  -1.4381594e-18  5.8496095e-18  1.9236912e-18  -2.3137029e-17  -4.4551286e-18  -4.9865888e-18  1.3233434e-17  -1.0440899e-17  1.0147614e-17  1.4400619e-17  
-7.1938508e-18  1.0161907e-17  8.6185602e-19  -3.8404897e-17  6.2065280e-18  7.1116886e-18  -1.7025362e-18  -9.7150444e-18  -1.1575552e-17  -1.3451942e-17  -4.7781129e-18  -7.1938508e-18  1.0161907e-17  8.6185602e-19  -3.8404897e-17  6.2065280e-18  7.1116886e-18  -1.7025362e-18  -9.7150444e-18  -1.1575552e-17  -1.3451942e-17  -4.7781129e-18  
-9.9229910e-19  7.3633633e-18  9.4562758e-18  -2.1564929e-19  -4.2189652e-18  -3.4525063e-18  -1.5280474e-18  -8.6359244e-18  -7.3090473e-18  -1.3565762e-17  -3.0717650e-18  -9.9229910e-19  7.3633633e-18  9.4562758e-18  -2.1564929e-19  -4.2189652e-18  -3.4525063e-18  -1.5280474e-18  -8.6359244e-18  -7.3090473e-18  -1.3565762e-17  -3.0717650e-18  
-7.3911036e-18  -4.0793371e-18  -1.0513373e-17  8.0256372e-19  -3.8118336e-18  -5.3970822e-18  2.4445477e-17  -2.3453614e-18  1.4652982e-17  5.0583696e-17  1.6430097e-17  -7.3911036e-18  -4.0793371e-18  -1.0513373e-17  8.0256372e-19  -3.8118336e-18  -5.3970822e-18  2.4445477e-17  -2.3453614e-18  1.4652982e-17  5.0583696e-17  1.6430097e-17  
5.2959041e-17  -3.8525176e-18  1.0678544e-17  8.7593795e-18  -4.5118798e-18  -1.1326948e-18  -6.2968429e-18  1.3514411e-17  7.8445839e-19  3.1161125e-17  -1.3955715e-17  5.2959041e-17  -3.8525176e-18  1.0678544e-17  8.7593795e-18  -4.5118798e-18  -1.1326948e-18  -6.2968429e-18  1.3514411e-17  7.8445839e-19  3.1161125e-17  -1.3955715e-17  
3.6422417e-20  1.0350848e-17  -2.8290900e-19  2.5546514e-18  -1.7781948e-17  -2.7892795e-18  2.4755597e-18  -2.7574099e-18  -2.0158961e-17  -1.8592373e-19  9.5566704e-17  3.6422417e-20  1.0350848e-17  -2.8290900e-19  2.5546514e-18  -1.7781948e-17  -2.7892795e-18  2.4755597e-18  -2.7574099e-18  -2.0158961e-17  -1.8592373e-19  9.5566704e-17  
-1.0767906e-17  -1.5165900e-17  4.4634401e-18  -8.3991787e-18  4.8597324e-18  -1.0527773e-17  -7.5385932e-20  2.4589764e-18  1.4505439e-18  7.3971176e-17  -1.7722222e-16  -1.0767906e-17  -1.5165900e-17  4.4634401e-18  -8.3991787e-18  4.8597324e-18  -1.0527773e-17  -7.5385932e-20  2.4589764e-18  1.4505439e-18  7.3971176e-17  -1.7722222e-16  
3.7777669e-17  -1.4378173e-17  -2.2985510e-17  5.1410665e-18  -1.6554041e-17  -1.4163238e-17  -1.1691596e-17  -7.9833914e-18  3.8273018e-18  1.2790579e-16  -2.1185607e-16  3.7777669e-17  -1.4378173e-17  -2.2985510e-17  5.1410665e-18  -1.6554041e-17  -1.4163238e-17  -1.1691596e-17  -7.9833914e-18  3.8273018e-18  1.2790579e-16  -2.1185607e-16  
2.3591985e-18  1.9568976e-17  1.3802931e-17  7.6009560e-18  -6.6794517e-17  -1.0206165e-17  6.8990834e-19  -9.6802790e-17  1.0917188e-16  -3.9463497e-18  2.2606695e-16  2.3591985e-18  1.9568976e-17  1.3802931e-17  7.6009560e-18  -6.6794517e-17  -1.0206165e-17  6.8990834e-19  -9.6802790e-17  1.0917188e-16  -3.9463497e-18  2.2606695e-16  
2.0260181e-17  4.8223174e-18  1.1623410e-17  2.4453841e-18  2.3447341e-17  -5.4125405e-19  3.4608496e-17  2.6706075e-17  1.3185741e-16  -6.0202655e-17  -3.5345097e-19  2.0260181e-17  4.8223174e-18  1.1623410e-17  2.4453841e-18  2.3447341e-17  -5.4125405e-19  3.4608496e-17  2.6706075e-17  1.3185741e-16  -6.0202655e-17  -3.5345097e-19  
