5.8556446e-19  -4.0926514e-17  1.0816611e-18  -2.0140061e-18  5.5617242e-18  -2.6571424e-18  -1.4786760e-17  2.4084852e-18  -2.1842862e-17  -8.0294488e-18  1.2718014e-17  5.8556446e-19  -4.0926514e-17  1.0816611e-18  -2.0140061e-18  5.5617242e-18  -2.6571424e-18  -1.4786760e-17  2.4084852e-18  -2.1842862e-17  -8.0294488e-18  1.2718014e-17  
3.0565184e-17  6.8842603e-19  2.3115529e-18  -1.6095214e-17  1.1471579e-17  -1.7122771e-18  1.8416614e-18  -1.8137093e-18  -2.8257019e-18  2.4861688e-17  6.4923487e-18  3.0565184e-17  6.8842603e-19  2.3115529e-18  -1.6095214e-17  1.1471579e-17  -1.7122771e-18  1.8416614e-18  -1.8137093e-18  -2.8257019e-18  2.4861688e-17  6.4923487e-18  
-7.5391226e-19  -8.5020932e-19  -4.0207595e-19  -7.3384817e-19  -2.4098087e-19  2.1006417e-19  -4.8556164e-19  -2.7294578e-18  -3.7023810e-18  -1.4416501e-18  1.1520336e-17  -7.5391226e-19  -8.5020932e-19  -4.0207595e-19  -7.3384817e-19  -2.4098087e-19  2.1006417e-19  -4.8556164e-19  -2.7294578e-18  -3.7023810e-18  -1.4416501e-18  1.1520336e-17  
5.6286133e-18  -4.4840336e-18  -1.3017573e-18  2.7920654e-20  2.3113279e-18  2.4409637e-18  -2.3027385e-18  4.9729768e-18  1.1112437e-17  4.9212085e-18  -6.0489601e-18  5.6286133e-18  -4.4840336e-18  -1.3017573e-18  2.7920654e-20  2.3113279e-18  2.4409637e-18  -2.3027385e-18  4.9729768e-18  1.1112437e-17  4.9212085e-18  -6.0489601e-18  
3.2197311e-18  1.5453693e-17  3.6248775e-18  -1.5259365e-18  -1.0248933e-18  -5.8518065e-18  2.0153031e-18  2.6625753e-18  6.8808721e-18  -1.2972839e-17  -2.1433507e-18  3.2197311e-18  1.5453693e-17  3.6248775e-18  -1.5259365e-18  -1.0248933e-18  -5.8518065e-18  2.0153031e-18  2.6625753e-18  6.8808721e-18  -1.2972839e-17  -2.1433507e-18  
1.0095997e-17  2.8763121e-18  -5.7725295e-19  6.0414625e-19  -3.4777849e-18  -9.9862538e-19  -7.6016972e-18  -2.4959414e-18  7.5445225e-18  -2.1049828e-18  7.3480638e-18  1.0095997e-17  2.8763121e-18  -5.7725295e-19  6.0414625e-19  -3.4777849e-18  -9.9862538e-19  -7.6016972e-18  -2.4959414e-18  7.5445225e-18  -2.1049828e-18  7.3480638e-18  
1.5279627e-17  -1.3093012e-18  5.4492806e-18  1.6828692e-18  5.6564860e-18  2.5232053e-18  -2.6424781e-19  2.8825590e-19  5.6014289e-18  2.0139691e-17  -8.7985547e-19  1.5279627e-17  -1.3093012e-18  5.4492806e-18  1.6828692e-18  5.6564860e-18  2.5232053e-18  -2.6424781e-19  2.8825590e-19  5.6014289e-18  2.0139691e-17  -8.7985547e-19  
2.9803648e-18  1.9195884e-19  4.5251676e-18  -2.3317891e-18  1.8316972e-18  -3.6220717e-18  4.5959478e-19  -1.6671602e-18  4.1029747e-18  5.4587303e-17  2.0238463e-18  2.9803648e-18  1.9195884e-19  4.5251676e-18  -2.3317891e-18  1.8316972e-18  -3.6220717e-18  4.5959478e-19  -1.6671602e-18  4.1029747e-18  5.4587303e-17  2.0238463e-18  
-7.1421818e-18  2.6029322e-18  -1.6310466e-17  1.4166097e-17  -1.9140827e-18  2.4140439e-18  8.7854257e-18  3.3297924e-18  -1.5227535e-18  3.0077611e-18  4.0578998e-16  -7.1421818e-18  2.6029322e-18  -1.6310466e-17  1.4166097e-17  -1.9140827e-18  2.4140439e-18  8.7854257e-18  3.3297924e-18  -1.5227535e-18  3.0077611e-18  4.0578998e-16  
-2.9768973e-18  5.5395955e-19  -1.3366180e-18  3.9028314e-17  -1.5347178e-19  -1.0120138e-17  3.5897256e-18  6.2832216e-17  3.5587772e-17  -1.8048419e-18  -2.4204231e-17  -2.9768973e-18  5.5395955e-19  -1.3366180e-18  3.9028314e-17  -1.5347178e-19  -1.0120138e-17  3.5897256e-18  6.2832216e-17  3.5587772e-17  -1.8048419e-18  -2.4204231e-17  
6.0809025e-18  -2.9050583e-18  -6.1272246e-18  6.5059939e-18  4.7214146e-19  -1.6837956e-18  4.9646322e-18  -3.1118866e-17  6.8645985e-17  -4.2468167e-17  7.7192164e-19  6.0809025e-18  -2.9050583e-18  -6.1272246e-18  6.5059939e-18  4.7214146e-19  -1.6837956e-18  4.9646322e-18  -3.1118866e-17  6.8645985e-17  -4.2468167e-17  7.7192164e-19  
5.8556446e-19  -4.0926514e-17  1.0816611e-18  -2.0140061e-18  5.5617242e-18  -2.6571424e-18  -1.4786760e-17  2.4084852e-18  -2.1842862e-17  -8.0294488e-18  1.2718014e-17  5.8556446e-19  -4.0926514e-17  1.0816611e-18  -2.0140061e-18  5.5617242e-18  -2.6571424e-18  -1.4786760e-17  2.4084852e-18  -2.1842862e-17  -8.0294488e-18  1.2718014e-17  
3.0565184e-17  6.8842603e-19  2.3115529e-18  -1.6095214e-17  1.1471579e-17  -1.7122771e-18  1.8416614e-18  -1.8137093e-18  -2.8257019e-18  2.4861688e-17  6.4923487e-18  3.0565184e-17  6.8842603e-19  2.3115529e-18  -1.6095214e-17  1.1471579e-17  -1.7122771e-18  1.8416614e-18  -1.8137093e-18  -2.8257019e-18  2.4861688e-17  6.4923487e-18  
-7.5391226e-19  -8.5020932e-19  -4.0207595e-19  -7.3384817e-19  -2.4098087e-19  2.1006417e-19  -4.8556164e-19  -2.7294578e-18  -3.7023810e-18  -1.4416501e-18  1.1520336e-17  -7.5391226e-19  -8.5020932e-19  -4.0207595e-19  -7.3384817e-19  -2.4098087e-19  2.1006417e-19  -4.8556164e-19  -2.7294578e-18  -3.7023810e-18  -1.4416501e-18  1.1520336e-17  
5.6286133e-18  -4.4840336e-18  -1.3017573e-18  2.7920654e-20  2.3113279e-18  2.4409637e-18  -2.3027385e-18  4.9729768e-18  1.1112437e-17  4.9212085e-18  -6.0489601e-18  5.6286133e-18  -4.4840336e-18  -1.3017573e-18  2.7920654e-20  2.3113279e-18  2.4409637e-18  -2.3027385e-18  4.9729768e-18  1.1112437e-17  4.9212085e-18  -6.0489601e-18  
3.2197311e-18  1.5453693e-17  3.6248775e-18  -1.5259365e-18  -1.0248933e-18  -5.8518065e-18  2.0153031e-18  2.6625753e-18  6.8808721e-18  -1.2972839e-17  -2.1433507e-18  3.2197311e-18  1.5453693e-17  3.6248775e-18  -1.5259365e-18  -1.0248933e-18  -5.8518065e-18  2.0153031e-18  2.6625753e-18  6.8808721e-18  -1.2972839e-17  -2.1433507e-18  
1.0095997e-17  2.8763121e-18  -5.7725295e-19  6.0414625e-19  -3.4777849e-18  -9.9862538e-19  -7.6016972e-18  -2.4959414e-18  7.5445225e-18  -2.1049828e-18  7.3480638e-18  1.0095997e-17  2.8763121e-18  -5.7725295e-19  6.0414625e-19  -3.4777849e-18  -9.9862538e-19  -7.6016972e-18  -2.4959414e-18  7.5445225e-18  -2.1049828e-18  7.3480638e-18  
1.5279627e-17  -1.3093012e-18  5.4492806e-18  1.6828692e-18  5.6564860e-18  2.5232053e-18  -2.6424781e-19  2.8825590e-19  5.6014289e-18  2.0139691e-17  -8.7985547e-19  1.5279627e-17  -1.3093012e-18  5.4492806e-18  1.6828692e-18  5.6564860e-18  2.5232053e-18  -2.6424781e-19  2.8825590e-19  5.6014289e-18  2.0139691e-17  -8.7985547e-19  
2.9803648e-18  1.9195884e-19  4.5251676e-18  -2.3317891e-18  1.8316972e-18  -3.6220717e-18  4.5959478e-19  -1.6671602e-18  4.1029747e-18  5.4587303e-17  2.0238463e-18  2.9803648e-18  1.9195884e-19  4.5251676e-18  -2.3317891e-18  1.8316972e-18  -3.6220717e-18  4.5959478e-19  -1.6671602e-18  4.1029747e-18  5.4587303e-17  2.0238463e-18  
-7.1421818e-18  2.6029322e-18  -1.6310466e-17  1.4166097e-17  -1.9140827e-18  2.4140439e-18  8.7854257e-18  3.3297924e-18  -1.5227535e-18  3.0077611e-18  4.0578998e-16  -7.1421818e-18  2.6029322e-18  -1.6310466e-17  1.4166097e-17  -1.9140827e-18  2.4140439e-18  8.7854257e-18  3.3297924e-18  -1.5227535e-18  3.0077611e-18  4.0578998e-16  
-2.9768973e-18  5.5395955e-19  -1.3366180e-18  3.9028314e-17  -1.5347178e-19  -1.0120138e-17  3.5897256e-18  6.2832216e-17  3.5587772e-17  -1.8048419e-18  -2.4204231e-17  -2.9768973e-18  5.5395955e-19  -1.3366180e-18  3.9028314e-17  -1.5347178e-19  -1.0120138e-17  3.5897256e-18  6.2832216e-17  3.5587772e-17  -1.8048419e-18  -2.4204231e-17  
6.0809025e-18  -2.9050583e-18  -6.1272246e-18  6.5059939e-18  4.7214146e-19  -1.6837956e-18  4.9646322e-18  -3.1118866e-17  6.8645985e-17  -4.2468167e-17  7.7192164e-19  6.0809025e-18  -2.9050583e-18  -6.1272246e-18  6.5059939e-18  4.7214146e-19  -1.6837956e-18  4.9646322e-18  -3.1118866e-17  6.8645985e-17  -4.2468167e-17  7.7192164e-19  
