1.9227648e-18  1.7346176e-17  2.1302879e-18  -1.0600617e-17  -3.0503774e-18  -4.9720834e-19  -4.8829755e-17  2.4843476e-18  -1.6202046e-17  7.7058822e-19  2.4970531e-18  1.9227648e-18  1.7346176e-17  2.1302879e-18  -1.0600617e-17  -3.0503774e-18  -4.9720834e-19  -4.8829755e-17  2.4843476e-18  -1.6202046e-17  7.7058822e-19  2.4970531e-18  
1.7181640e-17  -3.7076220e-18  -4.8047944e-19  -1.5230711e-18  -1.4175679e-17  4.3629608e-17  -7.7475986e-18  -1.2606127e-17  2.0619958e-18  -1.0695088e-17  7.1911297e-17  1.7181640e-17  -3.7076220e-18  -4.8047944e-19  -1.5230711e-18  -1.4175679e-17  4.3629608e-17  -7.7475986e-18  -1.2606127e-17  2.0619958e-18  -1.0695088e-17  7.1911297e-17  
3.3949081e-18  4.1405088e-18  2.3791038e-19  3.9167227e-17  -5.7106961e-18  3.6782406e-18  2.8290900e-19  2.4424195e-18  -2.7689931e-17  -1.3363851e-17  -2.0794659e-18  3.3949081e-18  4.1405088e-18  2.3791038e-19  3.9167227e-17  -5.7106961e-18  3.6782406e-18  2.8290900e-19  2.4424195e-18  -2.7689931e-17  -1.3363851e-17  -2.0794659e-18  
-7.1904627e-18  6.7971218e-18  4.4828795e-17  1.5446705e-18  4.0450058e-18  4.4676753e-18  -7.6859770e-18  -1.0079692e-17  5.1885003e-18  -7.5311817e-18  -6.9504136e-17  -7.1904627e-18  6.7971218e-18  4.4828795e-17  1.5446705e-18  4.0450058e-18  4.4676753e-18  -7.6859770e-18  -1.0079692e-17  5.1885003e-18  -7.5311817e-18  -6.9504136e-17  
-7.9324636e-19  2.1154330e-17  -2.8269725e-19  -2.4103381e-18  -2.3364014e-18  5.4829501e-19  -1.6221369e-17  2.9311999e-17  -6.6480175e-18  -4.3500727e-17  -8.3072492e-18  -7.9324636e-19  2.1154330e-17  -2.8269725e-19  -2.4103381e-18  -2.3364014e-18  5.4829501e-19  -1.6221369e-17  2.9311999e-17  -6.6480175e-18  -4.3500727e-17  -8.3072492e-18  
-1.5077186e-17  2.1538976e-17  3.3089342e-18  -2.9112522e-18  -1.3246537e-18  -2.1093767e-18  -8.6346539e-18  -4.6377171e-18  -1.5740413e-17  3.3356197e-17  4.2537995e-18  -1.5077186e-17  2.1538976e-17  3.3089342e-18  -2.9112522e-18  -1.3246537e-18  -2.1093767e-18  -8.6346539e-18  -4.6377171e-18  -1.5740413e-17  3.3356197e-17  4.2537995e-18  
-3.6463074e-17  -1.8382944e-17  1.1248598e-18  -1.0155925e-18  -2.7359958e-18  8.9057044e-18  1.6728901e-18  -2.1058298e-18  3.0874351e-19  -4.4126181e-18  4.1887473e-17  -3.6463074e-17  -1.8382944e-17  1.1248598e-18  -1.0155925e-18  -2.7359958e-18  8.9057044e-18  1.6728901e-18  -2.1058298e-18  3.0874351e-19  -4.4126181e-18  4.1887473e-17  
1.8384850e-18  5.7979935e-18  -2.5080646e-18  -7.5430402e-18  -2.3253205e-18  9.0079836e-18  7.1290528e-18  -5.9920897e-18  -5.0405872e-18  2.0745240e-17  -8.1261959e-17  1.8384850e-18  5.7979935e-18  -2.5080646e-18  -7.5430402e-18  -2.3253205e-18  9.0079836e-18  7.1290528e-18  -5.9920897e-18  -5.0405872e-18  2.0745240e-17  -8.1261959e-17  
-1.9207319e-17  -7.9501983e-19  2.7296907e-17  1.9020125e-18  -8.9002781e-18  -1.9711515e-17  3.9556439e-18  1.0890726e-18  4.8633853e-18  7.8113405e-17  1.5597349e-16  -1.9207319e-17  -7.9501983e-19  2.7296907e-17  1.9020125e-18  -8.9002781e-18  -1.9711515e-17  3.9556439e-18  1.0890726e-18  4.8633853e-18  7.8113405e-17  1.5597349e-16  
-3.5004695e-18  -6.3690459e-18  -8.4480949e-19  -3.6642910e-18  -1.1979448e-16  -2.6874000e-17  4.0143009e-18  -5.1883150e-17  1.1389721e-17  -1.6552049e-18  -5.4364692e-18  -3.5004695e-18  -6.3690459e-18  -8.4480949e-19  -3.6642910e-18  -1.1979448e-16  -2.6874000e-17  4.0143009e-18  -5.1883150e-17  1.1389721e-17  -1.6552049e-18  -5.4364692e-18  
2.0667604e-18  3.3979785e-18  1.8039261e-17  -1.0736990e-17  -8.1905571e-18  9.4397587e-18  8.7005530e-17  -1.6018754e-16  -3.5028836e-17  -1.4497922e-16  1.2524838e-18  2.0667604e-18  3.3979785e-18  1.8039261e-17  -1.0736990e-17  -8.1905571e-18  9.4397587e-18  8.7005530e-17  -1.6018754e-16  -3.5028836e-17  -1.4497922e-16  1.2524838e-18  
1.9227648e-18  1.7346176e-17  2.1302879e-18  -1.0600617e-17  -3.0503774e-18  -4.9720834e-19  -4.8829755e-17  2.4843476e-18  -1.6202046e-17  7.7058822e-19  2.4970531e-18  1.9227648e-18  1.7346176e-17  2.1302879e-18  -1.0600617e-17  -3.0503774e-18  -4.9720834e-19  -4.8829755e-17  2.4843476e-18  -1.6202046e-17  7.7058822e-19  2.4970531e-18  
1.7181640e-17  -3.7076220e-18  -4.8047944e-19  -1.5230711e-18  -1.4175679e-17  4.3629608e-17  -7.7475986e-18  -1.2606127e-17  2.0619958e-18  -1.0695088e-17  7.1911297e-17  1.7181640e-17  -3.7076220e-18  -4.8047944e-19  -1.5230711e-18  -1.4175679e-17  4.3629608e-17  -7.7475986e-18  -1.2606127e-17  2.0619958e-18  -1.0695088e-17  7.1911297e-17  
3.3949081e-18  4.1405088e-18  2.3791038e-19  3.9167227e-17  -5.7106961e-18  3.6782406e-18  2.8290900e-19  2.4424195e-18  -2.7689931e-17  -1.3363851e-17  -2.0794659e-18  3.3949081e-18  4.1405088e-18  2.3791038e-19  3.9167227e-17  -5.7106961e-18  3.6782406e-18  2.8290900e-19  2.4424195e-18  -2.7689931e-17  -1.3363851e-17  -2.0794659e-18  
-7.1904627e-18  6.7971218e-18  4.4828795e-17  1.5446705e-18  4.0450058e-18  4.4676753e-18  -7.6859770e-18  -1.0079692e-17  5.1885003e-18  -7.5311817e-18  -6.9504136e-17  -7.1904627e-18  6.7971218e-18  4.4828795e-17  1.5446705e-18  4.0450058e-18  4.4676753e-18  -7.6859770e-18  -1.0079692e-17  5.1885003e-18  -7.5311817e-18  -6.9504136e-17  
-7.9324636e-19  2.1154330e-17  -2.8269725e-19  -2.4103381e-18  -2.3364014e-18  5.4829501e-19  -1.6221369e-17  2.9311999e-17  -6.6480175e-18  -4.3500727e-17  -8.3072492e-18  -7.9324636e-19  2.1154330e-17  -2.8269725e-19  -2.4103381e-18  -2.3364014e-18  5.4829501e-19  -1.6221369e-17  2.9311999e-17  -6.6480175e-18  -4.3500727e-17  -8.3072492e-18  
-1.5077186e-17  2.1538976e-17  3.3089342e-18  -2.9112522e-18  -1.3246537e-18  -2.1093767e-18  -8.6346539e-18  -4.6377171e-18  -1.5740413e-17  3.3356197e-17  4.2537995e-18  -1.5077186e-17  2.1538976e-17  3.3089342e-18  -2.9112522e-18  -1.3246537e-18  -2.1093767e-18  -8.6346539e-18  -4.6377171e-18  -1.5740413e-17  3.3356197e-17  4.2537995e-18  
-3.6463074e-17  -1.8382944e-17  1.1248598e-18  -1.0155925e-18  -2.7359958e-18  8.9057044e-18  1.6728901e-18  -2.1058298e-18  3.0874351e-19  -4.4126181e-18  4.1887473e-17  -3.6463074e-17  -1.8382944e-17  1.1248598e-18  -1.0155925e-18  -2.7359958e-18  8.9057044e-18  1.6728901e-18  -2.1058298e-18  3.0874351e-19  -4.4126181e-18  4.1887473e-17  
1.8384850e-18  5.7979935e-18  -2.5080646e-18  -7.5430402e-18  -2.3253205e-18  9.0079836e-18  7.1290528e-18  -5.9920897e-18  -5.0405872e-18  2.0745240e-17  -8.1261959e-17  1.8384850e-18  5.7979935e-18  -2.5080646e-18  -7.5430402e-18  -2.3253205e-18  9.0079836e-18  7.1290528e-18  -5.9920897e-18  -5.0405872e-18  2.0745240e-17  -8.1261959e-17  
-1.9207319e-17  -7.9501983e-19  2.7296907e-17  1.9020125e-18  -8.9002781e-18  -1.9711515e-17  3.9556439e-18  1.0890726e-18  4.8633853e-18  7.8113405e-17  1.5597349e-16  -1.9207319e-17  -7.9501983e-19  2.7296907e-17  1.9020125e-18  -8.9002781e-18  -1.9711515e-17  3.9556439e-18  1.0890726e-18  4.8633853e-18  7.8113405e-17  1.5597349e-16  
-3.5004695e-18  -6.3690459e-18  -8.4480949e-19  -3.6642910e-18  -1.1979448e-16  -2.6874000e-17  4.0143009e-18  -5.1883150e-17  1.1389721e-17  -1.6552049e-18  -5.4364692e-18  -3.5004695e-18  -6.3690459e-18  -8.4480949e-19  -3.6642910e-18  -1.1979448e-16  -2.6874000e-17  4.0143009e-18  -5.1883150e-17  1.1389721e-17  -1.6552049e-18  -5.4364692e-18  
2.0667604e-18  3.3979785e-18  1.8039261e-17  -1.0736990e-17  -8.1905571e-18  9.4397587e-18  8.7005530e-17  -1.6018754e-16  -3.5028836e-17  -1.4497922e-16  1.2524838e-18  2.0667604e-18  3.3979785e-18  1.8039261e-17  -1.0736990e-17  -8.1905571e-18  9.4397587e-18  8.7005530e-17  -1.6018754e-16  -3.5028836e-17  -1.4497922e-16  1.2524838e-18  
