0.99973572  0.017896317  0.0021014989  0.00044085474  0.00097710479  -0.00027398175  0.0033368228  0.00083814723  -0.00086211259  0.00064663938  0.00072120250  0.99973572  0.017896317  0.0021014989  0.00044085474  0.00097710479  -0.00027398175  0.0033368228  0.00083814723  -0.00086211259  0.00064663938  0.00072120250  
-0.017845932  0.99972355  -0.0033476414  -0.00050057386  -6.0059908e-06  0.0044451028  -0.0027731959  -0.00018708091  -2.2053702e-05  -0.0016044965  6.0986905e-05  -0.017845932  0.99972355  -0.0033476414  -0.00050057386  -6.0059908e-06  0.0044451028  -0.0027731959  -0.00018708091  -2.2053702e-05  -0.0016044965  6.0986905e-05  
-0.0021800668  0.0033179406  0.99975135  -0.015923986  -0.00097104290  0.0014579198  0.00044563949  0.0013614340  0.00059910320  0.0021199433  -0.0012819874  -0.0021800668  0.0033179406  0.99975135  -0.015923986  -0.00097104290  0.0014579198  0.00044563949  0.0013614340  0.00059910320  0.0021199433  -0.0012819874  
-0.00047585792  0.00053886832  0.015884494  0.99976433  -0.0065717098  0.00096780456  0.0027222745  7.9624750e-05  0.0012985557  -6.4302322e-05  0.0012327903  -0.00047585792  0.00053886832  0.015884494  0.99976433  -0.0065717098  0.00096780456  0.0027222745  7.9624750e-05  0.0012985557  -6.4302322e-05  0.0012327903  
-0.00097685737  -2.0381172e-05  0.0010844789  0.0065599037  0.99991428  -0.0014145269  0.00060124320  -0.00074964693  0.0012293758  0.00047083337  -5.9318483e-05  -0.00097685737  -2.0381172e-05  0.0010844789  0.0065599037  0.99991428  -0.0014145269  0.00060124320  -0.00074964693  0.0012293758  0.00047083337  -5.9318483e-05  
-0.00049441280  0.0046099014  0.0014245931  0.00081309964  -0.0014830672  -0.99879780  0.046766658  -0.0052138863  0.0031695835  0.0038518966  -0.00077866792  -0.00049441280  0.0046099014  0.0014245931  0.00081309964  -0.0014830672  -0.99879780  0.046766658  -0.0052138863  0.0031695835  0.0038518966  -0.00077866792  
0.0033716762  -0.0024665834  0.00061093739  0.0027639158  0.00052626314  -0.046628360  -0.99865155  -0.018369270  0.0041327907  -0.00056281911  0.00044198170  0.0033716762  -0.0024665834  0.00061093739  0.0027639158  0.00052626314  -0.046628360  -0.99865155  -0.018369270  0.0041327907  -0.00056281911  0.00044198170  
-0.00072349225  0.00013032637  -0.0013273744  -2.4260211e-06  0.00083949446  -0.0060996695  -0.018079888  0.99972244  0.0031343226  -0.0041067428  0.0019107739  -0.00072349225  0.00013032637  -0.0013273744  -2.4260211e-06  0.00083949446  -0.0060996695  -0.018079888  0.99972244  0.0031343226  -0.0041067428  0.0019107739  
0.00083842387  3.8397695e-05  -0.00060827796  -0.0013146713  -0.0011962630  0.0033407549  0.0040560995  -0.0030865728  0.99990729  -0.0088606972  0.0023415334  0.00083842387  3.8397695e-05  -0.00060827796  -0.0013146713  -0.0011962630  0.0033407549  0.0040560995  -0.0030865728  0.99990729  -0.0088606972  0.0023415334  
0.00066267179  -0.0015973617  0.0021170389  -8.9237671e-05  0.00048548128  -0.0038448864  0.00077990552  -0.0040992350  -0.0088549148  -0.99988734  -0.0064663493  0.00066267179  -0.0015973617  0.0021170389  -8.9237671e-05  0.00048548128  -0.0038448864  0.00077990552  -0.0040992350  -0.0088549148  -0.99988734  -0.0064663493  
0.00072462077  6.7856468e-05  -0.0012626777  0.0012525978  -6.2388219e-05  0.00076197638  -0.00051783277  0.0019240572  0.0023871400  0.0064355291  -0.99992236  0.00072462077  6.7856468e-05  -0.0012626777  0.0012525978  -6.2388219e-05  0.00076197638  -0.00051783277  0.0019240572  0.0023871400  0.0064355291  -0.99992236  
0.99973572  0.017896317  0.0021014989  0.00044085474  0.00097710479  -0.00027398175  0.0033368228  0.00083814723  -0.00086211259  0.00064663938  0.00072120250  0.99973572  0.017896317  0.0021014989  0.00044085474  0.00097710479  -0.00027398175  0.0033368228  0.00083814723  -0.00086211259  0.00064663938  0.00072120250  
-0.017845932  0.99972355  -0.0033476414  -0.00050057386  -6.0059908e-06  0.0044451028  -0.0027731959  -0.00018708091  -2.2053702e-05  -0.0016044965  6.0986905e-05  -0.017845932  0.99972355  -0.0033476414  -0.00050057386  -6.0059908e-06  0.0044451028  -0.0027731959  -0.00018708091  -2.2053702e-05  -0.0016044965  6.0986905e-05  
-0.0021800668  0.0033179406  0.99975135  -0.015923986  -0.00097104290  0.0014579198  0.00044563949  0.0013614340  0.00059910320  0.0021199433  -0.0012819874  -0.0021800668  0.0033179406  0.99975135  -0.015923986  -0.00097104290  0.0014579198  0.00044563949  0.0013614340  0.00059910320  0.0021199433  -0.0012819874  
-0.00047585792  0.00053886832  0.015884494  0.99976433  -0.0065717098  0.00096780456  0.0027222745  7.9624750e-05  0.0012985557  -6.4302322e-05  0.0012327903  -0.00047585792  0.00053886832  0.015884494  0.99976433  -0.0065717098  0.00096780456  0.0027222745  7.9624750e-05  0.0012985557  -6.4302322e-05  0.0012327903  
-0.00097685737  -2.0381172e-05  0.0010844789  0.0065599037  0.99991428  -0.0014145269  0.00060124320  -0.00074964693  0.0012293758  0.00047083337  -5.9318483e-05  -0.00097685737  -2.0381172e-05  0.0010844789  0.0065599037  0.99991428  -0.0014145269  0.00060124320  -0.00074964693  0.0012293758  0.00047083337  -5.9318483e-05  
-0.00049441280  0.0046099014  0.0014245931  0.00081309964  -0.0014830672  -0.99879780  0.046766658  -0.0052138863  0.0031695835  0.0038518966  -0.00077866792  -0.00049441280  0.0046099014  0.0014245931  0.00081309964  -0.0014830672  -0.99879780  0.046766658  -0.0052138863  0.0031695835  0.0038518966  -0.00077866792  
0.0033716762  -0.0024665834  0.00061093739  0.0027639158  0.00052626314  -0.046628360  -0.99865155  -0.018369270  0.0041327907  -0.00056281911  0.00044198170  0.0033716762  -0.0024665834  0.00061093739  0.0027639158  0.00052626314  -0.046628360  -0.99865155  -0.018369270  0.0041327907  -0.00056281911  0.00044198170  
-0.00072349225  0.00013032637  -0.0013273744  -2.4260211e-06  0.00083949446  -0.0060996695  -0.018079888  0.99972244  0.0031343226  -0.0041067428  0.0019107739  -0.00072349225  0.00013032637  -0.0013273744  -2.4260211e-06  0.00083949446  -0.0060996695  -0.018079888  0.99972244  0.0031343226  -0.0041067428  0.0019107739  
0.00083842387  3.8397695e-05  -0.00060827796  -0.0013146713  -0.0011962630  0.0033407549  0.0040560995  -0.0030865728  0.99990729  -0.0088606972  0.0023415334  0.00083842387  3.8397695e-05  -0.00060827796  -0.0013146713  -0.0011962630  0.0033407549  0.0040560995  -0.0030865728  0.99990729  -0.0088606972  0.0023415334  
0.00066267179  -0.0015973617  0.0021170389  -8.9237671e-05  0.00048548128  -0.0038448864  0.00077990552  -0.0040992350  -0.0088549148  -0.99988734  -0.0064663493  0.00066267179  -0.0015973617  0.0021170389  -8.9237671e-05  0.00048548128  -0.0038448864  0.00077990552  -0.0040992350  -0.0088549148  -0.99988734  -0.0064663493  
0.00072462077  6.7856468e-05  -0.0012626777  0.0012525978  -6.2388219e-05  0.00076197638  -0.00051783277  0.0019240572  0.0023871400  0.0064355291  -0.99992236  0.00072462077  6.7856468e-05  -0.0012626777  0.0012525978  -6.2388219e-05  0.00076197638  -0.00051783277  0.0019240572  0.0023871400  0.0064355291  -0.99992236  
