0.98875503  -0.14889624  -0.0037909929  0.00060625398  -0.0022107054  0.0032719636  0.0039224669  -0.0011403521  -2.3873668e-07  -0.00056270853  0.0010410525  0.98875503  -0.14889624  -0.0037909929  0.00060625398  -0.0022107054  0.0032719636  0.0039224669  -0.0011403521  -2.3873668e-07  -0.00056270853  0.0010410525  
0.14895950  0.98874065  0.0040320299  -0.00055775890  -0.00018560248  -0.0060567525  -0.0013380849  -0.0012041077  -0.00076566995  -5.6238206e-05  -0.00071735328  0.14895950  0.98874065  0.0040320299  -0.00055775890  -0.00018560248  -0.0060567525  -0.0013380849  -0.0012041077  -0.00076566995  -5.6238206e-05  -0.00071735328  
-0.0031632378  0.0046162843  -0.99966497  -0.011845584  -0.0051766885  -0.00026356098  -0.00049937298  0.0010392421  0.0049318422  -0.00086540886  -0.00091265474  -0.0031632378  0.0046162843  -0.99966497  -0.011845584  -0.0051766885  -0.00026356098  -0.00049937298  0.0010392421  0.0049318422  -0.00086540886  -0.00091265474  
0.00052161017  -0.00066735617  0.011833449  -0.99975093  0.0089198439  0.0031083827  -0.0025043633  -0.00070020250  0.0012054470  -0.0020639452  0.00024698586  0.00052161017  -0.00066735617  0.011833449  -0.99975093  0.0089198439  0.0031083827  -0.0025043633  -0.00070020250  0.0012054470  -0.0020639452  0.00024698586  
0.0021691714  -0.00013890209  -0.0053100094  0.0088757818  0.99980242  -0.0027429007  0.00087545949  -0.0063184546  -0.0047633175  -0.0078874140  -0.0017377177  0.0021691714  -0.00013890209  -0.0053100094  0.0088757818  0.99980242  -0.0027429007  0.00087545949  -0.0063184546  -0.0047633175  -0.0078874140  -0.0017377177  
-0.0023528067  0.0065207756  -0.00028458257  0.0031133744  0.0027521955  0.99975809  0.0050875564  0.013871680  -0.0062930427  -0.0017361204  5.0557504e-05  -0.0023528067  0.0065207756  -0.00028458257  0.0031133744  0.0027521955  0.99975809  0.0050875564  0.013871680  -0.0062930427  -0.0017361204  5.0557504e-05  
-0.0035728643  0.0019098754  -0.00038846847  -0.0025173114  -0.00060543234  -0.0056912289  0.99889110  0.043682149  -2.4515691e-05  -0.0010578583  -0.00010880902  -0.0035728643  0.0019098754  -0.00038846847  -0.0025173114  -0.00060543234  -0.0056912289  0.99889110  0.043682149  -2.4515691e-05  -0.0010578583  -0.00010880902  
0.0014958777  0.00087354324  0.0010064454  -0.00057769065  0.0062720050  -0.013669699  -0.043700418  0.99885731  -0.00082483867  0.0037807300  -3.4785534e-05  0.0014958777  0.00087354324  0.0010064454  -0.00057769065  0.0062720050  -0.013669699  -0.043700418  0.99885731  -0.00082483867  0.0037807300  -3.4785534e-05  
0.00013410626  0.00077191249  0.0048812064  0.0013240484  0.0047526564  0.0062602953  1.8414668e-05  0.00088218158  0.99987644  -0.0066992692  0.0060634290  0.00013410626  0.00077191249  0.0048812064  0.0013240484  0.0047526564  0.0062602953  1.8414668e-05  0.00088218158  0.99987644  -0.0066992692  0.0060634290  
0.00056523798  -9.2849825e-06  -0.00086216557  -0.0020147001  0.0079627148  0.0018170818  0.0012250733  -0.0037282019  0.0066809924  0.99988030  -0.0030198051  0.00056523798  -9.2849825e-06  -0.00086216557  -0.0020147001  0.0079627148  0.0018170818  0.0012250733  -0.0037282019  0.0066809924  0.99988030  -0.0030198051  
0.00091762897  -0.00088516585  0.00087191124  -0.00021800981  -0.0017407742  8.9885572e-05  -0.00011052756  -1.9013228e-05  0.0060764882  -0.0030224881  -0.99987568  0.00091762897  -0.00088516585  0.00087191124  -0.00021800981  -0.0017407742  8.9885572e-05  -0.00011052756  -1.9013228e-05  0.0060764882  -0.0030224881  -0.99987568  
0.98875503  -0.14889624  -0.0037909929  0.00060625398  -0.0022107054  0.0032719636  0.0039224669  -0.0011403521  -2.3873668e-07  -0.00056270853  0.0010410525  0.98875503  -0.14889624  -0.0037909929  0.00060625398  -0.0022107054  0.0032719636  0.0039224669  -0.0011403521  -2.3873668e-07  -0.00056270853  0.0010410525  
0.14895950  0.98874065  0.0040320299  -0.00055775890  -0.00018560248  -0.0060567525  -0.0013380849  -0.0012041077  -0.00076566995  -5.6238206e-05  -0.00071735328  0.14895950  0.98874065  0.0040320299  -0.00055775890  -0.00018560248  -0.0060567525  -0.0013380849  -0.0012041077  -0.00076566995  -5.6238206e-05  -0.00071735328  
-0.0031632378  0.0046162843  -0.99966497  -0.011845584  -0.0051766885  -0.00026356098  -0.00049937298  0.0010392421  0.0049318422  -0.00086540886  -0.00091265474  -0.0031632378  0.0046162843  -0.99966497  -0.011845584  -0.0051766885  -0.00026356098  -0.00049937298  0.0010392421  0.0049318422  -0.00086540886  -0.00091265474  
0.00052161017  -0.00066735617  0.011833449  -0.99975093  0.0089198439  0.0031083827  -0.0025043633  -0.00070020250  0.0012054470  -0.0020639452  0.00024698586  0.00052161017  -0.00066735617  0.011833449  -0.99975093  0.0089198439  0.0031083827  -0.0025043633  -0.00070020250  0.0012054470  -0.0020639452  0.00024698586  
0.0021691714  -0.00013890209  -0.0053100094  0.0088757818  0.99980242  -0.0027429007  0.00087545949  -0.0063184546  -0.0047633175  -0.0078874140  -0.0017377177  0.0021691714  -0.00013890209  -0.0053100094  0.0088757818  0.99980242  -0.0027429007  0.00087545949  -0.0063184546  -0.0047633175  -0.0078874140  -0.0017377177  
-0.0023528067  0.0065207756  -0.00028458257  0.0031133744  0.0027521955  0.99975809  0.0050875564  0.013871680  -0.0062930427  -0.0017361204  5.0557504e-05  -0.0023528067  0.0065207756  -0.00028458257  0.0031133744  0.0027521955  0.99975809  0.0050875564  0.013871680  -0.0062930427  -0.0017361204  5.0557504e-05  
-0.0035728643  0.0019098754  -0.00038846847  -0.0025173114  -0.00060543234  -0.0056912289  0.99889110  0.043682149  -2.4515691e-05  -0.0010578583  -0.00010880902  -0.0035728643  0.0019098754  -0.00038846847  -0.0025173114  -0.00060543234  -0.0056912289  0.99889110  0.043682149  -2.4515691e-05  -0.0010578583  -0.00010880902  
0.0014958777  0.00087354324  0.0010064454  -0.00057769065  0.0062720050  -0.013669699  -0.043700418  0.99885731  -0.00082483867  0.0037807300  -3.4785534e-05  0.0014958777  0.00087354324  0.0010064454  -0.00057769065  0.0062720050  -0.013669699  -0.043700418  0.99885731  -0.00082483867  0.0037807300  -3.4785534e-05  
0.00013410626  0.00077191249  0.0048812064  0.0013240484  0.0047526564  0.0062602953  1.8414668e-05  0.00088218158  0.99987644  -0.0066992692  0.0060634290  0.00013410626  0.00077191249  0.0048812064  0.0013240484  0.0047526564  0.0062602953  1.8414668e-05  0.00088218158  0.99987644  -0.0066992692  0.0060634290  
0.00056523798  -9.2849825e-06  -0.00086216557  -0.0020147001  0.0079627148  0.0018170818  0.0012250733  -0.0037282019  0.0066809924  0.99988030  -0.0030198051  0.00056523798  -9.2849825e-06  -0.00086216557  -0.0020147001  0.0079627148  0.0018170818  0.0012250733  -0.0037282019  0.0066809924  0.99988030  -0.0030198051  
0.00091762897  -0.00088516585  0.00087191124  -0.00021800981  -0.0017407742  8.9885572e-05  -0.00011052756  -1.9013228e-05  0.0060764882  -0.0030224881  -0.99987568  0.00091762897  -0.00088516585  0.00087191124  -0.00021800981  -0.0017407742  8.9885572e-05  -0.00011052756  -1.9013228e-05  0.0060764882  -0.0030224881  -0.99987568  
