-1.1758935e-18  6.5092364e-17  -3.4897757e-19  -1.8270501e-18  -1.8007709e-17  1.8380615e-18  -2.0322014e-17  2.7863149e-18  -8.9516559e-18  -5.6681857e-18  -6.2502561e-18  -1.1758935e-18  6.5092364e-17  -3.4897757e-19  -1.8270501e-18  -1.8007709e-17  1.8380615e-18  -2.0322014e-17  2.7863149e-18  -8.9516559e-18  -5.6681857e-18  -6.2502561e-18  
7.1094016e-17  -4.2114478e-18  -2.1421463e-18  3.9069395e-18  2.3596062e-17  -1.7439350e-17  -1.4243283e-17  2.2459105e-17  4.1806370e-19  1.3573174e-18  -2.4534309e-18  7.1094016e-17  -4.2114478e-18  -2.1421463e-18  3.9069395e-18  2.3596062e-17  -1.7439350e-17  -1.4243283e-17  2.2459105e-17  4.1806370e-19  1.3573174e-18  -2.4534309e-18  
-1.7228650e-18  -5.2770153e-19  2.3005415e-18  2.7287166e-17  1.6728901e-18  2.1870391e-18  1.9668105e-18  -7.3215410e-19  9.2589171e-18  -7.9219815e-18  1.0371918e-17  -1.7228650e-18  -5.2770153e-19  2.3005415e-18  2.7287166e-17  1.6728901e-18  2.1870391e-18  1.9668105e-18  -7.3215410e-19  9.2589171e-18  -7.9219815e-18  1.0371918e-17  
-1.4848488e-18  -1.0185571e-19  -3.8158834e-18  3.4642589e-18  9.5205974e-18  -3.2852173e-18  -2.6339337e-17  5.9163134e-18  -1.2197274e-17  -6.0442154e-18  -6.4119547e-17  -1.4848488e-18  -1.0185571e-19  -3.8158834e-18  3.4642589e-18  9.5205974e-18  -3.2852173e-18  -2.6339337e-17  5.9163134e-18  -1.2197274e-17  -6.0442154e-18  -6.4119547e-17  
1.3585773e-17  4.2963470e-17  1.4710315e-17  -4.2533759e-18  2.5641143e-18  -2.7197699e-19  5.1333373e-18  2.0056615e-18  -7.5634748e-18  7.0053767e-17  -2.6444686e-17  1.3585773e-17  4.2963470e-17  1.4710315e-17  -4.2533759e-18  2.5641143e-18  -2.7197699e-19  5.1333373e-18  2.0056615e-18  -7.5634748e-18  7.0053767e-17  -2.6444686e-17  
-2.6850944e-18  -2.9779561e-18  -8.6308422e-18  -7.0651018e-18  5.6258870e-19  -1.1192482e-18  4.5273911e-18  -5.2246051e-19  1.5131291e-17  1.8880656e-17  -5.6245105e-18  -2.6850944e-18  -2.9779561e-18  -8.6308422e-18  -7.0651018e-18  5.6258870e-19  -1.1192482e-18  4.5273911e-18  -5.2246051e-19  1.5131291e-17  1.8880656e-17  -5.6245105e-18  
-1.4780725e-17  1.3195926e-17  -5.1787594e-18  -2.1912742e-17  1.0736990e-17  -1.0426976e-18  -2.4190996e-18  5.8253103e-18  4.0157832e-18  -7.7583453e-18  -5.1098321e-17  -1.4780725e-17  1.3195926e-17  -5.1787594e-18  -2.1912742e-17  1.0736990e-17  -1.0426976e-18  -2.4190996e-18  5.8253103e-18  4.0157832e-18  -7.7583453e-18  -5.1098321e-17  
8.4453420e-18  -1.4842055e-17  8.9390563e-18  3.5313333e-18  -1.2241962e-17  -1.0564618e-18  4.7260203e-18  -2.2920844e-18  7.2678339e-18  8.1463791e-18  -6.5542086e-17  8.4453420e-18  -1.4842055e-17  8.9390563e-18  3.5313333e-18  -1.2241962e-17  -1.0564618e-18  4.7260203e-18  -2.2920844e-18  7.2678339e-18  8.1463791e-18  -6.5542086e-17  
-6.5733992e-18  8.0788414e-18  3.7738494e-17  -1.8982008e-18  -2.5553263e-17  1.7798809e-17  -1.0775953e-17  -6.5994190e-18  -1.5460403e-18  -1.1957220e-17  1.5745877e-16  -6.5733992e-18  8.0788414e-18  3.7738494e-17  -1.8982008e-18  -2.5553263e-17  1.7798809e-17  -1.0775953e-17  -6.5994190e-18  -1.5460403e-18  -1.1957220e-17  1.5745877e-16  
3.0249664e-18  -3.5718321e-19  -2.8911352e-18  -1.2353129e-17  3.9704127e-17  9.0165598e-18  -6.2182806e-19  -1.0445451e-17  6.9735481e-17  3.8591714e-18  -2.9224151e-16  3.0249664e-18  -3.5718321e-19  -2.8911352e-18  -1.2353129e-17  3.9704127e-17  9.0165598e-18  -6.2182806e-19  -1.0445451e-17  6.9735481e-17  3.8591714e-18  -2.9224151e-16  
-6.0647559e-19  2.2114124e-17  8.0468130e-19  -4.7664238e-17  -5.2130749e-17  -1.2432750e-17  3.6596270e-17  1.5707961e-17  3.3838691e-16  2.5801751e-16  -2.3087140e-18  -6.0647559e-19  2.2114124e-17  8.0468130e-19  -4.7664238e-17  -5.2130749e-17  -1.2432750e-17  3.6596270e-17  1.5707961e-17  3.3838691e-16  2.5801751e-16  -2.3087140e-18  
-1.1758935e-18  6.5092364e-17  -3.4897757e-19  -1.8270501e-18  -1.8007709e-17  1.8380615e-18  -2.0322014e-17  2.7863149e-18  -8.9516559e-18  -5.6681857e-18  -6.2502561e-18  -1.1758935e-18  6.5092364e-17  -3.4897757e-19  -1.8270501e-18  -1.8007709e-17  1.8380615e-18  -2.0322014e-17  2.7863149e-18  -8.9516559e-18  -5.6681857e-18  -6.2502561e-18  
7.1094016e-17  -4.2114478e-18  -2.1421463e-18  3.9069395e-18  2.3596062e-17  -1.7439350e-17  -1.4243283e-17  2.2459105e-17  4.1806370e-19  1.3573174e-18  -2.4534309e-18  7.1094016e-17  -4.2114478e-18  -2.1421463e-18  3.9069395e-18  2.3596062e-17  -1.7439350e-17  -1.4243283e-17  2.2459105e-17  4.1806370e-19  1.3573174e-18  -2.4534309e-18  
-1.7228650e-18  -5.2770153e-19  2.3005415e-18  2.7287166e-17  1.6728901e-18  2.1870391e-18  1.9668105e-18  -7.3215410e-19  9.2589171e-18  -7.9219815e-18  1.0371918e-17  -1.7228650e-18  -5.2770153e-19  2.3005415e-18  2.7287166e-17  1.6728901e-18  2.1870391e-18  1.9668105e-18  -7.3215410e-19  9.2589171e-18  -7.9219815e-18  1.0371918e-17  
-1.4848488e-18  -1.0185571e-19  -3.8158834e-18  3.4642589e-18  9.5205974e-18  -3.2852173e-18  -2.6339337e-17  5.9163134e-18  -1.2197274e-17  -6.0442154e-18  -6.4119547e-17  -1.4848488e-18  -1.0185571e-19  -3.8158834e-18  3.4642589e-18  9.5205974e-18  -3.2852173e-18  -2.6339337e-17  5.9163134e-18  -1.2197274e-17  -6.0442154e-18  -6.4119547e-17  
1.3585773e-17  4.2963470e-17  1.4710315e-17  -4.2533759e-18  2.5641143e-18  -2.7197699e-19  5.1333373e-18  2.0056615e-18  -7.5634748e-18  7.0053767e-17  -2.6444686e-17  1.3585773e-17  4.2963470e-17  1.4710315e-17  -4.2533759e-18  2.5641143e-18  -2.7197699e-19  5.1333373e-18  2.0056615e-18  -7.5634748e-18  7.0053767e-17  -2.6444686e-17  
-2.6850944e-18  -2.9779561e-18  -8.6308422e-18  -7.0651018e-18  5.6258870e-19  -1.1192482e-18  4.5273911e-18  -5.2246051e-19  1.5131291e-17  1.8880656e-17  -5.6245105e-18  -2.6850944e-18  -2.9779561e-18  -8.6308422e-18  -7.0651018e-18  5.6258870e-19  -1.1192482e-18  4.5273911e-18  -5.2246051e-19  1.5131291e-17  1.8880656e-17  -5.6245105e-18  
-1.4780725e-17  1.3195926e-17  -5.1787594e-18  -2.1912742e-17  1.0736990e-17  -1.0426976e-18  -2.4190996e-18  5.8253103e-18  4.0157832e-18  -7.7583453e-18  -5.1098321e-17  -1.4780725e-17  1.3195926e-17  -5.1787594e-18  -2.1912742e-17  1.0736990e-17  -1.0426976e-18  -2.4190996e-18  5.8253103e-18  4.0157832e-18  -7.7583453e-18  -5.1098321e-17  
8.4453420e-18  -1.4842055e-17  8.9390563e-18  3.5313333e-18  -1.2241962e-17  -1.0564618e-18  4.7260203e-18  -2.2920844e-18  7.2678339e-18  8.1463791e-18  -6.5542086e-17  8.4453420e-18  -1.4842055e-17  8.9390563e-18  3.5313333e-18  -1.2241962e-17  -1.0564618e-18  4.7260203e-18  -2.2920844e-18  7.2678339e-18  8.1463791e-18  -6.5542086e-17  
-6.5733992e-18  8.0788414e-18  3.7738494e-17  -1.8982008e-18  -2.5553263e-17  1.7798809e-17  -1.0775953e-17  -6.5994190e-18  -1.5460403e-18  -1.1957220e-17  1.5745877e-16  -6.5733992e-18  8.0788414e-18  3.7738494e-17  -1.8982008e-18  -2.5553263e-17  1.7798809e-17  -1.0775953e-17  -6.5994190e-18  -1.5460403e-18  -1.1957220e-17  1.5745877e-16  
3.0249664e-18  -3.5718321e-19  -2.8911352e-18  -1.2353129e-17  3.9704127e-17  9.0165598e-18  -6.2182806e-19  -1.0445451e-17  6.9735481e-17  3.8591714e-18  -2.9224151e-16  3.0249664e-18  -3.5718321e-19  -2.8911352e-18  -1.2353129e-17  3.9704127e-17  9.0165598e-18  -6.2182806e-19  -1.0445451e-17  6.9735481e-17  3.8591714e-18  -2.9224151e-16  
-6.0647559e-19  2.2114124e-17  8.0468130e-19  -4.7664238e-17  -5.2130749e-17  -1.2432750e-17  3.6596270e-17  1.5707961e-17  3.3838691e-16  2.5801751e-16  -2.3087140e-18  -6.0647559e-19  2.2114124e-17  8.0468130e-19  -4.7664238e-17  -5.2130749e-17  -1.2432750e-17  3.6596270e-17  1.5707961e-17  3.3838691e-16  2.5801751e-16  -2.3087140e-18  
