-3.0136903e-18  5.9809632e-17  5.7892584e-18  6.8154389e-19  1.9600342e-18  -2.5741331e-17  -4.5348026e-19  7.0089859e-18  4.5064694e-17  -1.6106755e-17  3.3159434e-17  -3.0136903e-18  5.9809632e-17  5.7892584e-18  6.8154389e-19  1.9600342e-18  -2.5741331e-17  -4.5348026e-19  7.0089859e-18  4.5064694e-17  -1.6106755e-17  3.3159434e-17  
-5.6825323e-18  -5.2537219e-19  -1.1104602e-17  -4.2304002e-18  2.0271192e-17  1.4399560e-18  -1.4378914e-18  -3.5365743e-18  1.4416077e-17  9.4910042e-19  -1.5354590e-17  -5.6825323e-18  -5.2537219e-19  -1.1104602e-17  -4.2304002e-18  2.0271192e-17  1.4399560e-18  -1.4378914e-18  -3.5365743e-18  1.4416077e-17  9.4910042e-19  -1.5354590e-17  
-2.5578277e-18  -4.0471234e-18  -2.4278082e-19  2.5806976e-18  1.9181061e-18  -1.3569468e-18  -1.1434733e-17  -4.1901661e-18  -9.8958859e-18  -6.6517497e-18  3.2210545e-17  -2.5578277e-18  -4.0471234e-18  -2.4278082e-19  2.5806976e-18  1.9181061e-18  -1.3569468e-18  -1.1434733e-17  -4.1901661e-18  -9.8958859e-18  -6.6517497e-18  3.2210545e-17  
7.3628339e-19  5.0288875e-18  1.4396384e-18  -3.3237143e-18  -3.9389150e-18  1.6517672e-18  5.0604660e-18  -9.6665518e-18  7.5632895e-18  -1.5363854e-17  3.2418194e-17  7.3628339e-19  5.0288875e-18  1.4396384e-18  -3.3237143e-18  -3.9389150e-18  1.6517672e-18  5.0604660e-18  -9.6665518e-18  7.5632895e-18  -1.5363854e-17  3.2418194e-17  
-9.3554789e-19  -6.0719557e-18  4.1318267e-18  -3.0248076e-18  -6.8722165e-19  -1.3532198e-17  -2.7282931e-18  1.3410332e-17  -4.1186977e-18  -1.3220766e-16  -1.0397118e-17  -9.3554789e-19  -6.0719557e-18  4.1318267e-18  -3.0248076e-18  -6.8722165e-19  -1.3532198e-17  -2.7282931e-18  1.3410332e-17  -4.1186977e-18  -1.3220766e-16  -1.0397118e-17  
5.9631119e-18  -3.4465771e-18  -1.9964567e-18  -1.7120653e-18  1.8554257e-18  1.5196300e-18  -3.1894179e-17  4.4270177e-18  3.5886668e-18  -1.3940468e-17  6.1310362e-18  5.9631119e-18  -3.4465771e-18  -1.9964567e-18  -1.7120653e-18  1.8554257e-18  1.5196300e-18  -3.1894179e-17  4.4270177e-18  3.5886668e-18  -1.3940468e-17  6.1310362e-18  
2.2091678e-19  4.8501107e-18  6.7406882e-18  -5.7162813e-18  1.4181449e-18  3.2356235e-17  -2.5815447e-18  2.7125171e-18  4.9712364e-18  3.7146630e-18  4.4638636e-18  2.2091678e-19  4.8501107e-18  6.7406882e-18  -5.7162813e-18  1.4181449e-18  3.2356235e-17  -2.5815447e-18  2.7125171e-18  4.9712364e-18  3.7146630e-18  4.4638636e-18  
-1.3343945e-18  2.2554370e-18  4.2603640e-18  -9.8962565e-18  4.9976744e-17  -1.0537090e-18  -1.1563059e-18  -2.9934674e-18  -7.7245170e-18  6.3064568e-17  -1.4478758e-17  -1.3343945e-18  2.2554370e-18  4.2603640e-18  -9.8962565e-18  4.9976744e-17  -1.0537090e-18  -1.1563059e-18  -2.9934674e-18  -7.7245170e-18  6.3064568e-17  -1.4478758e-17  
2.6156377e-17  -2.9233225e-17  2.3962562e-17  -1.0736116e-17  5.9398185e-18  1.0723119e-17  1.3602502e-17  -9.1543086e-19  -1.1256565e-17  -1.9196699e-16  -1.3046743e-16  2.6156377e-17  -2.9233225e-17  2.3962562e-17  -1.0736116e-17  5.9398185e-18  1.0723119e-17  1.3602502e-17  -9.1543086e-19  -1.1256565e-17  -1.9196699e-16  -1.3046743e-16  
-2.2359976e-17  1.2500512e-17  9.6248354e-18  -6.6043688e-18  5.2527266e-17  8.6738291e-18  1.0949807e-17  -1.0236880e-16  -5.2420752e-18  -7.5310030e-18  4.7769588e-17  -2.2359976e-17  1.2500512e-17  9.6248354e-18  -6.6043688e-18  5.2527266e-17  8.6738291e-18  1.0949807e-17  -1.0236880e-16  -5.2420752e-18  -7.5310030e-18  4.7769588e-17  
2.1183023e-17  5.9408773e-18  -1.4166203e-17  -3.3019488e-17  -7.7501397e-18  1.1373323e-17  -4.7848891e-18  -3.1880203e-18  -1.2829479e-17  4.8882483e-17  1.0248569e-18  2.1183023e-17  5.9408773e-18  -1.4166203e-17  -3.3019488e-17  -7.7501397e-18  1.1373323e-17  -4.7848891e-18  -3.1880203e-18  -1.2829479e-17  4.8882483e-17  1.0248569e-18  
-3.0136903e-18  5.9809632e-17  5.7892584e-18  6.8154389e-19  1.9600342e-18  -2.5741331e-17  -4.5348026e-19  7.0089859e-18  4.5064694e-17  -1.6106755e-17  3.3159434e-17  -3.0136903e-18  5.9809632e-17  5.7892584e-18  6.8154389e-19  1.9600342e-18  -2.5741331e-17  -4.5348026e-19  7.0089859e-18  4.5064694e-17  -1.6106755e-17  3.3159434e-17  
-5.6825323e-18  -5.2537219e-19  -1.1104602e-17  -4.2304002e-18  2.0271192e-17  1.4399560e-18  -1.4378914e-18  -3.5365743e-18  1.4416077e-17  9.4910042e-19  -1.5354590e-17  -5.6825323e-18  -5.2537219e-19  -1.1104602e-17  -4.2304002e-18  2.0271192e-17  1.4399560e-18  -1.4378914e-18  -3.5365743e-18  1.4416077e-17  9.4910042e-19  -1.5354590e-17  
-2.5578277e-18  -4.0471234e-18  -2.4278082e-19  2.5806976e-18  1.9181061e-18  -1.3569468e-18  -1.1434733e-17  -4.1901661e-18  -9.8958859e-18  -6.6517497e-18  3.2210545e-17  -2.5578277e-18  -4.0471234e-18  -2.4278082e-19  2.5806976e-18  1.9181061e-18  -1.3569468e-18  -1.1434733e-17  -4.1901661e-18  -9.8958859e-18  -6.6517497e-18  3.2210545e-17  
7.3628339e-19  5.0288875e-18  1.4396384e-18  -3.3237143e-18  -3.9389150e-18  1.6517672e-18  5.0604660e-18  -9.6665518e-18  7.5632895e-18  -1.5363854e-17  3.2418194e-17  7.3628339e-19  5.0288875e-18  1.4396384e-18  -3.3237143e-18  -3.9389150e-18  1.6517672e-18  5.0604660e-18  -9.6665518e-18  7.5632895e-18  -1.5363854e-17  3.2418194e-17  
-9.3554789e-19  -6.0719557e-18  4.1318267e-18  -3.0248076e-18  -6.8722165e-19  -1.3532198e-17  -2.7282931e-18  1.3410332e-17  -4.1186977e-18  -1.3220766e-16  -1.0397118e-17  -9.3554789e-19  -6.0719557e-18  4.1318267e-18  -3.0248076e-18  -6.8722165e-19  -1.3532198e-17  -2.7282931e-18  1.3410332e-17  -4.1186977e-18  -1.3220766e-16  -1.0397118e-17  
5.9631119e-18  -3.4465771e-18  -1.9964567e-18  -1.7120653e-18  1.8554257e-18  1.5196300e-18  -3.1894179e-17  4.4270177e-18  3.5886668e-18  -1.3940468e-17  6.1310362e-18  5.9631119e-18  -3.4465771e-18  -1.9964567e-18  -1.7120653e-18  1.8554257e-18  1.5196300e-18  -3.1894179e-17  4.4270177e-18  3.5886668e-18  -1.3940468e-17  6.1310362e-18  
2.2091678e-19  4.8501107e-18  6.7406882e-18  -5.7162813e-18  1.4181449e-18  3.2356235e-17  -2.5815447e-18  2.7125171e-18  4.9712364e-18  3.7146630e-18  4.4638636e-18  2.2091678e-19  4.8501107e-18  6.7406882e-18  -5.7162813e-18  1.4181449e-18  3.2356235e-17  -2.5815447e-18  2.7125171e-18  4.9712364e-18  3.7146630e-18  4.4638636e-18  
-1.3343945e-18  2.2554370e-18  4.2603640e-18  -9.8962565e-18  4.9976744e-17  -1.0537090e-18  -1.1563059e-18  -2.9934674e-18  -7.7245170e-18  6.3064568e-17  -1.4478758e-17  -1.3343945e-18  2.2554370e-18  4.2603640e-18  -9.8962565e-18  4.9976744e-17  -1.0537090e-18  -1.1563059e-18  -2.9934674e-18  -7.7245170e-18  6.3064568e-17  -1.4478758e-17  
2.6156377e-17  -2.9233225e-17  2.3962562e-17  -1.0736116e-17  5.9398185e-18  1.0723119e-17  1.3602502e-17  -9.1543086e-19  -1.1256565e-17  -1.9196699e-16  -1.3046743e-16  2.6156377e-17  -2.9233225e-17  2.3962562e-17  -1.0736116e-17  5.9398185e-18  1.0723119e-17  1.3602502e-17  -9.1543086e-19  -1.1256565e-17  -1.9196699e-16  -1.3046743e-16  
-2.2359976e-17  1.2500512e-17  9.6248354e-18  -6.6043688e-18  5.2527266e-17  8.6738291e-18  1.0949807e-17  -1.0236880e-16  -5.2420752e-18  -7.5310030e-18  4.7769588e-17  -2.2359976e-17  1.2500512e-17  9.6248354e-18  -6.6043688e-18  5.2527266e-17  8.6738291e-18  1.0949807e-17  -1.0236880e-16  -5.2420752e-18  -7.5310030e-18  4.7769588e-17  
2.1183023e-17  5.9408773e-18  -1.4166203e-17  -3.3019488e-17  -7.7501397e-18  1.1373323e-17  -4.7848891e-18  -3.1880203e-18  -1.2829479e-17  4.8882483e-17  1.0248569e-18  2.1183023e-17  5.9408773e-18  -1.4166203e-17  -3.3019488e-17  -7.7501397e-18  1.1373323e-17  -4.7848891e-18  -3.1880203e-18  -1.2829479e-17  4.8882483e-17  1.0248569e-18  
