-1.3150187e-19  7.5750156e-18  9.2834811e-19  -1.3103600e-18  -2.5374990e-18  -2.7443020e-17  2.1973729e-17  5.5954996e-18  1.5683344e-18  -3.8741169e-19  5.2295814e-18  -1.3150187e-19  7.5750156e-18  9.2834811e-19  -1.3103600e-18  -2.5374990e-18  -2.7443020e-17  2.1973729e-17  5.5954996e-18  1.5683344e-18  -3.8741169e-19  5.2295814e-18  
-9.4285355e-17  6.4541793e-18  -7.4903124e-18  4.2241533e-18  -5.2287344e-18  -4.9085559e-18  4.3774663e-18  2.2267014e-17  1.8617784e-18  -1.0302038e-18  2.3007109e-17  -9.4285355e-17  6.4541793e-18  -7.4903124e-18  4.2241533e-18  -5.2287344e-18  -4.9085559e-18  4.3774663e-18  2.2267014e-17  1.8617784e-18  -1.0302038e-18  2.3007109e-17  
1.6923718e-18  -2.8917705e-18  -9.5669724e-19  1.3573703e-17  2.4289729e-18  4.5544962e-18  -9.3749607e-18  2.3395050e-17  3.5667393e-17  1.4102040e-17  -2.0294909e-18  1.6923718e-18  -2.8917705e-18  -9.5669724e-19  1.3573703e-17  2.4289729e-18  4.5544962e-18  -9.3749607e-18  2.3395050e-17  3.5667393e-17  1.4102040e-17  -2.0294909e-18  
-3.5533032e-19  -1.3950209e-17  1.9164544e-17  1.6028643e-18  -9.2686580e-19  2.0108562e-18  2.3547516e-18  9.0234420e-18  -3.0520291e-17  2.0495127e-17  -3.5376331e-17  -3.5533032e-19  -1.3950209e-17  1.9164544e-17  1.6028643e-18  -9.2686580e-19  2.0108562e-18  2.3547516e-18  9.0234420e-18  -3.0520291e-17  2.0495127e-17  -3.5376331e-17  
-1.5563172e-18  4.7030975e-18  -1.5873397e-17  9.6228237e-19  8.9163453e-19  1.9262059e-18  6.9823043e-18  8.8792611e-18  -6.8474494e-17  -4.0073076e-17  -1.1252197e-17  -1.5563172e-18  4.7030975e-18  -1.5873397e-17  9.6228237e-19  8.9163453e-19  1.9262059e-18  6.9823043e-18  8.8792611e-18  -6.8474494e-17  -4.0073076e-17  -1.1252197e-17  
1.6925412e-17  4.5180737e-18  4.0843929e-18  -8.8514943e-19  1.3842636e-18  -8.7739378e-19  3.2936876e-18  -4.7847832e-18  -1.5604464e-18  1.3549510e-17  -7.5867682e-19  1.6925412e-17  4.5180737e-18  4.0843929e-18  -8.8514943e-19  1.3842636e-18  -8.7739378e-19  3.2936876e-18  -4.7847832e-18  -1.5604464e-18  1.3549510e-17  -7.5867682e-19  
-1.8617784e-18  7.5199585e-17  1.0740378e-17  7.3310702e-18  -2.8076495e-18  -5.5777120e-18  -3.2046433e-18  9.9378141e-19  4.8400521e-18  1.5287304e-17  -2.0921714e-19  -1.8617784e-18  7.5199585e-17  1.0740378e-17  7.3310702e-18  -2.8076495e-18  -5.5777120e-18  -3.2046433e-18  9.9378141e-19  4.8400521e-18  1.5287304e-17  -2.0921714e-19  
-1.2440796e-18  2.0216559e-18  9.8270645e-18  -4.0964631e-18  -1.0827662e-18  2.1393670e-18  1.2454561e-18  -6.7828810e-20  1.0146945e-17  1.9246852e-17  4.4108341e-17  -1.2440796e-18  2.0216559e-18  9.8270645e-18  -4.0964631e-18  -1.0827662e-18  2.1393670e-18  1.2454561e-18  -6.7828810e-20  1.0146945e-17  1.9246852e-17  4.4108341e-17  
-1.3731251e-17  7.3543106e-18  2.0398459e-17  3.6076192e-18  -9.7355949e-18  -5.6039170e-18  -2.2973651e-18  7.8844805e-18  -1.1871051e-18  -4.6292435e-17  -1.2351487e-16  -1.3731251e-17  7.3543106e-18  2.0398459e-17  3.6076192e-18  -9.7355949e-18  -5.6039170e-18  -2.2973651e-18  7.8844805e-18  -1.1871051e-18  -4.6292435e-17  -1.2351487e-16  
-3.0965407e-18  -4.9052207e-18  5.2494867e-19  1.1700701e-17  1.1595596e-17  -1.0610993e-17  -5.3968175e-18  4.0080871e-17  -6.3296919e-17  -3.7542750e-18  9.3940295e-17  -3.0965407e-18  -4.9052207e-18  5.2494867e-19  1.1700701e-17  1.1595596e-17  -1.0610993e-17  -5.3968175e-18  4.0080871e-17  -6.3296919e-17  -3.7542750e-18  9.3940295e-17  
8.9446679e-19  -6.1807147e-17  -5.3651067e-18  -4.9115205e-17  3.6978706e-17  1.5751213e-17  2.0163619e-18  -1.8376644e-17  7.7381595e-17  -1.9828671e-16  1.2789536e-18  8.9446679e-19  -6.1807147e-17  -5.3651067e-18  -4.9115205e-17  3.6978706e-17  1.5751213e-17  2.0163619e-18  -1.8376644e-17  7.7381595e-17  -1.9828671e-16  1.2789536e-18  
-1.3150187e-19  7.5750156e-18  9.2834811e-19  -1.3103600e-18  -2.5374990e-18  -2.7443020e-17  2.1973729e-17  5.5954996e-18  1.5683344e-18  -3.8741169e-19  5.2295814e-18  -1.3150187e-19  7.5750156e-18  9.2834811e-19  -1.3103600e-18  -2.5374990e-18  -2.7443020e-17  2.1973729e-17  5.5954996e-18  1.5683344e-18  -3.8741169e-19  5.2295814e-18  
-9.4285355e-17  6.4541793e-18  -7.4903124e-18  4.2241533e-18  -5.2287344e-18  -4.9085559e-18  4.3774663e-18  2.2267014e-17  1.8617784e-18  -1.0302038e-18  2.3007109e-17  -9.4285355e-17  6.4541793e-18  -7.4903124e-18  4.2241533e-18  -5.2287344e-18  -4.9085559e-18  4.3774663e-18  2.2267014e-17  1.8617784e-18  -1.0302038e-18  2.3007109e-17  
1.6923718e-18  -2.8917705e-18  -9.5669724e-19  1.3573703e-17  2.4289729e-18  4.5544962e-18  -9.3749607e-18  2.3395050e-17  3.5667393e-17  1.4102040e-17  -2.0294909e-18  1.6923718e-18  -2.8917705e-18  -9.5669724e-19  1.3573703e-17  2.4289729e-18  4.5544962e-18  -9.3749607e-18  2.3395050e-17  3.5667393e-17  1.4102040e-17  -2.0294909e-18  
-3.5533032e-19  -1.3950209e-17  1.9164544e-17  1.6028643e-18  -9.2686580e-19  2.0108562e-18  2.3547516e-18  9.0234420e-18  -3.0520291e-17  2.0495127e-17  -3.5376331e-17  -3.5533032e-19  -1.3950209e-17  1.9164544e-17  1.6028643e-18  -9.2686580e-19  2.0108562e-18  2.3547516e-18  9.0234420e-18  -3.0520291e-17  2.0495127e-17  -3.5376331e-17  
-1.5563172e-18  4.7030975e-18  -1.5873397e-17  9.6228237e-19  8.9163453e-19  1.9262059e-18  6.9823043e-18  8.8792611e-18  -6.8474494e-17  -4.0073076e-17  -1.1252197e-17  -1.5563172e-18  4.7030975e-18  -1.5873397e-17  9.6228237e-19  8.9163453e-19  1.9262059e-18  6.9823043e-18  8.8792611e-18  -6.8474494e-17  -4.0073076e-17  -1.1252197e-17  
1.6925412e-17  4.5180737e-18  4.0843929e-18  -8.8514943e-19  1.3842636e-18  -8.7739378e-19  3.2936876e-18  -4.7847832e-18  -1.5604464e-18  1.3549510e-17  -7.5867682e-19  1.6925412e-17  4.5180737e-18  4.0843929e-18  -8.8514943e-19  1.3842636e-18  -8.7739378e-19  3.2936876e-18  -4.7847832e-18  -1.5604464e-18  1.3549510e-17  -7.5867682e-19  
-1.8617784e-18  7.5199585e-17  1.0740378e-17  7.3310702e-18  -2.8076495e-18  -5.5777120e-18  -3.2046433e-18  9.9378141e-19  4.8400521e-18  1.5287304e-17  -2.0921714e-19  -1.8617784e-18  7.5199585e-17  1.0740378e-17  7.3310702e-18  -2.8076495e-18  -5.5777120e-18  -3.2046433e-18  9.9378141e-19  4.8400521e-18  1.5287304e-17  -2.0921714e-19  
-1.2440796e-18  2.0216559e-18  9.8270645e-18  -4.0964631e-18  -1.0827662e-18  2.1393670e-18  1.2454561e-18  -6.7828810e-20  1.0146945e-17  1.9246852e-17  4.4108341e-17  -1.2440796e-18  2.0216559e-18  9.8270645e-18  -4.0964631e-18  -1.0827662e-18  2.1393670e-18  1.2454561e-18  -6.7828810e-20  1.0146945e-17  1.9246852e-17  4.4108341e-17  
-1.3731251e-17  7.3543106e-18  2.0398459e-17  3.6076192e-18  -9.7355949e-18  -5.6039170e-18  -2.2973651e-18  7.8844805e-18  -1.1871051e-18  -4.6292435e-17  -1.2351487e-16  -1.3731251e-17  7.3543106e-18  2.0398459e-17  3.6076192e-18  -9.7355949e-18  -5.6039170e-18  -2.2973651e-18  7.8844805e-18  -1.1871051e-18  -4.6292435e-17  -1.2351487e-16  
-3.0965407e-18  -4.9052207e-18  5.2494867e-19  1.1700701e-17  1.1595596e-17  -1.0610993e-17  -5.3968175e-18  4.0080871e-17  -6.3296919e-17  -3.7542750e-18  9.3940295e-17  -3.0965407e-18  -4.9052207e-18  5.2494867e-19  1.1700701e-17  1.1595596e-17  -1.0610993e-17  -5.3968175e-18  4.0080871e-17  -6.3296919e-17  -3.7542750e-18  9.3940295e-17  
8.9446679e-19  -6.1807147e-17  -5.3651067e-18  -4.9115205e-17  3.6978706e-17  1.5751213e-17  2.0163619e-18  -1.8376644e-17  7.7381595e-17  -1.9828671e-16  1.2789536e-18  8.9446679e-19  -6.1807147e-17  -5.3651067e-18  -4.9115205e-17  3.6978706e-17  1.5751213e-17  2.0163619e-18  -1.8376644e-17  7.7381595e-17  -1.9828671e-16  1.2789536e-18  
