4.7946300e-18  -4.8005592e-17  -6.5899163e-19  -1.9901039e-18  -1.6983434e-17  2.8799120e-18  3.7174582e-17  -5.1772771e-18  -3.4126957e-18  9.1682846e-18  3.0510127e-18  4.7946300e-18  -4.8005592e-17  -6.5899163e-19  -1.9901039e-18  -1.6983434e-17  2.8799120e-18  3.7174582e-17  -5.1772771e-18  -3.4126957e-18  9.1682846e-18  3.0510127e-18  
-4.7258721e-17  -5.3003087e-19  4.0513586e-18  2.0709109e-17  4.4362292e-18  -5.7126020e-17  -1.8361980e-17  5.2676979e-18  2.6378724e-18  9.0429237e-18  1.0969924e-17  -4.7258721e-17  -5.3003087e-19  4.0513586e-18  2.0709109e-17  4.4362292e-18  -5.7126020e-17  -1.8361980e-17  5.2676979e-18  2.6378724e-18  9.0429237e-18  1.0969924e-17  
1.1209634e-17  -2.8930410e-18  -8.0425778e-19  2.2597992e-17  -3.5442929e-17  -1.2171863e-18  1.4856958e-18  -1.3124776e-18  6.0393449e-19  7.1997801e-19  -1.8835472e-17  1.1209634e-17  -2.8930410e-18  -8.0425778e-19  2.2597992e-17  -3.5442929e-17  -1.2171863e-18  1.4856958e-18  -1.3124776e-18  6.0393449e-19  7.1997801e-19  -1.8835472e-17  
-7.3189999e-18  9.1144980e-18  2.0163619e-18  2.4165850e-18  3.6058193e-18  -6.5540233e-18  -1.5966571e-17  -2.1201764e-18  -1.0564989e-17  -1.0558795e-17  -5.9550651e-18  -7.3189999e-18  9.1144980e-18  2.0163619e-18  2.4165850e-18  3.6058193e-18  -6.5540233e-18  -1.5966571e-17  -2.1201764e-18  -1.0564989e-17  -1.0558795e-17  -5.9550651e-18  
2.5943137e-17  4.9180850e-18  -1.5903679e-17  2.4147851e-18  8.5406431e-18  7.8350548e-19  -3.7042868e-18  1.4625612e-18  2.5271228e-17  -1.3093859e-17  -7.3936447e-18  2.5943137e-17  4.9180850e-18  -1.5903679e-17  2.4147851e-18  8.5406431e-18  7.8350548e-19  -3.7042868e-18  1.4625612e-18  2.5271228e-17  -1.3093859e-17  -7.3936447e-18  
-1.2383622e-18  4.8263090e-17  -3.8031779e-19  2.3757157e-18  7.8395017e-18  -1.3486882e-18  -9.1591790e-18  1.4297493e-17  -8.0221961e-18  1.8527999e-17  3.4266718e-18  -1.2383622e-18  4.8263090e-17  -3.8031779e-19  2.3757157e-18  7.8395017e-18  -1.3486882e-18  -9.1591790e-18  1.4297493e-17  -8.0221961e-18  1.8527999e-17  3.4266718e-18  
1.3859153e-17  1.5308426e-17  -1.2459855e-18  -2.1760276e-18  1.4579555e-19  -7.2743190e-18  -1.2070219e-18  -3.6999458e-19  5.4469512e-19  -2.8606420e-18  -1.9809665e-17  1.3859153e-17  1.5308426e-17  -1.2459855e-18  -2.1760276e-18  1.4579555e-19  -7.2743190e-18  -1.2070219e-18  -3.6999458e-19  5.4469512e-19  -2.8606420e-18  -1.9809665e-17  
-1.6576435e-18  2.1777852e-17  5.4489629e-18  8.1413631e-18  -6.7407941e-18  1.2097325e-17  -2.0722132e-18  1.3002220e-18  -1.7651505e-18  -4.0393612e-18  8.5945561e-17  -1.6576435e-18  2.1777852e-17  5.4489629e-18  8.1413631e-18  -6.7407941e-18  1.2097325e-17  -2.0722132e-18  1.3002220e-18  -1.7651505e-18  -4.0393612e-18  8.5945561e-17  
5.5395955e-19  -2.2821185e-18  -6.7398412e-18  2.9042219e-17  1.2018762e-17  7.3719924e-18  -5.1012559e-19  1.0689615e-17  3.2215575e-18  7.3487758e-17  -3.6076192e-18  5.5395955e-19  -2.2821185e-18  -6.7398412e-18  2.9042219e-17  1.2018762e-17  7.3719924e-18  -5.1012559e-19  1.0689615e-17  3.2215575e-18  7.3487758e-17  -3.6076192e-18  
1.9930685e-18  2.5410988e-18  6.7046893e-18  -1.6145083e-17  1.8873376e-17  1.0436187e-17  2.0503491e-18  5.1758676e-18  6.4854375e-17  2.4638336e-18  -3.1696688e-17  1.9930685e-18  2.5410988e-18  6.7046893e-18  -1.6145083e-17  1.8873376e-17  1.0436187e-17  2.0503491e-18  5.1758676e-18  6.4854375e-17  2.4638336e-18  -3.1696688e-17  
4.1504614e-19  -2.4072676e-18  6.5628113e-18  1.6765747e-17  8.5483624e-18  2.9743562e-18  -1.8899476e-17  2.0540853e-17  -3.4367859e-17  3.4994481e-16  1.8022479e-18  4.1504614e-19  -2.4072676e-18  6.5628113e-18  1.6765747e-17  8.5483624e-18  2.9743562e-18  -1.8899476e-17  2.0540853e-17  -3.4367859e-17  3.4994481e-16  1.8022479e-18  
4.7946300e-18  -4.8005592e-17  -6.5899163e-19  -1.9901039e-18  -1.6983434e-17  2.8799120e-18  3.7174582e-17  -5.1772771e-18  -3.4126957e-18  9.1682846e-18  3.0510127e-18  4.7946300e-18  -4.8005592e-17  -6.5899163e-19  -1.9901039e-18  -1.6983434e-17  2.8799120e-18  3.7174582e-17  -5.1772771e-18  -3.4126957e-18  9.1682846e-18  3.0510127e-18  
-4.7258721e-17  -5.3003087e-19  4.0513586e-18  2.0709109e-17  4.4362292e-18  -5.7126020e-17  -1.8361980e-17  5.2676979e-18  2.6378724e-18  9.0429237e-18  1.0969924e-17  -4.7258721e-17  -5.3003087e-19  4.0513586e-18  2.0709109e-17  4.4362292e-18  -5.7126020e-17  -1.8361980e-17  5.2676979e-18  2.6378724e-18  9.0429237e-18  1.0969924e-17  
1.1209634e-17  -2.8930410e-18  -8.0425778e-19  2.2597992e-17  -3.5442929e-17  -1.2171863e-18  1.4856958e-18  -1.3124776e-18  6.0393449e-19  7.1997801e-19  -1.8835472e-17  1.1209634e-17  -2.8930410e-18  -8.0425778e-19  2.2597992e-17  -3.5442929e-17  -1.2171863e-18  1.4856958e-18  -1.3124776e-18  6.0393449e-19  7.1997801e-19  -1.8835472e-17  
-7.3189999e-18  9.1144980e-18  2.0163619e-18  2.4165850e-18  3.6058193e-18  -6.5540233e-18  -1.5966571e-17  -2.1201764e-18  -1.0564989e-17  -1.0558795e-17  -5.9550651e-18  -7.3189999e-18  9.1144980e-18  2.0163619e-18  2.4165850e-18  3.6058193e-18  -6.5540233e-18  -1.5966571e-17  -2.1201764e-18  -1.0564989e-17  -1.0558795e-17  -5.9550651e-18  
2.5943137e-17  4.9180850e-18  -1.5903679e-17  2.4147851e-18  8.5406431e-18  7.8350548e-19  -3.7042868e-18  1.4625612e-18  2.5271228e-17  -1.3093859e-17  -7.3936447e-18  2.5943137e-17  4.9180850e-18  -1.5903679e-17  2.4147851e-18  8.5406431e-18  7.8350548e-19  -3.7042868e-18  1.4625612e-18  2.5271228e-17  -1.3093859e-17  -7.3936447e-18  
-1.2383622e-18  4.8263090e-17  -3.8031779e-19  2.3757157e-18  7.8395017e-18  -1.3486882e-18  -9.1591790e-18  1.4297493e-17  -8.0221961e-18  1.8527999e-17  3.4266718e-18  -1.2383622e-18  4.8263090e-17  -3.8031779e-19  2.3757157e-18  7.8395017e-18  -1.3486882e-18  -9.1591790e-18  1.4297493e-17  -8.0221961e-18  1.8527999e-17  3.4266718e-18  
1.3859153e-17  1.5308426e-17  -1.2459855e-18  -2.1760276e-18  1.4579555e-19  -7.2743190e-18  -1.2070219e-18  -3.6999458e-19  5.4469512e-19  -2.8606420e-18  -1.9809665e-17  1.3859153e-17  1.5308426e-17  -1.2459855e-18  -2.1760276e-18  1.4579555e-19  -7.2743190e-18  -1.2070219e-18  -3.6999458e-19  5.4469512e-19  -2.8606420e-18  -1.9809665e-17  
-1.6576435e-18  2.1777852e-17  5.4489629e-18  8.1413631e-18  -6.7407941e-18  1.2097325e-17  -2.0722132e-18  1.3002220e-18  -1.7651505e-18  -4.0393612e-18  8.5945561e-17  -1.6576435e-18  2.1777852e-17  5.4489629e-18  8.1413631e-18  -6.7407941e-18  1.2097325e-17  -2.0722132e-18  1.3002220e-18  -1.7651505e-18  -4.0393612e-18  8.5945561e-17  
5.5395955e-19  -2.2821185e-18  -6.7398412e-18  2.9042219e-17  1.2018762e-17  7.3719924e-18  -5.1012559e-19  1.0689615e-17  3.2215575e-18  7.3487758e-17  -3.6076192e-18  5.5395955e-19  -2.2821185e-18  -6.7398412e-18  2.9042219e-17  1.2018762e-17  7.3719924e-18  -5.1012559e-19  1.0689615e-17  3.2215575e-18  7.3487758e-17  -3.6076192e-18  
1.9930685e-18  2.5410988e-18  6.7046893e-18  -1.6145083e-17  1.8873376e-17  1.0436187e-17  2.0503491e-18  5.1758676e-18  6.4854375e-17  2.4638336e-18  -3.1696688e-17  1.9930685e-18  2.5410988e-18  6.7046893e-18  -1.6145083e-17  1.8873376e-17  1.0436187e-17  2.0503491e-18  5.1758676e-18  6.4854375e-17  2.4638336e-18  -3.1696688e-17  
4.1504614e-19  -2.4072676e-18  6.5628113e-18  1.6765747e-17  8.5483624e-18  2.9743562e-18  -1.8899476e-17  2.0540853e-17  -3.4367859e-17  3.4994481e-16  1.8022479e-18  4.1504614e-19  -2.4072676e-18  6.5628113e-18  1.6765747e-17  8.5483624e-18  2.9743562e-18  -1.8899476e-17  2.0540853e-17  -3.4367859e-17  3.4994481e-16  1.8022479e-18  
