7.3056592e-21  5.0737274e-19  -1.1320595e-18  -1.7906541e-18  4.6476698e-18  8.0044614e-18  1.5625640e-18  -2.0101415e-17  -2.4771479e-18  -7.1430288e-18  1.0654298e-17  7.3056592e-21  5.0737274e-19  -1.1320595e-18  -1.7906541e-18  4.6476698e-18  8.0044614e-18  1.5625640e-18  -2.0101415e-17  -2.4771479e-18  -7.1430288e-18  1.0654298e-17  
-1.3688476e-17  5.4771268e-19  1.9926450e-19  -3.1175048e-18  2.7079643e-18  -6.0605207e-19  5.1143849e-18  -1.7279472e-19  6.3146306e-18  -2.9824030e-18  3.8724229e-18  -1.3688476e-17  5.4771268e-19  1.9926450e-19  -3.1175048e-18  2.7079643e-18  -6.0605207e-19  5.1143849e-18  -1.7279472e-19  6.3146306e-18  -2.9824030e-18  3.8724229e-18  
-1.0016165e-19  -2.2645426e-18  5.4845383e-20  -2.2291790e-18  1.4206860e-18  -2.1379112e-18  4.3164799e-18  1.7637661e-17  3.8257090e-17  -1.3329757e-17  -1.5197889e-17  -1.0016165e-19  -2.2645426e-18  5.4845383e-20  -2.2291790e-18  1.4206860e-18  -2.1379112e-18  4.3164799e-18  1.7637661e-17  3.8257090e-17  -1.3329757e-17  -1.5197889e-17  
-6.9896100e-19  4.3405145e-19  -1.6686549e-19  1.7782729e-20  7.1693398e-19  -1.9202766e-18  7.6513545e-19  -2.4091338e-18  3.7613372e-17  2.7602686e-19  3.1269412e-17  -6.9896100e-19  4.3405145e-19  -1.6686549e-19  1.7782729e-20  7.1693398e-19  -1.9202766e-18  7.6513545e-19  -2.4091338e-18  3.7613372e-17  2.7602686e-19  3.1269412e-17  
-6.5746697e-18  1.6624292e-17  -1.0403682e-18  -1.8677606e-18  -6.1856566e-19  -6.2771494e-18  -4.9200968e-18  1.1855285e-17  -5.5937526e-18  -1.4885545e-17  -5.3092555e-18  -6.5746697e-18  1.6624292e-17  -1.0403682e-18  -1.8677606e-18  -6.1856566e-19  -6.2771494e-18  -4.9200968e-18  1.1855285e-17  -5.5937526e-18  -1.4885545e-17  -5.3092555e-18  
-9.2847517e-18  -3.6303832e-18  9.0886635e-19  1.2594586e-18  -5.8942905e-18  1.1345477e-18  7.9057820e-18  -8.3032522e-18  4.8113589e-18  1.2063867e-17  8.8866462e-18  -9.2847517e-18  -3.6303832e-18  9.0886635e-19  1.2594586e-18  -5.8942905e-18  1.1345477e-18  7.9057820e-18  -8.3032522e-18  4.8113589e-18  1.2063867e-17  8.8866462e-18  
3.2617121e-18  3.8362122e-18  6.9668460e-18  -6.7922778e-19  4.1186977e-19  -3.6881932e-18  1.4234653e-18  3.8635820e-18  1.5977900e-17  6.7656757e-18  1.9858687e-18  3.2617121e-18  3.8362122e-18  6.9668460e-18  -6.7922778e-19  4.1186977e-19  -3.6881932e-18  1.4234653e-18  3.8635820e-18  1.5977900e-17  6.7656757e-18  1.9858687e-18  
4.1330973e-18  -1.4023689e-18  -1.4812277e-17  1.7975098e-18  -2.3265719e-17  1.1130648e-17  5.3818885e-18  -1.2491751e-18  1.6459862e-17  -1.9371644e-18  6.1694942e-17  4.1330973e-18  -1.4023689e-18  -1.4812277e-17  1.7975098e-18  -2.3265719e-17  1.1130648e-17  5.3818885e-18  -1.2491751e-18  1.6459862e-17  -1.9371644e-18  6.1694942e-17  
7.4898888e-18  5.5933821e-18  1.1278244e-17  1.2443232e-17  8.1354868e-18  -1.0859386e-17  -1.0970982e-17  2.2221486e-17  -3.3595577e-18  -3.3043020e-17  1.2300157e-16  7.4898888e-18  5.5933821e-18  1.1278244e-17  1.2443232e-17  8.1354868e-18  -1.0859386e-17  -1.0970982e-17  2.2221486e-17  -3.3595577e-18  -3.3043020e-17  1.2300157e-16  
-1.2536088e-17  -1.7996062e-17  -2.1837356e-17  2.3146763e-18  -1.3338651e-17  1.4717197e-18  -7.1155003e-18  -9.8973682e-18  1.7646994e-16  -9.6280382e-18  8.7796024e-17  -1.2536088e-17  -1.7996062e-17  -2.1837356e-17  2.3146763e-18  -1.3338651e-17  1.4717197e-18  -7.1155003e-18  -9.8973682e-18  1.7646994e-16  -9.6280382e-18  8.7796024e-17  
4.3424203e-18  2.3642807e-18  6.1280716e-18  8.7690542e-18  1.0889667e-18  -5.5353603e-18  2.7969557e-18  -9.2861281e-18  1.9395307e-17  2.9949793e-16  -1.6807119e-18  4.3424203e-18  2.3642807e-18  6.1280716e-18  8.7690542e-18  1.0889667e-18  -5.5353603e-18  2.7969557e-18  -9.2861281e-18  1.9395307e-17  2.9949793e-16  -1.6807119e-18  
7.3056592e-21  5.0737274e-19  -1.1320595e-18  -1.7906541e-18  4.6476698e-18  8.0044614e-18  1.5625640e-18  -2.0101415e-17  -2.4771479e-18  -7.1430288e-18  1.0654298e-17  7.3056592e-21  5.0737274e-19  -1.1320595e-18  -1.7906541e-18  4.6476698e-18  8.0044614e-18  1.5625640e-18  -2.0101415e-17  -2.4771479e-18  -7.1430288e-18  1.0654298e-17  
-1.3688476e-17  5.4771268e-19  1.9926450e-19  -3.1175048e-18  2.7079643e-18  -6.0605207e-19  5.1143849e-18  -1.7279472e-19  6.3146306e-18  -2.9824030e-18  3.8724229e-18  -1.3688476e-17  5.4771268e-19  1.9926450e-19  -3.1175048e-18  2.7079643e-18  -6.0605207e-19  5.1143849e-18  -1.7279472e-19  6.3146306e-18  -2.9824030e-18  3.8724229e-18  
-1.0016165e-19  -2.2645426e-18  5.4845383e-20  -2.2291790e-18  1.4206860e-18  -2.1379112e-18  4.3164799e-18  1.7637661e-17  3.8257090e-17  -1.3329757e-17  -1.5197889e-17  -1.0016165e-19  -2.2645426e-18  5.4845383e-20  -2.2291790e-18  1.4206860e-18  -2.1379112e-18  4.3164799e-18  1.7637661e-17  3.8257090e-17  -1.3329757e-17  -1.5197889e-17  
-6.9896100e-19  4.3405145e-19  -1.6686549e-19  1.7782729e-20  7.1693398e-19  -1.9202766e-18  7.6513545e-19  -2.4091338e-18  3.7613372e-17  2.7602686e-19  3.1269412e-17  -6.9896100e-19  4.3405145e-19  -1.6686549e-19  1.7782729e-20  7.1693398e-19  -1.9202766e-18  7.6513545e-19  -2.4091338e-18  3.7613372e-17  2.7602686e-19  3.1269412e-17  
-6.5746697e-18  1.6624292e-17  -1.0403682e-18  -1.8677606e-18  -6.1856566e-19  -6.2771494e-18  -4.9200968e-18  1.1855285e-17  -5.5937526e-18  -1.4885545e-17  -5.3092555e-18  -6.5746697e-18  1.6624292e-17  -1.0403682e-18  -1.8677606e-18  -6.1856566e-19  -6.2771494e-18  -4.9200968e-18  1.1855285e-17  -5.5937526e-18  -1.4885545e-17  -5.3092555e-18  
-9.2847517e-18  -3.6303832e-18  9.0886635e-19  1.2594586e-18  -5.8942905e-18  1.1345477e-18  7.9057820e-18  -8.3032522e-18  4.8113589e-18  1.2063867e-17  8.8866462e-18  -9.2847517e-18  -3.6303832e-18  9.0886635e-19  1.2594586e-18  -5.8942905e-18  1.1345477e-18  7.9057820e-18  -8.3032522e-18  4.8113589e-18  1.2063867e-17  8.8866462e-18  
3.2617121e-18  3.8362122e-18  6.9668460e-18  -6.7922778e-19  4.1186977e-19  -3.6881932e-18  1.4234653e-18  3.8635820e-18  1.5977900e-17  6.7656757e-18  1.9858687e-18  3.2617121e-18  3.8362122e-18  6.9668460e-18  -6.7922778e-19  4.1186977e-19  -3.6881932e-18  1.4234653e-18  3.8635820e-18  1.5977900e-17  6.7656757e-18  1.9858687e-18  
4.1330973e-18  -1.4023689e-18  -1.4812277e-17  1.7975098e-18  -2.3265719e-17  1.1130648e-17  5.3818885e-18  -1.2491751e-18  1.6459862e-17  -1.9371644e-18  6.1694942e-17  4.1330973e-18  -1.4023689e-18  -1.4812277e-17  1.7975098e-18  -2.3265719e-17  1.1130648e-17  5.3818885e-18  -1.2491751e-18  1.6459862e-17  -1.9371644e-18  6.1694942e-17  
7.4898888e-18  5.5933821e-18  1.1278244e-17  1.2443232e-17  8.1354868e-18  -1.0859386e-17  -1.0970982e-17  2.2221486e-17  -3.3595577e-18  -3.3043020e-17  1.2300157e-16  7.4898888e-18  5.5933821e-18  1.1278244e-17  1.2443232e-17  8.1354868e-18  -1.0859386e-17  -1.0970982e-17  2.2221486e-17  -3.3595577e-18  -3.3043020e-17  1.2300157e-16  
-1.2536088e-17  -1.7996062e-17  -2.1837356e-17  2.3146763e-18  -1.3338651e-17  1.4717197e-18  -7.1155003e-18  -9.8973682e-18  1.7646994e-16  -9.6280382e-18  8.7796024e-17  -1.2536088e-17  -1.7996062e-17  -2.1837356e-17  2.3146763e-18  -1.3338651e-17  1.4717197e-18  -7.1155003e-18  -9.8973682e-18  1.7646994e-16  -9.6280382e-18  8.7796024e-17  
4.3424203e-18  2.3642807e-18  6.1280716e-18  8.7690542e-18  1.0889667e-18  -5.5353603e-18  2.7969557e-18  -9.2861281e-18  1.9395307e-17  2.9949793e-16  -1.6807119e-18  4.3424203e-18  2.3642807e-18  6.1280716e-18  8.7690542e-18  1.0889667e-18  -5.5353603e-18  2.7969557e-18  -9.2861281e-18  1.9395307e-17  2.9949793e-16  -1.6807119e-18  
