-6.2299935e-20  1.0344390e-17  3.3881318e-21  -4.6827687e-19  9.8744983e-18  -6.4517970e-18  -3.0286722e-19  5.2314872e-19  -3.4208484e-18  -1.8671783e-18  2.8944704e-18  -6.2299935e-20  1.0344390e-17  3.3881318e-21  -4.6827687e-19  9.8744983e-18  -6.4517970e-18  -3.0286722e-19  5.2314872e-19  -3.4208484e-18  -1.8671783e-18  2.8944704e-18  
1.1765288e-18  1.1692760e-18  1.0795435e-18  -5.6285339e-19  -6.7423823e-18  -2.0210206e-18  -7.3797746e-19  -1.5803517e-18  -3.8709406e-18  1.8046037e-18  1.1809969e-17  1.1765288e-18  1.1692760e-18  1.0795435e-18  -5.6285339e-19  -6.7423823e-18  -2.0210206e-18  -7.3797746e-19  -1.5803517e-18  -3.8709406e-18  1.8046037e-18  1.1809969e-17  
2.7092349e-18  -1.8272618e-18  -8.2670416e-19  7.2553666e-20  1.2063867e-18  -1.8502376e-19  -2.3363816e-18  -4.0885751e-18  4.5159456e-17  -1.0016376e-17  -6.2092809e-19  2.7092349e-18  -1.8272618e-18  -8.2670416e-19  7.2553666e-20  1.2063867e-18  -1.8502376e-19  -2.3363816e-18  -4.0885751e-18  4.5159456e-17  -1.0016376e-17  -6.2092809e-19  
-3.4220131e-19  -1.3306888e-18  2.3573986e-19  -4.5295087e-19  3.6422417e-19  -3.5617735e-19  1.2481030e-18  -3.0400012e-18  -5.9131370e-18  -8.6812407e-18  5.2473691e-19  -3.4220131e-19  -1.3306888e-18  2.3573986e-19  -4.5295087e-19  3.6422417e-19  -3.5617735e-19  1.2481030e-18  -3.0400012e-18  -5.9131370e-18  -8.6812407e-18  5.2473691e-19  
-1.0548101e-17  6.2765141e-19  -8.1188108e-19  -6.8821427e-21  4.6605341e-19  4.7275026e-20  7.3744806e-20  -1.1149336e-18  5.0659982e-18  -6.9927070e-18  -1.3133775e-18  -1.0548101e-17  6.2765141e-19  -8.1188108e-19  -6.8821427e-21  4.6605341e-19  4.7275026e-20  7.3744806e-20  -1.1149336e-18  5.0659982e-18  -6.9927070e-18  -1.3133775e-18  
-1.8783882e-18  -1.6520319e-18  -1.1686408e-19  -4.5996536e-19  -3.2320759e-19  3.8802017e-18  -8.7081274e-19  -3.1560605e-18  -1.5573449e-17  1.8056224e-17  -2.4564799e-18  -1.8783882e-18  -1.6520319e-18  -1.1686408e-19  -4.5996536e-19  -3.2320759e-19  3.8802017e-18  -8.7081274e-19  -3.1560605e-18  -1.5573449e-17  1.8056224e-17  -2.4564799e-18  
1.3207997e-17  1.9394937e-18  2.2376493e-18  7.9228021e-18  -4.1387486e-19  1.4673125e-18  4.2854573e-20  -5.6735243e-18  -2.8511725e-18  -1.9106880e-18  -1.6983275e-18  1.3207997e-17  1.9394937e-18  2.2376493e-18  7.9228021e-18  -4.1387486e-19  1.4673125e-18  4.2854573e-20  -5.6735243e-18  -2.8511725e-18  -1.9106880e-18  -1.6983275e-18  
-5.0334933e-19  1.4547791e-18  -1.3213714e-19  -3.6345390e-18  -5.4658639e-18  -2.4839241e-19  8.0208858e-18  5.9297166e-19  -1.0279062e-17  -1.4835729e-17  -3.9829871e-18  -5.0334933e-19  1.4547791e-18  -1.3213714e-19  -3.6345390e-18  -5.4658639e-18  -2.4839241e-19  8.0208858e-18  5.9297166e-19  -1.0279062e-17  -1.4835729e-17  -3.9829871e-18  
9.8310879e-18  1.3688052e-18  1.6106331e-18  6.3906201e-17  3.0575560e-17  1.2482903e-17  3.0589801e-18  -3.8891253e-18  2.2704371e-19  -2.3915876e-18  5.2282897e-17  9.8310879e-18  1.3688052e-18  1.6106331e-18  6.3906201e-17  3.0575560e-17  1.2482903e-17  3.0589801e-18  -3.8891253e-18  2.2704371e-19  -2.3915876e-18  5.2282897e-17  
-3.6356772e-18  -1.4773949e-17  -1.4203472e-17  -4.3524788e-18  -1.6029754e-17  -1.9084949e-17  1.9708657e-17  2.4731774e-18  -6.1717269e-19  -1.4015682e-18  -3.8299569e-16  -3.6356772e-18  -1.4773949e-17  -1.4203472e-17  -4.3524788e-18  -1.6029754e-17  -1.9084949e-17  1.9708657e-17  2.4731774e-18  -6.1717269e-19  -1.4015682e-18  -3.8299569e-16  
-1.0860021e-18  1.6705396e-17  1.3273006e-18  1.0051105e-18  1.7858631e-18  4.7193499e-18  -7.3779217e-19  9.7067858e-18  -2.0617047e-17  -1.3388653e-16  1.2261067e-18  -1.0860021e-18  1.6705396e-17  1.3273006e-18  1.0051105e-18  1.7858631e-18  4.7193499e-18  -7.3779217e-19  9.7067858e-18  -2.0617047e-17  -1.3388653e-16  1.2261067e-18  
-6.2299935e-20  1.0344390e-17  3.3881318e-21  -4.6827687e-19  9.8744983e-18  -6.4517970e-18  -3.0286722e-19  5.2314872e-19  -3.4208484e-18  -1.8671783e-18  2.8944704e-18  -6.2299935e-20  1.0344390e-17  3.3881318e-21  -4.6827687e-19  9.8744983e-18  -6.4517970e-18  -3.0286722e-19  5.2314872e-19  -3.4208484e-18  -1.8671783e-18  2.8944704e-18  
1.1765288e-18  1.1692760e-18  1.0795435e-18  -5.6285339e-19  -6.7423823e-18  -2.0210206e-18  -7.3797746e-19  -1.5803517e-18  -3.8709406e-18  1.8046037e-18  1.1809969e-17  1.1765288e-18  1.1692760e-18  1.0795435e-18  -5.6285339e-19  -6.7423823e-18  -2.0210206e-18  -7.3797746e-19  -1.5803517e-18  -3.8709406e-18  1.8046037e-18  1.1809969e-17  
2.7092349e-18  -1.8272618e-18  -8.2670416e-19  7.2553666e-20  1.2063867e-18  -1.8502376e-19  -2.3363816e-18  -4.0885751e-18  4.5159456e-17  -1.0016376e-17  -6.2092809e-19  2.7092349e-18  -1.8272618e-18  -8.2670416e-19  7.2553666e-20  1.2063867e-18  -1.8502376e-19  -2.3363816e-18  -4.0885751e-18  4.5159456e-17  -1.0016376e-17  -6.2092809e-19  
-3.4220131e-19  -1.3306888e-18  2.3573986e-19  -4.5295087e-19  3.6422417e-19  -3.5617735e-19  1.2481030e-18  -3.0400012e-18  -5.9131370e-18  -8.6812407e-18  5.2473691e-19  -3.4220131e-19  -1.3306888e-18  2.3573986e-19  -4.5295087e-19  3.6422417e-19  -3.5617735e-19  1.2481030e-18  -3.0400012e-18  -5.9131370e-18  -8.6812407e-18  5.2473691e-19  
-1.0548101e-17  6.2765141e-19  -8.1188108e-19  -6.8821427e-21  4.6605341e-19  4.7275026e-20  7.3744806e-20  -1.1149336e-18  5.0659982e-18  -6.9927070e-18  -1.3133775e-18  -1.0548101e-17  6.2765141e-19  -8.1188108e-19  -6.8821427e-21  4.6605341e-19  4.7275026e-20  7.3744806e-20  -1.1149336e-18  5.0659982e-18  -6.9927070e-18  -1.3133775e-18  
-1.8783882e-18  -1.6520319e-18  -1.1686408e-19  -4.5996536e-19  -3.2320759e-19  3.8802017e-18  -8.7081274e-19  -3.1560605e-18  -1.5573449e-17  1.8056224e-17  -2.4564799e-18  -1.8783882e-18  -1.6520319e-18  -1.1686408e-19  -4.5996536e-19  -3.2320759e-19  3.8802017e-18  -8.7081274e-19  -3.1560605e-18  -1.5573449e-17  1.8056224e-17  -2.4564799e-18  
1.3207997e-17  1.9394937e-18  2.2376493e-18  7.9228021e-18  -4.1387486e-19  1.4673125e-18  4.2854573e-20  -5.6735243e-18  -2.8511725e-18  -1.9106880e-18  -1.6983275e-18  1.3207997e-17  1.9394937e-18  2.2376493e-18  7.9228021e-18  -4.1387486e-19  1.4673125e-18  4.2854573e-20  -5.6735243e-18  -2.8511725e-18  -1.9106880e-18  -1.6983275e-18  
-5.0334933e-19  1.4547791e-18  -1.3213714e-19  -3.6345390e-18  -5.4658639e-18  -2.4839241e-19  8.0208858e-18  5.9297166e-19  -1.0279062e-17  -1.4835729e-17  -3.9829871e-18  -5.0334933e-19  1.4547791e-18  -1.3213714e-19  -3.6345390e-18  -5.4658639e-18  -2.4839241e-19  8.0208858e-18  5.9297166e-19  -1.0279062e-17  -1.4835729e-17  -3.9829871e-18  
9.8310879e-18  1.3688052e-18  1.6106331e-18  6.3906201e-17  3.0575560e-17  1.2482903e-17  3.0589801e-18  -3.8891253e-18  2.2704371e-19  -2.3915876e-18  5.2282897e-17  9.8310879e-18  1.3688052e-18  1.6106331e-18  6.3906201e-17  3.0575560e-17  1.2482903e-17  3.0589801e-18  -3.8891253e-18  2.2704371e-19  -2.3915876e-18  5.2282897e-17  
-3.6356772e-18  -1.4773949e-17  -1.4203472e-17  -4.3524788e-18  -1.6029754e-17  -1.9084949e-17  1.9708657e-17  2.4731774e-18  -6.1717269e-19  -1.4015682e-18  -3.8299569e-16  -3.6356772e-18  -1.4773949e-17  -1.4203472e-17  -4.3524788e-18  -1.6029754e-17  -1.9084949e-17  1.9708657e-17  2.4731774e-18  -6.1717269e-19  -1.4015682e-18  -3.8299569e-16  
-1.0860021e-18  1.6705396e-17  1.3273006e-18  1.0051105e-18  1.7858631e-18  4.7193499e-18  -7.3779217e-19  9.7067858e-18  -2.0617047e-17  -1.3388653e-16  1.2261067e-18  -1.0860021e-18  1.6705396e-17  1.3273006e-18  1.0051105e-18  1.7858631e-18  4.7193499e-18  -7.3779217e-19  9.7067858e-18  -2.0617047e-17  -1.3388653e-16  1.2261067e-18  
