-1.5149714e-18  3.3874965e-17  5.7581300e-18  -7.6592954e-18  -3.6365242e-18  2.4500428e-17  3.1913025e-18  2.5639687e-17  2.1265609e-17  -2.6870003e-17  -2.1408334e-17  -1.5149714e-18  3.3874965e-17  5.7581300e-18  -7.6592954e-18  -3.6365242e-18  2.4500428e-17  3.1913025e-18  2.5639687e-17  2.1265609e-17  -2.6870003e-17  -2.1408334e-17  
-3.0361049e-17  2.3046708e-18  6.2621146e-18  8.5224220e-18  1.1921142e-17  -2.6537542e-18  -1.5817281e-18  3.2435009e-18  -5.9122900e-18  -7.5470636e-19  -1.3710499e-17  -3.0361049e-17  2.3046708e-18  6.2621146e-18  8.5224220e-18  1.1921142e-17  -2.6537542e-18  -1.5817281e-18  3.2435009e-18  -5.9122900e-18  -7.5470636e-19  -1.3710499e-17  
-1.8986244e-18  -4.9017797e-18  -6.7180301e-19  4.7443374e-18  1.2030197e-17  3.5837964e-18  -1.2857960e-18  1.4122580e-17  1.4316974e-17  1.4763784e-18  -1.2512371e-17  -1.8986244e-18  -4.9017797e-18  -6.7180301e-19  4.7443374e-18  1.2030197e-17  3.5837964e-18  -1.2857960e-18  1.4122580e-17  1.4316974e-17  1.4763784e-18  -1.2512371e-17  
-1.8207503e-18  -1.6146566e-18  4.6645046e-18  2.7515253e-18  -1.6851720e-18  -4.9371433e-19  -1.0025085e-17  1.1659567e-17  -2.0697515e-18  -1.9620565e-17  3.1120520e-17  -1.8207503e-18  -1.6146566e-18  4.6645046e-18  2.7515253e-18  -1.6851720e-18  -4.9371433e-19  -1.0025085e-17  1.1659567e-17  -2.0697515e-18  -1.9620565e-17  3.1120520e-17  
5.8498213e-18  -1.8421696e-17  1.6891955e-18  6.5888575e-19  -1.2222090e-19  5.2664273e-18  3.1456686e-18  1.0070057e-17  1.8272830e-17  -8.8210011e-17  4.1843428e-18  5.8498213e-18  -1.8421696e-17  1.6891955e-18  6.5888575e-19  -1.2222090e-19  5.2664273e-18  3.1456686e-18  1.0070057e-17  1.8272830e-17  -8.8210011e-17  4.1843428e-18  
3.9302329e-18  -6.9710812e-19  -5.4294812e-19  -1.3463059e-18  -2.4013384e-19  5.1136967e-19  1.6129201e-17  -1.0634499e-18  7.5887799e-18  1.5486092e-17  -8.5657266e-18  3.9302329e-18  -6.9710812e-19  -5.4294812e-19  -1.3463059e-18  -2.4013384e-19  5.1136967e-19  1.6129201e-17  -1.0634499e-18  7.5887799e-18  1.5486092e-17  -8.5657266e-18  
-5.6569095e-18  4.8022533e-18  1.2809256e-18  -1.9673928e-18  1.4028983e-18  -1.6769558e-17  -1.0971856e-18  3.7015340e-19  5.2342401e-18  3.3207927e-18  2.0509844e-18  -5.6569095e-18  4.8022533e-18  1.2809256e-18  -1.9673928e-18  1.4028983e-18  -1.6769558e-17  -1.0971856e-18  3.7015340e-19  5.2342401e-18  3.3207927e-18  2.0509844e-18  
6.5818695e-18  -1.8310735e-18  -1.6297867e-17  7.4557958e-18  2.1828092e-17  -6.4831902e-18  1.0518032e-18  -1.4514571e-18  -1.1639291e-17  2.3453072e-17  4.0131998e-17  6.5818695e-18  -1.8310735e-18  -1.6297867e-17  7.4557958e-18  2.1828092e-17  -6.4831902e-18  1.0518032e-18  -1.4514571e-18  -1.1639291e-17  2.3453072e-17  4.0131998e-17  
2.0565960e-18  9.4274767e-18  -1.7827926e-17  3.7861049e-18  3.9383432e-17  -1.8078859e-18  -2.9573097e-17  4.8323230e-18  -4.4755765e-18  1.1300415e-16  -7.5538928e-17  2.0565960e-18  9.4274767e-18  -1.7827926e-17  3.7861049e-18  3.9383432e-17  -1.8078859e-18  -2.9573097e-17  4.8323230e-18  -4.4755765e-18  1.1300415e-16  -7.5538928e-17  
1.1271044e-17  -1.1296878e-17  3.8508659e-17  -1.6646421e-17  3.8078366e-18  -7.0511258e-18  1.4611318e-19  2.3287477e-17  -6.3316454e-17  1.8389813e-18  1.5088283e-16  1.1271044e-17  -1.1296878e-17  3.8508659e-17  -1.6646421e-17  3.8078366e-18  -7.0511258e-18  1.4611318e-19  2.3287477e-17  -6.3316454e-17  1.8389813e-18  1.5088283e-16  
-8.9997251e-18  -7.1654752e-18  -1.0714967e-17  -6.8064788e-18  1.7806750e-18  -3.7325566e-18  -8.2529596e-18  4.2150477e-17  -1.8955750e-17  -2.8511648e-16  -1.2897268e-18  -8.9997251e-18  -7.1654752e-18  -1.0714967e-17  -6.8064788e-18  1.7806750e-18  -3.7325566e-18  -8.2529596e-18  4.2150477e-17  -1.8955750e-17  -2.8511648e-16  -1.2897268e-18  
-1.5149714e-18  3.3874965e-17  5.7581300e-18  -7.6592954e-18  -3.6365242e-18  2.4500428e-17  3.1913025e-18  2.5639687e-17  2.1265609e-17  -2.6870003e-17  -2.1408334e-17  -1.5149714e-18  3.3874965e-17  5.7581300e-18  -7.6592954e-18  -3.6365242e-18  2.4500428e-17  3.1913025e-18  2.5639687e-17  2.1265609e-17  -2.6870003e-17  -2.1408334e-17  
-3.0361049e-17  2.3046708e-18  6.2621146e-18  8.5224220e-18  1.1921142e-17  -2.6537542e-18  -1.5817281e-18  3.2435009e-18  -5.9122900e-18  -7.5470636e-19  -1.3710499e-17  -3.0361049e-17  2.3046708e-18  6.2621146e-18  8.5224220e-18  1.1921142e-17  -2.6537542e-18  -1.5817281e-18  3.2435009e-18  -5.9122900e-18  -7.5470636e-19  -1.3710499e-17  
-1.8986244e-18  -4.9017797e-18  -6.7180301e-19  4.7443374e-18  1.2030197e-17  3.5837964e-18  -1.2857960e-18  1.4122580e-17  1.4316974e-17  1.4763784e-18  -1.2512371e-17  -1.8986244e-18  -4.9017797e-18  -6.7180301e-19  4.7443374e-18  1.2030197e-17  3.5837964e-18  -1.2857960e-18  1.4122580e-17  1.4316974e-17  1.4763784e-18  -1.2512371e-17  
-1.8207503e-18  -1.6146566e-18  4.6645046e-18  2.7515253e-18  -1.6851720e-18  -4.9371433e-19  -1.0025085e-17  1.1659567e-17  -2.0697515e-18  -1.9620565e-17  3.1120520e-17  -1.8207503e-18  -1.6146566e-18  4.6645046e-18  2.7515253e-18  -1.6851720e-18  -4.9371433e-19  -1.0025085e-17  1.1659567e-17  -2.0697515e-18  -1.9620565e-17  3.1120520e-17  
5.8498213e-18  -1.8421696e-17  1.6891955e-18  6.5888575e-19  -1.2222090e-19  5.2664273e-18  3.1456686e-18  1.0070057e-17  1.8272830e-17  -8.8210011e-17  4.1843428e-18  5.8498213e-18  -1.8421696e-17  1.6891955e-18  6.5888575e-19  -1.2222090e-19  5.2664273e-18  3.1456686e-18  1.0070057e-17  1.8272830e-17  -8.8210011e-17  4.1843428e-18  
3.9302329e-18  -6.9710812e-19  -5.4294812e-19  -1.3463059e-18  -2.4013384e-19  5.1136967e-19  1.6129201e-17  -1.0634499e-18  7.5887799e-18  1.5486092e-17  -8.5657266e-18  3.9302329e-18  -6.9710812e-19  -5.4294812e-19  -1.3463059e-18  -2.4013384e-19  5.1136967e-19  1.6129201e-17  -1.0634499e-18  7.5887799e-18  1.5486092e-17  -8.5657266e-18  
-5.6569095e-18  4.8022533e-18  1.2809256e-18  -1.9673928e-18  1.4028983e-18  -1.6769558e-17  -1.0971856e-18  3.7015340e-19  5.2342401e-18  3.3207927e-18  2.0509844e-18  -5.6569095e-18  4.8022533e-18  1.2809256e-18  -1.9673928e-18  1.4028983e-18  -1.6769558e-17  -1.0971856e-18  3.7015340e-19  5.2342401e-18  3.3207927e-18  2.0509844e-18  
6.5818695e-18  -1.8310735e-18  -1.6297867e-17  7.4557958e-18  2.1828092e-17  -6.4831902e-18  1.0518032e-18  -1.4514571e-18  -1.1639291e-17  2.3453072e-17  4.0131998e-17  6.5818695e-18  -1.8310735e-18  -1.6297867e-17  7.4557958e-18  2.1828092e-17  -6.4831902e-18  1.0518032e-18  -1.4514571e-18  -1.1639291e-17  2.3453072e-17  4.0131998e-17  
2.0565960e-18  9.4274767e-18  -1.7827926e-17  3.7861049e-18  3.9383432e-17  -1.8078859e-18  -2.9573097e-17  4.8323230e-18  -4.4755765e-18  1.1300415e-16  -7.5538928e-17  2.0565960e-18  9.4274767e-18  -1.7827926e-17  3.7861049e-18  3.9383432e-17  -1.8078859e-18  -2.9573097e-17  4.8323230e-18  -4.4755765e-18  1.1300415e-16  -7.5538928e-17  
1.1271044e-17  -1.1296878e-17  3.8508659e-17  -1.6646421e-17  3.8078366e-18  -7.0511258e-18  1.4611318e-19  2.3287477e-17  -6.3316454e-17  1.8389813e-18  1.5088283e-16  1.1271044e-17  -1.1296878e-17  3.8508659e-17  -1.6646421e-17  3.8078366e-18  -7.0511258e-18  1.4611318e-19  2.3287477e-17  -6.3316454e-17  1.8389813e-18  1.5088283e-16  
-8.9997251e-18  -7.1654752e-18  -1.0714967e-17  -6.8064788e-18  1.7806750e-18  -3.7325566e-18  -8.2529596e-18  4.2150477e-17  -1.8955750e-17  -2.8511648e-16  -1.2897268e-18  -8.9997251e-18  -7.1654752e-18  -1.0714967e-17  -6.8064788e-18  1.7806750e-18  -3.7325566e-18  -8.2529596e-18  4.2150477e-17  -1.8955750e-17  -2.8511648e-16  -1.2897268e-18  
