0.99969573  0.0036599403  0.0073410950  0.0051629772  -0.00019505021  0.0013123224  6.4439880e-05  -0.0011261966  -0.00028568088  -1.1846773e-05  0.0012947341  0.99969573  0.0036599403  0.0073410950  0.0051629772  -0.00019505021  0.0013123224  6.4439880e-05  -0.0011261966  -0.00028568088  -1.1846773e-05  0.0012947341  
0.0036070394  -0.99979202  0.0058096283  0.0033182582  -0.0017112836  0.0048491066  -0.0023443656  -0.0026153928  0.00040398054  0.00057408615  0.00065703237  0.0036070394  -0.99979202  0.0058096283  0.0033182582  -0.0017112836  0.0048491066  -0.0023443656  -0.0026153928  0.00040398054  0.00057408615  0.00065703237  
-0.0075329846  0.0057651729  0.99975601  0.011699650  -0.0025939006  -0.0038663129  0.0014246916  0.0010736061  -0.00090856423  -0.0014059358  -0.00090632782  -0.0075329846  0.0057651729  0.99975601  0.011699650  -0.0025939006  -0.0038663129  0.0014246916  0.0010736061  -0.00090856423  -0.0014059358  -0.00090632782  
0.0052217210  -0.0032039005  0.011796224  -0.99971497  0.010159660  0.0020458449  0.00095976930  0.0027972163  0.0038271389  0.00054853215  0.00038208801  0.0052217210  -0.0032039005  0.011796224  -0.99971497  0.010159660  0.0020458449  0.00095976930  0.0027972163  0.0038271389  0.00054853215  0.00038208801  
-9.8437580e-05  0.0017655915  -0.0024854949  -0.010202756  -0.99984339  0.0068094984  -0.00064358255  -0.0028576089  0.00068373327  -0.0023270838  -0.0033914626  -9.8437580e-05  0.0017655915  -0.0024854949  -0.010202756  -0.99984339  0.0068094984  -0.00064358255  -0.0028576089  0.00068373327  -0.0023270838  -0.0033914626  
0.0011778079  -0.0048989060  -0.0038700523  -0.0022284751  -0.0067589035  -0.99958594  0.010844424  -0.0087244139  -0.0097239615  -0.0090053901  -0.00053584615  0.0011778079  -0.0048989060  -0.0038700523  -0.0022284751  -0.0067589035  -0.99958594  0.010844424  -0.0087244139  -0.0097239615  -0.0090053901  -0.00053584615  
8.9032459e-05  0.0022180823  0.0013152711  -0.00084147680  0.00045196404  -0.011147343  -0.99940154  0.030540836  0.0021318091  -0.0012138492  0.00021651828  8.9032459e-05  0.0022180823  0.0013152711  -0.00084147680  0.00045196404  -0.011147343  -0.99940154  0.030540836  0.0021318091  -0.0012138492  0.00021651828  
0.0011854484  -0.0026891405  -0.0011064981  0.0028454855  -0.0029461630  -0.0085080451  0.030625506  0.99935154  0.010619915  -0.00099325839  0.0019186579  0.0011854484  -0.0026891405  -0.0011064981  0.0028454855  -0.0029461630  -0.0085080451  0.030625506  0.99935154  0.010619915  -0.00099325839  0.0019186579  
0.00027995933  0.00039798557  0.00086558101  0.0038018439  0.00056816397  -0.0096928279  0.0019044028  -0.010779636  0.99982292  0.0059598181  0.0048051357  0.00027995933  0.00039798557  0.00086558101  0.0038018439  0.00056816397  -0.0096928279  0.0019044028  -0.010779636  0.99982292  0.0059598181  0.0048051357  
2.4592936e-05  0.00053303972  0.0013427360  0.00050551297  -0.0024312082  -0.0089727198  -0.0010652806  0.0010298008  -0.0060325988  0.99989126  -0.0022633876  2.4592936e-05  0.00053303972  0.0013427360  0.00050551297  -0.0024312082  -0.0089727198  -0.0010652806  0.0010298008  -0.0060325988  0.99989126  -0.0022633876  
-0.0012759252  0.00065230894  0.00085272568  0.00038831740  -0.0034114673  -0.00051188313  0.00015149736  -0.0018752147  -0.0048213155  0.0022375651  0.99987771  -0.0012759252  0.00065230894  0.00085272568  0.00038831740  -0.0034114673  -0.00051188313  0.00015149736  -0.0018752147  -0.0048213155  0.0022375651  0.99987771  
0.99969573  0.0036599403  0.0073410950  0.0051629772  -0.00019505021  0.0013123224  6.4439880e-05  -0.0011261966  -0.00028568088  -1.1846773e-05  0.0012947341  0.99969573  0.0036599403  0.0073410950  0.0051629772  -0.00019505021  0.0013123224  6.4439880e-05  -0.0011261966  -0.00028568088  -1.1846773e-05  0.0012947341  
0.0036070394  -0.99979202  0.0058096283  0.0033182582  -0.0017112836  0.0048491066  -0.0023443656  -0.0026153928  0.00040398054  0.00057408615  0.00065703237  0.0036070394  -0.99979202  0.0058096283  0.0033182582  -0.0017112836  0.0048491066  -0.0023443656  -0.0026153928  0.00040398054  0.00057408615  0.00065703237  
-0.0075329846  0.0057651729  0.99975601  0.011699650  -0.0025939006  -0.0038663129  0.0014246916  0.0010736061  -0.00090856423  -0.0014059358  -0.00090632782  -0.0075329846  0.0057651729  0.99975601  0.011699650  -0.0025939006  -0.0038663129  0.0014246916  0.0010736061  -0.00090856423  -0.0014059358  -0.00090632782  
0.0052217210  -0.0032039005  0.011796224  -0.99971497  0.010159660  0.0020458449  0.00095976930  0.0027972163  0.0038271389  0.00054853215  0.00038208801  0.0052217210  -0.0032039005  0.011796224  -0.99971497  0.010159660  0.0020458449  0.00095976930  0.0027972163  0.0038271389  0.00054853215  0.00038208801  
-9.8437580e-05  0.0017655915  -0.0024854949  -0.010202756  -0.99984339  0.0068094984  -0.00064358255  -0.0028576089  0.00068373327  -0.0023270838  -0.0033914626  -9.8437580e-05  0.0017655915  -0.0024854949  -0.010202756  -0.99984339  0.0068094984  -0.00064358255  -0.0028576089  0.00068373327  -0.0023270838  -0.0033914626  
0.0011778079  -0.0048989060  -0.0038700523  -0.0022284751  -0.0067589035  -0.99958594  0.010844424  -0.0087244139  -0.0097239615  -0.0090053901  -0.00053584615  0.0011778079  -0.0048989060  -0.0038700523  -0.0022284751  -0.0067589035  -0.99958594  0.010844424  -0.0087244139  -0.0097239615  -0.0090053901  -0.00053584615  
8.9032459e-05  0.0022180823  0.0013152711  -0.00084147680  0.00045196404  -0.011147343  -0.99940154  0.030540836  0.0021318091  -0.0012138492  0.00021651828  8.9032459e-05  0.0022180823  0.0013152711  -0.00084147680  0.00045196404  -0.011147343  -0.99940154  0.030540836  0.0021318091  -0.0012138492  0.00021651828  
0.0011854484  -0.0026891405  -0.0011064981  0.0028454855  -0.0029461630  -0.0085080451  0.030625506  0.99935154  0.010619915  -0.00099325839  0.0019186579  0.0011854484  -0.0026891405  -0.0011064981  0.0028454855  -0.0029461630  -0.0085080451  0.030625506  0.99935154  0.010619915  -0.00099325839  0.0019186579  
0.00027995933  0.00039798557  0.00086558101  0.0038018439  0.00056816397  -0.0096928279  0.0019044028  -0.010779636  0.99982292  0.0059598181  0.0048051357  0.00027995933  0.00039798557  0.00086558101  0.0038018439  0.00056816397  -0.0096928279  0.0019044028  -0.010779636  0.99982292  0.0059598181  0.0048051357  
2.4592936e-05  0.00053303972  0.0013427360  0.00050551297  -0.0024312082  -0.0089727198  -0.0010652806  0.0010298008  -0.0060325988  0.99989126  -0.0022633876  2.4592936e-05  0.00053303972  0.0013427360  0.00050551297  -0.0024312082  -0.0089727198  -0.0010652806  0.0010298008  -0.0060325988  0.99989126  -0.0022633876  
-0.0012759252  0.00065230894  0.00085272568  0.00038831740  -0.0034114673  -0.00051188313  0.00015149736  -0.0018752147  -0.0048213155  0.0022375651  0.99987771  -0.0012759252  0.00065230894  0.00085272568  0.00038831740  -0.0034114673  -0.00051188313  0.00015149736  -0.0018752147  -0.0048213155  0.0022375651  0.99987771  
