-5.7986817e-18  4.4950768e-17  -1.1290949e-18  -2.0354202e-18  -1.9423313e-17  -3.3517094e-18  -2.1606116e-17  7.4856537e-18  -1.1669996e-17  6.5935162e-18  -8.1433748e-18  -5.7986817e-18  4.4950768e-17  -1.1290949e-18  -2.0354202e-18  -1.9423313e-17  -3.3517094e-18  -2.1606116e-17  7.4856537e-18  -1.1669996e-17  6.5935162e-18  -8.1433748e-18  
5.0799954e-17  6.6401030e-18  -7.6444723e-19  1.9223413e-18  -3.4133893e-17  -1.0658851e-17  2.2713188e-18  -9.9175382e-18  1.4625083e-18  -8.2476127e-18  -1.9896804e-18  5.0799954e-17  6.6401030e-18  -7.6444723e-19  1.9223413e-18  -3.4133893e-17  -1.0658851e-17  2.2713188e-18  -9.9175382e-18  1.4625083e-18  -8.2476127e-18  -1.9896804e-18  
1.0765789e-18  -9.6250471e-18  -3.8876695e-18  -2.4557603e-17  1.9422677e-17  1.1057168e-17  1.5764977e-17  1.3956138e-17  3.1943518e-17  8.8611293e-18  -1.7273543e-17  1.0765789e-18  -9.6250471e-18  -3.8876695e-18  -2.4557603e-17  1.9422677e-17  1.1057168e-17  1.5764977e-17  1.3956138e-17  3.1943518e-17  8.8611293e-18  -1.7273543e-17  
-5.4396456e-18  4.4013950e-18  -1.1605622e-17  -1.4468382e-19  2.8712829e-18  1.1105237e-17  -6.9914099e-18  1.7975098e-18  -2.8904999e-19  -8.3379806e-19  2.5831964e-17  -5.4396456e-18  4.4013950e-18  -1.1605622e-17  -1.4468382e-19  2.8712829e-18  1.1105237e-17  -6.9914099e-18  1.7975098e-18  -2.8904999e-19  -8.3379806e-19  2.5831964e-17  
1.0923125e-17  -3.1482521e-17  -2.6842474e-18  1.3829930e-18  4.0719455e-18  -2.8042085e-19  -6.8537671e-18  -2.6629306e-17  1.8837060e-17  1.4700958e-17  3.7565488e-17  1.0923125e-17  -3.1482521e-17  -2.6842474e-18  1.3829930e-18  4.0719455e-18  -2.8042085e-19  -6.8537671e-18  -2.6629306e-17  1.8837060e-17  1.4700958e-17  3.7565488e-17  
6.0308746e-19  1.0034376e-17  1.1189305e-18  2.2617897e-18  -4.1720608e-18  -1.7695048e-19  -4.0649111e-18  -5.3035380e-18  2.9616613e-17  3.0972263e-17  7.1044888e-18  6.0308746e-19  1.0034376e-17  1.1189305e-18  2.2617897e-18  -4.1720608e-18  -1.7695048e-19  -4.0649111e-18  -5.3035380e-18  2.9616613e-17  3.0972263e-17  7.1044888e-18  
-2.2480254e-17  5.7716825e-18  -1.1707689e-17  2.7638685e-18  1.7446338e-17  -4.2842926e-18  7.0166092e-19  8.2755119e-19  1.0578594e-17  -2.3500929e-18  4.0621159e-17  -2.2480254e-17  5.7716825e-18  -1.1707689e-17  2.7638685e-18  1.7446338e-17  -4.2842926e-18  7.0166092e-19  8.2755119e-19  1.0578594e-17  -2.3500929e-18  4.0621159e-17  
-3.3776498e-18  5.3345341e-18  3.7946017e-18  -2.8920881e-19  -3.2942633e-18  -1.4628788e-17  -8.3853085e-18  3.5480291e-18  -2.4665930e-18  2.4273436e-17  -3.1562777e-17  -3.3776498e-18  5.3345341e-18  3.7946017e-18  -2.8920881e-19  -3.2942633e-18  -1.4628788e-17  -8.3853085e-18  3.5480291e-18  -2.4665930e-18  2.4273436e-17  -3.1562777e-17  
5.7797293e-18  -1.0731007e-17  4.6075416e-17  -6.8990834e-19  1.0260772e-17  1.5490115e-18  -1.7590757e-18  9.5943687e-19  1.3004934e-19  2.1426810e-17  -9.9486561e-17  5.7797293e-18  -1.0731007e-17  4.6075416e-17  -6.8990834e-19  1.0260772e-17  1.5490115e-18  -1.7590757e-18  9.5943687e-19  1.3004934e-19  2.1426810e-17  -9.9486561e-17  
2.8248549e-19  -2.0473580e-18  6.1056252e-18  -1.3349292e-17  -4.8777385e-17  -2.9687446e-18  1.2224538e-17  -4.9208511e-17  -5.4468030e-17  1.1633634e-18  -2.9203531e-16  2.8248549e-19  -2.0473580e-18  6.1056252e-18  -1.3349292e-17  -4.8777385e-17  -2.9687446e-18  1.2224538e-17  -4.9208511e-17  -5.4468030e-17  1.1633634e-18  -2.9203531e-16  
6.3696878e-19  3.4498381e-17  1.3777838e-17  -1.4207284e-17  -2.6028052e-17  -2.6194494e-18  -6.5141069e-18  -3.3841190e-17  2.2547001e-16  -1.0453514e-16  3.1145931e-18  6.3696878e-19  3.4498381e-17  1.3777838e-17  -1.4207284e-17  -2.6028052e-17  -2.6194494e-18  -6.5141069e-18  -3.3841190e-17  2.2547001e-16  -1.0453514e-16  3.1145931e-18  
-5.7986817e-18  4.4950768e-17  -1.1290949e-18  -2.0354202e-18  -1.9423313e-17  -3.3517094e-18  -2.1606116e-17  7.4856537e-18  -1.1669996e-17  6.5935162e-18  -8.1433748e-18  -5.7986817e-18  4.4950768e-17  -1.1290949e-18  -2.0354202e-18  -1.9423313e-17  -3.3517094e-18  -2.1606116e-17  7.4856537e-18  -1.1669996e-17  6.5935162e-18  -8.1433748e-18  
5.0799954e-17  6.6401030e-18  -7.6444723e-19  1.9223413e-18  -3.4133893e-17  -1.0658851e-17  2.2713188e-18  -9.9175382e-18  1.4625083e-18  -8.2476127e-18  -1.9896804e-18  5.0799954e-17  6.6401030e-18  -7.6444723e-19  1.9223413e-18  -3.4133893e-17  -1.0658851e-17  2.2713188e-18  -9.9175382e-18  1.4625083e-18  -8.2476127e-18  -1.9896804e-18  
1.0765789e-18  -9.6250471e-18  -3.8876695e-18  -2.4557603e-17  1.9422677e-17  1.1057168e-17  1.5764977e-17  1.3956138e-17  3.1943518e-17  8.8611293e-18  -1.7273543e-17  1.0765789e-18  -9.6250471e-18  -3.8876695e-18  -2.4557603e-17  1.9422677e-17  1.1057168e-17  1.5764977e-17  1.3956138e-17  3.1943518e-17  8.8611293e-18  -1.7273543e-17  
-5.4396456e-18  4.4013950e-18  -1.1605622e-17  -1.4468382e-19  2.8712829e-18  1.1105237e-17  -6.9914099e-18  1.7975098e-18  -2.8904999e-19  -8.3379806e-19  2.5831964e-17  -5.4396456e-18  4.4013950e-18  -1.1605622e-17  -1.4468382e-19  2.8712829e-18  1.1105237e-17  -6.9914099e-18  1.7975098e-18  -2.8904999e-19  -8.3379806e-19  2.5831964e-17  
1.0923125e-17  -3.1482521e-17  -2.6842474e-18  1.3829930e-18  4.0719455e-18  -2.8042085e-19  -6.8537671e-18  -2.6629306e-17  1.8837060e-17  1.4700958e-17  3.7565488e-17  1.0923125e-17  -3.1482521e-17  -2.6842474e-18  1.3829930e-18  4.0719455e-18  -2.8042085e-19  -6.8537671e-18  -2.6629306e-17  1.8837060e-17  1.4700958e-17  3.7565488e-17  
6.0308746e-19  1.0034376e-17  1.1189305e-18  2.2617897e-18  -4.1720608e-18  -1.7695048e-19  -4.0649111e-18  -5.3035380e-18  2.9616613e-17  3.0972263e-17  7.1044888e-18  6.0308746e-19  1.0034376e-17  1.1189305e-18  2.2617897e-18  -4.1720608e-18  -1.7695048e-19  -4.0649111e-18  -5.3035380e-18  2.9616613e-17  3.0972263e-17  7.1044888e-18  
-2.2480254e-17  5.7716825e-18  -1.1707689e-17  2.7638685e-18  1.7446338e-17  -4.2842926e-18  7.0166092e-19  8.2755119e-19  1.0578594e-17  -2.3500929e-18  4.0621159e-17  -2.2480254e-17  5.7716825e-18  -1.1707689e-17  2.7638685e-18  1.7446338e-17  -4.2842926e-18  7.0166092e-19  8.2755119e-19  1.0578594e-17  -2.3500929e-18  4.0621159e-17  
-3.3776498e-18  5.3345341e-18  3.7946017e-18  -2.8920881e-19  -3.2942633e-18  -1.4628788e-17  -8.3853085e-18  3.5480291e-18  -2.4665930e-18  2.4273436e-17  -3.1562777e-17  -3.3776498e-18  5.3345341e-18  3.7946017e-18  -2.8920881e-19  -3.2942633e-18  -1.4628788e-17  -8.3853085e-18  3.5480291e-18  -2.4665930e-18  2.4273436e-17  -3.1562777e-17  
5.7797293e-18  -1.0731007e-17  4.6075416e-17  -6.8990834e-19  1.0260772e-17  1.5490115e-18  -1.7590757e-18  9.5943687e-19  1.3004934e-19  2.1426810e-17  -9.9486561e-17  5.7797293e-18  -1.0731007e-17  4.6075416e-17  -6.8990834e-19  1.0260772e-17  1.5490115e-18  -1.7590757e-18  9.5943687e-19  1.3004934e-19  2.1426810e-17  -9.9486561e-17  
2.8248549e-19  -2.0473580e-18  6.1056252e-18  -1.3349292e-17  -4.8777385e-17  -2.9687446e-18  1.2224538e-17  -4.9208511e-17  -5.4468030e-17  1.1633634e-18  -2.9203531e-16  2.8248549e-19  -2.0473580e-18  6.1056252e-18  -1.3349292e-17  -4.8777385e-17  -2.9687446e-18  1.2224538e-17  -4.9208511e-17  -5.4468030e-17  1.1633634e-18  -2.9203531e-16  
6.3696878e-19  3.4498381e-17  1.3777838e-17  -1.4207284e-17  -2.6028052e-17  -2.6194494e-18  -6.5141069e-18  -3.3841190e-17  2.2547001e-16  -1.0453514e-16  3.1145931e-18  6.3696878e-19  3.4498381e-17  1.3777838e-17  -1.4207284e-17  -2.6028052e-17  -2.6194494e-18  -6.5141069e-18  -3.3841190e-17  2.2547001e-16  -1.0453514e-16  3.1145931e-18  
