-2.0191148e-19  2.6964870e-17  -6.5577291e-18  3.2780175e-19  2.3621446e-17  8.8938459e-20  4.9602249e-18  -4.0297592e-18  1.1337536e-18  4.7941006e-18  6.2265392e-18  -2.0191148e-19  2.6964870e-17  -6.5577291e-18  3.2780175e-19  2.3621446e-17  8.8938459e-20  4.9602249e-18  -4.0297592e-18  1.1337536e-18  4.7941006e-18  6.2265392e-18  
-3.3584856e-18  -7.7581865e-18  5.2537219e-19  -4.6267057e-18  -6.3990957e-18  -2.2668719e-19  -1.4650705e-17  -5.0388931e-18  7.8054086e-19  -2.2766022e-17  -1.8043919e-17  -3.3584856e-18  -7.7581865e-18  5.2537219e-19  -4.6267057e-18  -6.3990957e-18  -2.2668719e-19  -1.4650705e-17  -5.0388931e-18  7.8054086e-19  -2.2766022e-17  -1.8043919e-17  
-1.3823578e-18  -5.8481272e-18  -1.9553756e-18  -1.7333259e-17  2.6352783e-18  1.3799014e-17  -6.1003313e-18  -1.6864426e-18  -4.7557088e-17  -3.2218910e-17  -8.9497501e-18  -1.3823578e-18  -5.8481272e-18  -1.9553756e-18  -1.7333259e-17  2.6352783e-18  1.3799014e-17  -6.1003313e-18  -1.6864426e-18  -4.7557088e-17  -3.2218910e-17  -8.9497501e-18  
2.8727122e-18  2.5559219e-19  5.4176227e-18  2.2014651e-18  3.8998456e-18  -6.3061603e-19  1.8230690e-17  -1.9211025e-17  -1.5575559e-17  -1.8798573e-17  -5.7370389e-17  2.8727122e-18  2.5559219e-19  5.4176227e-18  2.2014651e-18  3.8998456e-18  -6.3061603e-19  1.8230690e-17  -1.9211025e-17  -1.5575559e-17  -1.8798573e-17  -5.7370389e-17  
2.6856874e-17  9.3390676e-18  -7.2802482e-18  -3.5808318e-18  -1.2830696e-18  -6.6177096e-19  -1.8326193e-17  -1.2272634e-17  4.3456893e-18  6.9701878e-18  -3.0610394e-17  2.6856874e-17  9.3390676e-18  -7.2802482e-18  -3.5808318e-18  -1.2830696e-18  -6.6177096e-19  -1.8326193e-17  -1.2272634e-17  4.3456893e-18  6.9701878e-18  -3.0610394e-17  
9.5375910e-19  4.4184415e-18  -9.7717956e-18  -3.1708678e-18  -2.2710542e-18  -8.8641998e-19  -6.8402146e-18  -2.0101204e-17  2.1710037e-17  -1.5737131e-17  3.4084606e-18  9.5375910e-19  4.4184415e-18  -9.7717956e-18  -3.1708678e-18  -2.2710542e-18  -8.8641998e-19  -6.8402146e-18  -2.0101204e-17  2.1710037e-17  -1.5737131e-17  3.4084606e-18  
-7.2522961e-18  -1.3874823e-17  1.2278590e-17  -3.4142204e-17  -4.8144294e-18  2.9972261e-18  2.7066673e-19  1.3864976e-17  -1.1552259e-17  5.8635856e-18  2.3031461e-17  -7.2522961e-18  -1.3874823e-17  1.2278590e-17  -3.4142204e-17  -4.8144294e-18  2.9972261e-18  2.7066673e-19  1.3864976e-17  -1.1552259e-17  5.8635856e-18  2.3031461e-17  
4.5759896e-18  -9.4562494e-18  2.7469278e-18  -2.7675319e-17  1.4995011e-17  -1.9896910e-17  -8.0120846e-18  -2.8331068e-18  -4.1126626e-18  -8.8315824e-18  1.0243619e-17  4.5759896e-18  -9.4562494e-18  2.7469278e-18  -2.7675319e-17  1.4995011e-17  -1.9896910e-17  -8.0120846e-18  -2.8331068e-18  -4.1126626e-18  -8.8315824e-18  1.0243619e-17  
-8.2255370e-18  -8.5129988e-18  1.9680599e-17  1.0004518e-18  1.6673830e-17  -4.1276445e-17  -5.6204871e-18  1.4970778e-18  -3.5204476e-18  -4.0706286e-18  7.2414117e-17  -8.2255370e-18  -8.5129988e-18  1.9680599e-17  1.0004518e-18  1.6673830e-17  -4.1276445e-17  -5.6204871e-18  1.4970778e-18  -3.5204476e-18  -4.0706286e-18  7.2414117e-17  
-3.5524562e-18  4.0791254e-19  1.5817811e-17  -1.4816459e-17  -2.9910520e-18  -1.8513281e-17  -1.6891478e-17  7.4763628e-18  -5.8031815e-17  -7.5529862e-19  8.1246130e-17  -3.5524562e-18  4.0791254e-19  1.5817811e-17  -1.4816459e-17  -2.9910520e-18  -1.8513281e-17  -1.6891478e-17  7.4763628e-18  -5.8031815e-17  -7.5529862e-19  8.1246130e-17  
-5.8529977e-19  3.4100488e-17  -8.8514943e-18  -2.6121649e-17  1.9086987e-17  6.7301003e-18  -1.7501818e-18  -4.9524693e-18  1.4383022e-16  3.9672519e-16  -3.2420186e-18  -5.8529977e-19  3.4100488e-17  -8.8514943e-18  -2.6121649e-17  1.9086987e-17  6.7301003e-18  -1.7501818e-18  -4.9524693e-18  1.4383022e-16  3.9672519e-16  -3.2420186e-18  
-2.0191148e-19  2.6964870e-17  -6.5577291e-18  3.2780175e-19  2.3621446e-17  8.8938459e-20  4.9602249e-18  -4.0297592e-18  1.1337536e-18  4.7941006e-18  6.2265392e-18  -2.0191148e-19  2.6964870e-17  -6.5577291e-18  3.2780175e-19  2.3621446e-17  8.8938459e-20  4.9602249e-18  -4.0297592e-18  1.1337536e-18  4.7941006e-18  6.2265392e-18  
-3.3584856e-18  -7.7581865e-18  5.2537219e-19  -4.6267057e-18  -6.3990957e-18  -2.2668719e-19  -1.4650705e-17  -5.0388931e-18  7.8054086e-19  -2.2766022e-17  -1.8043919e-17  -3.3584856e-18  -7.7581865e-18  5.2537219e-19  -4.6267057e-18  -6.3990957e-18  -2.2668719e-19  -1.4650705e-17  -5.0388931e-18  7.8054086e-19  -2.2766022e-17  -1.8043919e-17  
-1.3823578e-18  -5.8481272e-18  -1.9553756e-18  -1.7333259e-17  2.6352783e-18  1.3799014e-17  -6.1003313e-18  -1.6864426e-18  -4.7557088e-17  -3.2218910e-17  -8.9497501e-18  -1.3823578e-18  -5.8481272e-18  -1.9553756e-18  -1.7333259e-17  2.6352783e-18  1.3799014e-17  -6.1003313e-18  -1.6864426e-18  -4.7557088e-17  -3.2218910e-17  -8.9497501e-18  
2.8727122e-18  2.5559219e-19  5.4176227e-18  2.2014651e-18  3.8998456e-18  -6.3061603e-19  1.8230690e-17  -1.9211025e-17  -1.5575559e-17  -1.8798573e-17  -5.7370389e-17  2.8727122e-18  2.5559219e-19  5.4176227e-18  2.2014651e-18  3.8998456e-18  -6.3061603e-19  1.8230690e-17  -1.9211025e-17  -1.5575559e-17  -1.8798573e-17  -5.7370389e-17  
2.6856874e-17  9.3390676e-18  -7.2802482e-18  -3.5808318e-18  -1.2830696e-18  -6.6177096e-19  -1.8326193e-17  -1.2272634e-17  4.3456893e-18  6.9701878e-18  -3.0610394e-17  2.6856874e-17  9.3390676e-18  -7.2802482e-18  -3.5808318e-18  -1.2830696e-18  -6.6177096e-19  -1.8326193e-17  -1.2272634e-17  4.3456893e-18  6.9701878e-18  -3.0610394e-17  
9.5375910e-19  4.4184415e-18  -9.7717956e-18  -3.1708678e-18  -2.2710542e-18  -8.8641998e-19  -6.8402146e-18  -2.0101204e-17  2.1710037e-17  -1.5737131e-17  3.4084606e-18  9.5375910e-19  4.4184415e-18  -9.7717956e-18  -3.1708678e-18  -2.2710542e-18  -8.8641998e-19  -6.8402146e-18  -2.0101204e-17  2.1710037e-17  -1.5737131e-17  3.4084606e-18  
-7.2522961e-18  -1.3874823e-17  1.2278590e-17  -3.4142204e-17  -4.8144294e-18  2.9972261e-18  2.7066673e-19  1.3864976e-17  -1.1552259e-17  5.8635856e-18  2.3031461e-17  -7.2522961e-18  -1.3874823e-17  1.2278590e-17  -3.4142204e-17  -4.8144294e-18  2.9972261e-18  2.7066673e-19  1.3864976e-17  -1.1552259e-17  5.8635856e-18  2.3031461e-17  
4.5759896e-18  -9.4562494e-18  2.7469278e-18  -2.7675319e-17  1.4995011e-17  -1.9896910e-17  -8.0120846e-18  -2.8331068e-18  -4.1126626e-18  -8.8315824e-18  1.0243619e-17  4.5759896e-18  -9.4562494e-18  2.7469278e-18  -2.7675319e-17  1.4995011e-17  -1.9896910e-17  -8.0120846e-18  -2.8331068e-18  -4.1126626e-18  -8.8315824e-18  1.0243619e-17  
-8.2255370e-18  -8.5129988e-18  1.9680599e-17  1.0004518e-18  1.6673830e-17  -4.1276445e-17  -5.6204871e-18  1.4970778e-18  -3.5204476e-18  -4.0706286e-18  7.2414117e-17  -8.2255370e-18  -8.5129988e-18  1.9680599e-17  1.0004518e-18  1.6673830e-17  -4.1276445e-17  -5.6204871e-18  1.4970778e-18  -3.5204476e-18  -4.0706286e-18  7.2414117e-17  
-3.5524562e-18  4.0791254e-19  1.5817811e-17  -1.4816459e-17  -2.9910520e-18  -1.8513281e-17  -1.6891478e-17  7.4763628e-18  -5.8031815e-17  -7.5529862e-19  8.1246130e-17  -3.5524562e-18  4.0791254e-19  1.5817811e-17  -1.4816459e-17  -2.9910520e-18  -1.8513281e-17  -1.6891478e-17  7.4763628e-18  -5.8031815e-17  -7.5529862e-19  8.1246130e-17  
-5.8529977e-19  3.4100488e-17  -8.8514943e-18  -2.6121649e-17  1.9086987e-17  6.7301003e-18  -1.7501818e-18  -4.9524693e-18  1.4383022e-16  3.9672519e-16  -3.2420186e-18  -5.8529977e-19  3.4100488e-17  -8.8514943e-18  -2.6121649e-17  1.9086987e-17  6.7301003e-18  -1.7501818e-18  -4.9524693e-18  1.4383022e-16  3.9672519e-16  -3.2420186e-18  
