-0.99967999  0.0084505744  -0.00045815045  -0.0010704610  -0.0025969433  -0.00013450569  -0.0031096819  7.5300548e-05  0.00058153044  0.00083723904  -0.00013746535  -0.99967999  0.0084505744  -0.00045815045  -0.0010704610  -0.0025969433  -0.00013450569  -0.0031096819  7.5300548e-05  0.00058153044  0.00083723904  -0.00013746535  
0.0085149091  0.99978245  -0.0032242183  -0.0012439531  -0.00048988486  0.0057281796  -0.0012774719  0.0015073099  -0.00056239684  -0.00023272719  0.00030089617  0.0085149091  0.99978245  -0.0032242183  -0.0012439531  -0.00048988486  0.0057281796  -0.0012774719  0.0015073099  -0.00056239684  -0.00023272719  0.00030089617  
0.00056728866  -0.0033854587  -0.99969210  -0.014335980  -0.0089249933  -0.00094248544  -0.0013793020  0.0012625534  0.0010755782  -0.0022294641  0.0014927532  0.00056728866  -0.0033854587  -0.99969210  -0.014335980  -0.0089249933  -0.00094248544  -0.0013793020  0.0012625534  0.0010755782  -0.0022294641  0.0014927532  
0.0010216971  -0.0011662820  0.014242014  -0.99977523  0.0068763202  0.00059168075  -5.0733610e-05  -0.0012436554  -0.00092352196  -0.00021230190  0.0014061168  0.0010216971  -0.0011662820  0.014242014  -0.99977523  0.0068763202  0.00059168075  -5.0733610e-05  -0.0012436554  -0.00092352196  -0.00021230190  0.0014061168  
-0.0025868847  0.00050191439  -0.0090646996  0.0067616314  0.99983258  0.0035700467  0.0017719312  -0.0011759175  0.0027906460  -2.2336844e-05  0.0020021423  -0.0025868847  0.00050191439  -0.0090646996  0.0067616314  0.99983258  0.0035700467  0.0017719312  -0.0011759175  0.0027906460  -2.2336844e-05  0.0020021423  
-0.00019810133  -0.0057750001  -0.00087569782  0.00057738723  -0.0035951063  0.99982981  -0.0055333705  0.0077006056  0.0040750660  6.8955779e-06  0.0010462902  -0.00019810133  -0.0057750001  -0.00087569782  0.00057738723  -0.0035951063  0.99982981  -0.0055333705  0.0077006056  0.0040750660  6.8955779e-06  0.0010462902  
0.0030505506  -0.0012680556  0.0013781960  0.00010306663  0.0018357282  -0.0054836099  -0.99981872  -0.012593389  -0.00023030977  -0.0036393845  0.00049083346  0.0030505506  -0.0012680556  0.0013781960  0.00010306663  0.0018357282  -0.0054836099  -0.99981872  -0.012593389  -0.00023030977  -0.0036393845  0.00049083346  
0.00016775676  -0.0014528996  0.0012756770  -0.0012063945  0.0013494290  -0.0077688891  -0.012563718  0.99976649  0.0032225234  0.0065367356  -0.0010709264  0.00016775676  -0.0014528996  0.0012756770  -0.0012063945  0.0013494290  -0.0077688891  -0.012563718  0.99976649  0.0032225234  0.0065367356  -0.0010709264  
-0.00062506160  -0.00055764133  -0.0010806191  0.00094196122  0.0027229034  0.0040488041  0.00020159946  0.0033665556  -0.99984175  -0.013408677  0.0046863975  -0.00062506160  -0.00055764133  -0.0010806191  0.00094196122  0.0027229034  0.0040488041  0.00020159946  0.0033665556  -0.99984175  -0.013408677  0.0046863975  
0.00087160965  0.00019662002  -0.0022235800  -0.00023496091  3.1166246e-05  8.7925399e-05  -0.0035422652  -0.0065662218  -0.013416915  0.99979769  0.0077775163  0.00087160965  0.00019662002  -0.0022235800  -0.00023496091  3.1166246e-05  8.7925399e-05  -0.0035422652  -0.0065662218  -0.013416915  0.99979769  0.0077775163  
0.00015590222  0.00026715311  -0.0014817352  -0.0014156641  0.0020040710  0.0010587238  -0.00049665588  -0.0011291292  -0.0047464535  0.0076914649  -0.99988516  0.00015590222  0.00026715311  -0.0014817352  -0.0014156641  0.0020040710  0.0010587238  -0.00049665588  -0.0011291292  -0.0047464535  0.0076914649  -0.99988516  
-0.99967999  0.0084505744  -0.00045815045  -0.0010704610  -0.0025969433  -0.00013450569  -0.0031096819  7.5300548e-05  0.00058153044  0.00083723904  -0.00013746535  -0.99967999  0.0084505744  -0.00045815045  -0.0010704610  -0.0025969433  -0.00013450569  -0.0031096819  7.5300548e-05  0.00058153044  0.00083723904  -0.00013746535  
0.0085149091  0.99978245  -0.0032242183  -0.0012439531  -0.00048988486  0.0057281796  -0.0012774719  0.0015073099  -0.00056239684  -0.00023272719  0.00030089617  0.0085149091  0.99978245  -0.0032242183  -0.0012439531  -0.00048988486  0.0057281796  -0.0012774719  0.0015073099  -0.00056239684  -0.00023272719  0.00030089617  
0.00056728866  -0.0033854587  -0.99969210  -0.014335980  -0.0089249933  -0.00094248544  -0.0013793020  0.0012625534  0.0010755782  -0.0022294641  0.0014927532  0.00056728866  -0.0033854587  -0.99969210  -0.014335980  -0.0089249933  -0.00094248544  -0.0013793020  0.0012625534  0.0010755782  -0.0022294641  0.0014927532  
0.0010216971  -0.0011662820  0.014242014  -0.99977523  0.0068763202  0.00059168075  -5.0733610e-05  -0.0012436554  -0.00092352196  -0.00021230190  0.0014061168  0.0010216971  -0.0011662820  0.014242014  -0.99977523  0.0068763202  0.00059168075  -5.0733610e-05  -0.0012436554  -0.00092352196  -0.00021230190  0.0014061168  
-0.0025868847  0.00050191439  -0.0090646996  0.0067616314  0.99983258  0.0035700467  0.0017719312  -0.0011759175  0.0027906460  -2.2336844e-05  0.0020021423  -0.0025868847  0.00050191439  -0.0090646996  0.0067616314  0.99983258  0.0035700467  0.0017719312  -0.0011759175  0.0027906460  -2.2336844e-05  0.0020021423  
-0.00019810133  -0.0057750001  -0.00087569782  0.00057738723  -0.0035951063  0.99982981  -0.0055333705  0.0077006056  0.0040750660  6.8955779e-06  0.0010462902  -0.00019810133  -0.0057750001  -0.00087569782  0.00057738723  -0.0035951063  0.99982981  -0.0055333705  0.0077006056  0.0040750660  6.8955779e-06  0.0010462902  
0.0030505506  -0.0012680556  0.0013781960  0.00010306663  0.0018357282  -0.0054836099  -0.99981872  -0.012593389  -0.00023030977  -0.0036393845  0.00049083346  0.0030505506  -0.0012680556  0.0013781960  0.00010306663  0.0018357282  -0.0054836099  -0.99981872  -0.012593389  -0.00023030977  -0.0036393845  0.00049083346  
0.00016775676  -0.0014528996  0.0012756770  -0.0012063945  0.0013494290  -0.0077688891  -0.012563718  0.99976649  0.0032225234  0.0065367356  -0.0010709264  0.00016775676  -0.0014528996  0.0012756770  -0.0012063945  0.0013494290  -0.0077688891  -0.012563718  0.99976649  0.0032225234  0.0065367356  -0.0010709264  
-0.00062506160  -0.00055764133  -0.0010806191  0.00094196122  0.0027229034  0.0040488041  0.00020159946  0.0033665556  -0.99984175  -0.013408677  0.0046863975  -0.00062506160  -0.00055764133  -0.0010806191  0.00094196122  0.0027229034  0.0040488041  0.00020159946  0.0033665556  -0.99984175  -0.013408677  0.0046863975  
0.00087160965  0.00019662002  -0.0022235800  -0.00023496091  3.1166246e-05  8.7925399e-05  -0.0035422652  -0.0065662218  -0.013416915  0.99979769  0.0077775163  0.00087160965  0.00019662002  -0.0022235800  -0.00023496091  3.1166246e-05  8.7925399e-05  -0.0035422652  -0.0065662218  -0.013416915  0.99979769  0.0077775163  
0.00015590222  0.00026715311  -0.0014817352  -0.0014156641  0.0020040710  0.0010587238  -0.00049665588  -0.0011291292  -0.0047464535  0.0076914649  -0.99988516  0.00015590222  0.00026715311  -0.0014817352  -0.0014156641  0.0020040710  0.0010587238  -0.00049665588  -0.0011291292  -0.0047464535  0.0076914649  -0.99988516  
