-1.4985072e-18  1.6488132e-17  -1.1032604e-19  3.2290749e-18  2.0811600e-17  4.8748440e-17  1.1909813e-17  5.6170408e-17  -1.3131552e-17  2.3660595e-17  -1.0546619e-18  -1.4985072e-18  1.6488132e-17  -1.1032604e-19  3.2290749e-18  2.0811600e-17  4.8748440e-17  1.1909813e-17  5.6170408e-17  -1.3131552e-17  2.3660595e-17  -1.0546619e-18  
-4.9509076e-19  6.9647284e-19  5.7386482e-18  1.6203211e-18  -2.0811600e-18  1.8905775e-18  -1.5670110e-19  -9.2136009e-19  -3.0887056e-18  6.7169713e-19  6.1702115e-18  -4.9509076e-19  6.9647284e-19  5.7386482e-18  1.6203211e-18  -2.0811600e-18  1.8905775e-18  -1.5670110e-19  -9.2136009e-19  -3.0887056e-18  6.7169713e-19  6.1702115e-18  
-1.4825194e-18  4.4236296e-18  1.3557292e-18  2.7533865e-18  1.0306273e-18  -3.5575384e-19  4.0083717e-18  -5.6880380e-18  1.3324252e-17  -1.9617283e-18  2.1941541e-17  -1.4825194e-18  4.4236296e-18  1.3557292e-18  2.7533865e-18  1.0306273e-18  -3.5575384e-19  4.0083717e-18  -5.6880380e-18  1.3324252e-17  -1.9617283e-18  2.1941541e-17  
1.7603992e-18  1.9157768e-18  -1.0506650e-18  -3.7202200e-19  2.6943324e-18  3.0689062e-18  -2.0323431e-18  6.6189140e-18  1.1566605e-17  2.7902377e-17  6.5586423e-18  1.7603992e-18  1.9157768e-18  -1.0506650e-18  -3.7202200e-19  2.6943324e-18  3.0689062e-18  -2.0323431e-18  6.6189140e-18  1.1566605e-17  2.7902377e-17  6.5586423e-18  
-8.5478330e-18  1.5100056e-17  -3.4988813e-18  5.7185312e-19  -1.0369139e-18  6.6460323e-18  -8.1950438e-20  -3.7899377e-17  -1.5492127e-17  4.9695211e-17  -1.6099979e-18  -8.5478330e-18  1.5100056e-17  -3.4988813e-18  5.7185312e-19  -1.0369139e-18  6.6460323e-18  -8.1950438e-20  -3.7899377e-17  -1.5492127e-17  4.9695211e-17  -1.6099979e-18  
1.5245323e-17  1.4484263e-19  4.4977449e-19  -2.7125171e-18  7.1879216e-18  -8.7874374e-19  -2.4651200e-17  3.0764448e-17  7.6686657e-18  -2.0673533e-17  1.4366738e-18  1.5245323e-17  1.4484263e-19  4.4977449e-19  -2.7125171e-18  7.1879216e-18  -8.7874374e-19  -2.4651200e-17  3.0764448e-17  7.6686657e-18  -2.0673533e-17  1.4366738e-18  
-5.2143348e-18  -2.8748298e-18  -2.8108788e-18  -1.8930128e-18  1.4028983e-18  -7.2421317e-18  3.9815842e-19  -1.2785115e-17  7.6690363e-18  -2.1624751e-18  -9.0436120e-18  -5.2143348e-18  -2.8748298e-18  -2.8108788e-18  -1.8930128e-18  1.4028983e-18  -7.2421317e-18  3.9815842e-19  -1.2785115e-17  7.6690363e-18  -2.1624751e-18  -9.0436120e-18  
-4.1102803e-17  1.5060246e-18  -1.9726921e-17  2.6752450e-17  3.9631348e-17  8.2481951e-18  -1.2814550e-18  5.0211848e-19  9.9102855e-18  -1.0139408e-17  -6.9928923e-18  -4.1102803e-17  1.5060246e-18  -1.9726921e-17  2.6752450e-17  3.9631348e-17  8.2481951e-18  -1.2814550e-18  5.0211848e-19  9.9102855e-18  -1.0139408e-17  -6.9928923e-18  
-4.7611722e-18  6.9526582e-18  -1.5383812e-17  -1.5599276e-17  6.8746517e-17  7.3446756e-18  4.5792719e-20  -2.9356150e-17  1.4761190e-17  -5.3572716e-17  -2.9812378e-16  -4.7611722e-18  6.9526582e-18  -1.5383812e-17  -1.5599276e-17  6.8746517e-17  7.3446756e-18  4.5792719e-20  -2.9356150e-17  1.4761190e-17  -5.3572716e-17  -2.9812378e-16  
1.5681121e-17  3.7659085e-18  2.6833157e-17  -2.3694211e-17  -1.0008118e-17  7.8320901e-18  4.3723841e-18  4.9172380e-18  -7.0718940e-17  -7.6693804e-18  -3.7195419e-16  1.5681121e-17  3.7659085e-18  2.6833157e-17  -2.3694211e-17  -1.0008118e-17  7.8320901e-18  4.3723841e-18  4.9172380e-18  -7.0718940e-17  -7.6693804e-18  -3.7195419e-16  
-3.6349360e-18  6.8217916e-18  -1.1182105e-17  1.0694585e-17  -1.3716534e-17  -1.7304883e-18  -9.6839159e-18  8.1396425e-17  -6.8034269e-17  3.7283023e-16  -2.3487827e-18  -3.6349360e-18  6.8217916e-18  -1.1182105e-17  1.0694585e-17  -1.3716534e-17  -1.7304883e-18  -9.6839159e-18  8.1396425e-17  -6.8034269e-17  3.7283023e-16  -2.3487827e-18  
-1.4985072e-18  1.6488132e-17  -1.1032604e-19  3.2290749e-18  2.0811600e-17  4.8748440e-17  1.1909813e-17  5.6170408e-17  -1.3131552e-17  2.3660595e-17  -1.0546619e-18  -1.4985072e-18  1.6488132e-17  -1.1032604e-19  3.2290749e-18  2.0811600e-17  4.8748440e-17  1.1909813e-17  5.6170408e-17  -1.3131552e-17  2.3660595e-17  -1.0546619e-18  
-4.9509076e-19  6.9647284e-19  5.7386482e-18  1.6203211e-18  -2.0811600e-18  1.8905775e-18  -1.5670110e-19  -9.2136009e-19  -3.0887056e-18  6.7169713e-19  6.1702115e-18  -4.9509076e-19  6.9647284e-19  5.7386482e-18  1.6203211e-18  -2.0811600e-18  1.8905775e-18  -1.5670110e-19  -9.2136009e-19  -3.0887056e-18  6.7169713e-19  6.1702115e-18  
-1.4825194e-18  4.4236296e-18  1.3557292e-18  2.7533865e-18  1.0306273e-18  -3.5575384e-19  4.0083717e-18  -5.6880380e-18  1.3324252e-17  -1.9617283e-18  2.1941541e-17  -1.4825194e-18  4.4236296e-18  1.3557292e-18  2.7533865e-18  1.0306273e-18  -3.5575384e-19  4.0083717e-18  -5.6880380e-18  1.3324252e-17  -1.9617283e-18  2.1941541e-17  
1.7603992e-18  1.9157768e-18  -1.0506650e-18  -3.7202200e-19  2.6943324e-18  3.0689062e-18  -2.0323431e-18  6.6189140e-18  1.1566605e-17  2.7902377e-17  6.5586423e-18  1.7603992e-18  1.9157768e-18  -1.0506650e-18  -3.7202200e-19  2.6943324e-18  3.0689062e-18  -2.0323431e-18  6.6189140e-18  1.1566605e-17  2.7902377e-17  6.5586423e-18  
-8.5478330e-18  1.5100056e-17  -3.4988813e-18  5.7185312e-19  -1.0369139e-18  6.6460323e-18  -8.1950438e-20  -3.7899377e-17  -1.5492127e-17  4.9695211e-17  -1.6099979e-18  -8.5478330e-18  1.5100056e-17  -3.4988813e-18  5.7185312e-19  -1.0369139e-18  6.6460323e-18  -8.1950438e-20  -3.7899377e-17  -1.5492127e-17  4.9695211e-17  -1.6099979e-18  
1.5245323e-17  1.4484263e-19  4.4977449e-19  -2.7125171e-18  7.1879216e-18  -8.7874374e-19  -2.4651200e-17  3.0764448e-17  7.6686657e-18  -2.0673533e-17  1.4366738e-18  1.5245323e-17  1.4484263e-19  4.4977449e-19  -2.7125171e-18  7.1879216e-18  -8.7874374e-19  -2.4651200e-17  3.0764448e-17  7.6686657e-18  -2.0673533e-17  1.4366738e-18  
-5.2143348e-18  -2.8748298e-18  -2.8108788e-18  -1.8930128e-18  1.4028983e-18  -7.2421317e-18  3.9815842e-19  -1.2785115e-17  7.6690363e-18  -2.1624751e-18  -9.0436120e-18  -5.2143348e-18  -2.8748298e-18  -2.8108788e-18  -1.8930128e-18  1.4028983e-18  -7.2421317e-18  3.9815842e-19  -1.2785115e-17  7.6690363e-18  -2.1624751e-18  -9.0436120e-18  
-4.1102803e-17  1.5060246e-18  -1.9726921e-17  2.6752450e-17  3.9631348e-17  8.2481951e-18  -1.2814550e-18  5.0211848e-19  9.9102855e-18  -1.0139408e-17  -6.9928923e-18  -4.1102803e-17  1.5060246e-18  -1.9726921e-17  2.6752450e-17  3.9631348e-17  8.2481951e-18  -1.2814550e-18  5.0211848e-19  9.9102855e-18  -1.0139408e-17  -6.9928923e-18  
-4.7611722e-18  6.9526582e-18  -1.5383812e-17  -1.5599276e-17  6.8746517e-17  7.3446756e-18  4.5792719e-20  -2.9356150e-17  1.4761190e-17  -5.3572716e-17  -2.9812378e-16  -4.7611722e-18  6.9526582e-18  -1.5383812e-17  -1.5599276e-17  6.8746517e-17  7.3446756e-18  4.5792719e-20  -2.9356150e-17  1.4761190e-17  -5.3572716e-17  -2.9812378e-16  
1.5681121e-17  3.7659085e-18  2.6833157e-17  -2.3694211e-17  -1.0008118e-17  7.8320901e-18  4.3723841e-18  4.9172380e-18  -7.0718940e-17  -7.6693804e-18  -3.7195419e-16  1.5681121e-17  3.7659085e-18  2.6833157e-17  -2.3694211e-17  -1.0008118e-17  7.8320901e-18  4.3723841e-18  4.9172380e-18  -7.0718940e-17  -7.6693804e-18  -3.7195419e-16  
-3.6349360e-18  6.8217916e-18  -1.1182105e-17  1.0694585e-17  -1.3716534e-17  -1.7304883e-18  -9.6839159e-18  8.1396425e-17  -6.8034269e-17  3.7283023e-16  -2.3487827e-18  -3.6349360e-18  6.8217916e-18  -1.1182105e-17  1.0694585e-17  -1.3716534e-17  -1.7304883e-18  -9.6839159e-18  8.1396425e-17  -6.8034269e-17  3.7283023e-16  -2.3487827e-18  
