-0.99945011  -0.028176825  -0.0038367085  0.00016725700  0.00043973177  0.0026526815  0.0018091665  -0.0037478843  0.0011096118  0.00054565125  -0.00066196839  -0.99945011  -0.028176825  -0.0038367085  0.00016725700  0.00043973177  0.0026526815  0.0018091665  -0.0037478843  0.0011096118  0.00054565125  -0.00066196839  
0.028100413  -0.99948249  -0.0057182146  -0.0024403536  -0.0017796081  3.1646748e-05  -0.0019804164  0.0028511307  0.00046696286  0.0012499647  -0.00085928116  0.028100413  -0.99948249  -0.0057182146  -0.0024403536  -0.0017796081  3.1646748e-05  -0.0019804164  0.0028511307  0.00046696286  0.0012499647  -0.00085928116  
-0.0037682541  -0.0058059201  0.99988228  -0.00064404440  0.0029148227  -0.0023489407  0.0011402831  -0.0010180155  0.00056609681  0.0022963547  -2.4731910e-05  -0.0037682541  -0.0058059201  0.99988228  -0.00064404440  0.0029148227  -0.0023489407  0.0011402831  -0.0010180155  0.00056609681  0.0022963547  -2.4731910e-05  
0.00028220404  -0.0024315159  0.00062856861  0.99992808  0.0026854730  0.0028290450  -0.0017348181  -9.2652223e-05  -0.0018651784  0.00056712517  7.7680849e-05  0.00028220404  -0.0024315159  0.00062856861  0.99992808  0.0026854730  0.0028290450  -0.0017348181  -9.2652223e-05  -0.0018651784  0.00056712517  7.7680849e-05  
-0.00054714954  0.0017424520  0.0028682126  0.0026958393  -0.99992638  -0.00096980155  -0.0015152324  -0.0021759947  0.0054838613  0.0012334882  -0.00073138886  -0.00054714954  0.0017424520  0.0028682126  0.0026958393  -0.99992638  -0.00096980155  -0.0015152324  -0.0021759947  0.0054838613  0.0012334882  -0.00073138886  
0.0027325511  -3.4157269e-05  0.0022832451  -0.0027575350  -0.0010512195  0.99872168  0.047781214  -0.0075379928  -0.0047917260  -0.0048970357  -0.00043115931  0.0027325511  -3.4157269e-05  0.0022832451  -0.0027575350  -0.0010512195  0.99872168  0.047781214  -0.0075379928  -0.0047917260  -0.0048970357  -0.00043115931  
0.0015471557  -0.0017848804  -0.0012217259  0.0018849607  -0.0015918674  -0.047391935  0.99776206  0.044709272  -0.0041801376  0.00088879726  -0.00084546770  0.0015471557  -0.0017848804  -0.0012217259  0.0018849607  -0.0015918674  -0.047391935  0.99776206  0.044709272  -0.0041801376  0.00088879726  -0.00084546770  
0.0038651290  -0.0028254319  -0.0010691590  -1.1734209e-05  0.0020285042  -0.0097183722  0.044268530  -0.99890126  -0.0046343818  -0.0034251081  -8.2178699e-06  0.0038651290  -0.0028254319  -0.0010691590  -1.1734209e-05  0.0020285042  -0.0097183722  0.044268530  -0.99890126  -0.0046343818  -0.0034251081  -8.2178699e-06  
0.0010753107  0.00049175422  -0.00058465750  0.0018617106  0.0055094827  0.0045422171  0.0045888093  -0.0044619910  0.99991968  -0.00095130118  -0.00048460080  0.0010753107  0.00049175422  -0.00058465750  0.0018617106  0.0055094827  0.0045422171  0.0045888093  -0.0044619910  0.99991968  -0.00095130118  -0.00048460080  
0.00056208948  0.0012830053  -0.0022927547  -0.00056616649  0.0012355837  0.0049029840  -0.00048822750  -0.0035151165  0.00092939856  0.99993451  0.0038885368  0.00056208948  0.0012830053  -0.0022927547  -0.00056616649  0.0012355837  0.0049029840  -0.00048822750  -0.0035151165  0.00092939856  0.99993451  0.0038885368  
0.00064288810  0.00089577062  3.8930938e-06  9.8144130e-05  0.00072603076  -0.00039269875  -0.00084685091  -3.0904093e-05  -0.00049587318  0.0038766357  -0.99992646  0.00064288810  0.00089577062  3.8930938e-06  9.8144130e-05  0.00072603076  -0.00039269875  -0.00084685091  -3.0904093e-05  -0.00049587318  0.0038766357  -0.99992646  
-0.99945011  -0.028176825  -0.0038367085  0.00016725700  0.00043973177  0.0026526815  0.0018091665  -0.0037478843  0.0011096118  0.00054565125  -0.00066196839  -0.99945011  -0.028176825  -0.0038367085  0.00016725700  0.00043973177  0.0026526815  0.0018091665  -0.0037478843  0.0011096118  0.00054565125  -0.00066196839  
0.028100413  -0.99948249  -0.0057182146  -0.0024403536  -0.0017796081  3.1646748e-05  -0.0019804164  0.0028511307  0.00046696286  0.0012499647  -0.00085928116  0.028100413  -0.99948249  -0.0057182146  -0.0024403536  -0.0017796081  3.1646748e-05  -0.0019804164  0.0028511307  0.00046696286  0.0012499647  -0.00085928116  
-0.0037682541  -0.0058059201  0.99988228  -0.00064404440  0.0029148227  -0.0023489407  0.0011402831  -0.0010180155  0.00056609681  0.0022963547  -2.4731910e-05  -0.0037682541  -0.0058059201  0.99988228  -0.00064404440  0.0029148227  -0.0023489407  0.0011402831  -0.0010180155  0.00056609681  0.0022963547  -2.4731910e-05  
0.00028220404  -0.0024315159  0.00062856861  0.99992808  0.0026854730  0.0028290450  -0.0017348181  -9.2652223e-05  -0.0018651784  0.00056712517  7.7680849e-05  0.00028220404  -0.0024315159  0.00062856861  0.99992808  0.0026854730  0.0028290450  -0.0017348181  -9.2652223e-05  -0.0018651784  0.00056712517  7.7680849e-05  
-0.00054714954  0.0017424520  0.0028682126  0.0026958393  -0.99992638  -0.00096980155  -0.0015152324  -0.0021759947  0.0054838613  0.0012334882  -0.00073138886  -0.00054714954  0.0017424520  0.0028682126  0.0026958393  -0.99992638  -0.00096980155  -0.0015152324  -0.0021759947  0.0054838613  0.0012334882  -0.00073138886  
0.0027325511  -3.4157269e-05  0.0022832451  -0.0027575350  -0.0010512195  0.99872168  0.047781214  -0.0075379928  -0.0047917260  -0.0048970357  -0.00043115931  0.0027325511  -3.4157269e-05  0.0022832451  -0.0027575350  -0.0010512195  0.99872168  0.047781214  -0.0075379928  -0.0047917260  -0.0048970357  -0.00043115931  
0.0015471557  -0.0017848804  -0.0012217259  0.0018849607  -0.0015918674  -0.047391935  0.99776206  0.044709272  -0.0041801376  0.00088879726  -0.00084546770  0.0015471557  -0.0017848804  -0.0012217259  0.0018849607  -0.0015918674  -0.047391935  0.99776206  0.044709272  -0.0041801376  0.00088879726  -0.00084546770  
0.0038651290  -0.0028254319  -0.0010691590  -1.1734209e-05  0.0020285042  -0.0097183722  0.044268530  -0.99890126  -0.0046343818  -0.0034251081  -8.2178699e-06  0.0038651290  -0.0028254319  -0.0010691590  -1.1734209e-05  0.0020285042  -0.0097183722  0.044268530  -0.99890126  -0.0046343818  -0.0034251081  -8.2178699e-06  
0.0010753107  0.00049175422  -0.00058465750  0.0018617106  0.0055094827  0.0045422171  0.0045888093  -0.0044619910  0.99991968  -0.00095130118  -0.00048460080  0.0010753107  0.00049175422  -0.00058465750  0.0018617106  0.0055094827  0.0045422171  0.0045888093  -0.0044619910  0.99991968  -0.00095130118  -0.00048460080  
0.00056208948  0.0012830053  -0.0022927547  -0.00056616649  0.0012355837  0.0049029840  -0.00048822750  -0.0035151165  0.00092939856  0.99993451  0.0038885368  0.00056208948  0.0012830053  -0.0022927547  -0.00056616649  0.0012355837  0.0049029840  -0.00048822750  -0.0035151165  0.00092939856  0.99993451  0.0038885368  
0.00064288810  0.00089577062  3.8930938e-06  9.8144130e-05  0.00072603076  -0.00039269875  -0.00084685091  -3.0904093e-05  -0.00049587318  0.0038766357  -0.99992646  0.00064288810  0.00089577062  3.8930938e-06  9.8144130e-05  0.00072603076  -0.00039269875  -0.00084685091  -3.0904093e-05  -0.00049587318  0.0038766357  -0.99992646  
