-0.99975099  0.0044478421  0.0025169318  -0.0035902849  0.00037484673  -0.00027499720  0.0028957883  0.00042703721  -0.00064298473  0.00028110301  -0.0010960812  -0.99975099  0.0044478421  0.0025169318  -0.0035902849  0.00037484673  -0.00027499720  0.0028957883  0.00042703721  -0.00064298473  0.00028110301  -0.0010960812  
-0.0045328016  -0.99982741  0.0015232797  -0.00031696100  0.0021195673  0.0057507164  0.0043763859  0.00089558940  -0.00015490858  -0.0021622941  -0.00011047264  -0.0045328016  -0.99982741  0.0015232797  -0.00031696100  0.0021195673  0.0057507164  0.0043763859  0.00089558940  -0.00015490858  -0.0021622941  -0.00011047264  
0.0028025821  0.0015586832  0.99623210  -0.082684728  0.0097239985  -0.00023402050  0.0019393637  -0.0024061225  0.0038786302  -0.0025810189  0.00064197830  0.0028025821  0.0015586832  0.99623210  -0.082684728  0.0097239985  -0.00023402050  0.0019393637  -0.0024061225  0.0038786302  -0.0025810189  0.00064197830  
-0.0034680053  -0.00024813663  0.082746509  0.99626530  -0.00072930734  0.0025475306  -0.00020620550  0.00076433879  -0.0024865826  -0.0016067451  0.00050103809  -0.0034680053  -0.00024813663  0.082746509  0.99626530  -0.00072930734  0.0025475306  -0.00020620550  0.00076433879  -0.0024865826  -0.0016067451  0.00050103809  
-0.00046643120  -0.0020898041  0.0097856210  -0.0014489061  -0.99980703  -0.00043557423  -0.0027349561  0.0016385809  -0.0028278493  0.0079682136  0.0035807849  -0.00046643120  -0.0020898041  0.0097856210  -0.0014489061  -0.99980703  -0.00043557423  -0.0027349561  0.0016385809  -0.0028278493  0.0079682136  0.0035807849  
-0.00051059692  0.0052282503  0.00014313586  -0.0025145345  -0.00021118014  0.99460118  -0.099314357  -0.023707981  -0.00093914342  0.00027406117  0.00048481748  -0.00051059692  0.0052282503  0.00014313586  -0.0025145345  -0.00021118014  0.99460118  -0.099314357  -0.023707981  -0.00093914342  0.00027406117  0.00048481748  
-0.0028850306  -0.0048843069  0.0018774889  -0.00011215514  0.0028000107  -0.099449250  -0.99493455  -0.0065452420  -0.0023490442  0.0014398163  0.00020009871  -0.0028850306  -0.0048843069  0.0018774889  -0.00011215514  0.0028000107  -0.099449250  -0.99493455  -0.0065452420  -0.0023490442  0.0014398163  0.00020009871  
0.00049011235  0.00093617496  0.0022572126  -0.0010529083  0.0015591566  0.022934695  -0.0088720758  0.99960043  0.0043611320  -0.0024351770  0.0025059389  0.00049011235  0.00093617496  0.0022572126  -0.0010529083  0.0015591566  0.022934695  -0.0088720758  0.99960043  0.0043611320  -0.0024351770  0.0025059389  
0.00066224740  0.00015972604  0.0036264470  -0.0027673907  0.0029708075  -0.00063169544  0.0024118165  0.0043371996  -0.99987886  0.0065381696  0.0079840983  0.00066224740  0.00015972604  0.0036264470  -0.0027673907  0.0029708075  -0.00063169544  0.0024118165  0.0043371996  -0.99987886  0.0065381696  0.0079840983  
-0.00022235269  0.0021728328  -0.0026475472  -0.0014591578  -0.0081042405  5.5163355e-05  -0.0014548097  -0.0024335304  -0.0066384523  -0.99985158  -0.0046357862  -0.00022235269  0.0021728328  -0.0026475472  -0.0014591578  -0.0081042405  5.5163355e-05  -0.0014548097  -0.0024335304  -0.0066384523  -0.99985158  -0.0046357862  
-0.0010953604  -0.00010797219  -0.00063986497  -0.00048964987  0.0035618140  -0.00049181019  0.00025987375  -0.0025137760  0.0079371162  -0.0047450149  0.99981330  -0.0010953604  -0.00010797219  -0.00063986497  -0.00048964987  0.0035618140  -0.00049181019  0.00025987375  -0.0025137760  0.0079371162  -0.0047450149  0.99981330  
-0.99975099  0.0044478421  0.0025169318  -0.0035902849  0.00037484673  -0.00027499720  0.0028957883  0.00042703721  -0.00064298473  0.00028110301  -0.0010960812  -0.99975099  0.0044478421  0.0025169318  -0.0035902849  0.00037484673  -0.00027499720  0.0028957883  0.00042703721  -0.00064298473  0.00028110301  -0.0010960812  
-0.0045328016  -0.99982741  0.0015232797  -0.00031696100  0.0021195673  0.0057507164  0.0043763859  0.00089558940  -0.00015490858  -0.0021622941  -0.00011047264  -0.0045328016  -0.99982741  0.0015232797  -0.00031696100  0.0021195673  0.0057507164  0.0043763859  0.00089558940  -0.00015490858  -0.0021622941  -0.00011047264  
0.0028025821  0.0015586832  0.99623210  -0.082684728  0.0097239985  -0.00023402050  0.0019393637  -0.0024061225  0.0038786302  -0.0025810189  0.00064197830  0.0028025821  0.0015586832  0.99623210  -0.082684728  0.0097239985  -0.00023402050  0.0019393637  -0.0024061225  0.0038786302  -0.0025810189  0.00064197830  
-0.0034680053  -0.00024813663  0.082746509  0.99626530  -0.00072930734  0.0025475306  -0.00020620550  0.00076433879  -0.0024865826  -0.0016067451  0.00050103809  -0.0034680053  -0.00024813663  0.082746509  0.99626530  -0.00072930734  0.0025475306  -0.00020620550  0.00076433879  -0.0024865826  -0.0016067451  0.00050103809  
-0.00046643120  -0.0020898041  0.0097856210  -0.0014489061  -0.99980703  -0.00043557423  -0.0027349561  0.0016385809  -0.0028278493  0.0079682136  0.0035807849  -0.00046643120  -0.0020898041  0.0097856210  -0.0014489061  -0.99980703  -0.00043557423  -0.0027349561  0.0016385809  -0.0028278493  0.0079682136  0.0035807849  
-0.00051059692  0.0052282503  0.00014313586  -0.0025145345  -0.00021118014  0.99460118  -0.099314357  -0.023707981  -0.00093914342  0.00027406117  0.00048481748  -0.00051059692  0.0052282503  0.00014313586  -0.0025145345  -0.00021118014  0.99460118  -0.099314357  -0.023707981  -0.00093914342  0.00027406117  0.00048481748  
-0.0028850306  -0.0048843069  0.0018774889  -0.00011215514  0.0028000107  -0.099449250  -0.99493455  -0.0065452420  -0.0023490442  0.0014398163  0.00020009871  -0.0028850306  -0.0048843069  0.0018774889  -0.00011215514  0.0028000107  -0.099449250  -0.99493455  -0.0065452420  -0.0023490442  0.0014398163  0.00020009871  
0.00049011235  0.00093617496  0.0022572126  -0.0010529083  0.0015591566  0.022934695  -0.0088720758  0.99960043  0.0043611320  -0.0024351770  0.0025059389  0.00049011235  0.00093617496  0.0022572126  -0.0010529083  0.0015591566  0.022934695  -0.0088720758  0.99960043  0.0043611320  -0.0024351770  0.0025059389  
0.00066224740  0.00015972604  0.0036264470  -0.0027673907  0.0029708075  -0.00063169544  0.0024118165  0.0043371996  -0.99987886  0.0065381696  0.0079840983  0.00066224740  0.00015972604  0.0036264470  -0.0027673907  0.0029708075  -0.00063169544  0.0024118165  0.0043371996  -0.99987886  0.0065381696  0.0079840983  
-0.00022235269  0.0021728328  -0.0026475472  -0.0014591578  -0.0081042405  5.5163355e-05  -0.0014548097  -0.0024335304  -0.0066384523  -0.99985158  -0.0046357862  -0.00022235269  0.0021728328  -0.0026475472  -0.0014591578  -0.0081042405  5.5163355e-05  -0.0014548097  -0.0024335304  -0.0066384523  -0.99985158  -0.0046357862  
-0.0010953604  -0.00010797219  -0.00063986497  -0.00048964987  0.0035618140  -0.00049181019  0.00025987375  -0.0025137760  0.0079371162  -0.0047450149  0.99981330  -0.0010953604  -0.00010797219  -0.00063986497  -0.00048964987  0.0035618140  -0.00049181019  0.00025987375  -0.0025137760  0.0079371162  -0.0047450149  0.99981330  
