-9.2040718e-19  3.7786140e-18  1.0366836e-17  4.4536992e-18  -7.8206552e-18  1.2841019e-17  -1.4989942e-17  4.3302018e-17  -9.3851251e-19  -4.0901103e-18  4.1114979e-18  -9.2040718e-19  3.7786140e-18  1.0366836e-17  4.4536992e-18  -7.8206552e-18  1.2841019e-17  -1.4989942e-17  4.3302018e-17  -9.3851251e-19  -4.0901103e-18  4.1114979e-18  
3.0048494e-18  3.2556770e-18  4.3471848e-18  5.0125292e-18  9.4239893e-18  4.3988539e-18  3.6782406e-19  3.1780094e-17  -2.8675242e-18  -2.6930857e-17  -1.6284738e-17  3.0048494e-18  3.2556770e-18  4.3471848e-18  5.0125292e-18  9.4239893e-18  4.3988539e-18  3.6782406e-19  3.1780094e-17  -2.8675242e-18  -2.6930857e-17  -1.6284738e-17  
-7.8181141e-19  -6.2002812e-19  -1.7485407e-18  -4.5837188e-18  2.4908804e-17  8.8658939e-18  1.4242012e-17  6.8260268e-18  2.3594738e-17  3.4068936e-17  7.3492814e-18  -7.8181141e-19  -6.2002812e-19  -1.7485407e-18  -4.5837188e-18  2.4908804e-17  8.8658939e-18  1.4242012e-17  6.8260268e-18  2.3594738e-17  3.4068936e-17  7.3492814e-18  
-2.6956824e-18  3.2392657e-18  1.2738740e-17  3.0532626e-18  2.0403330e-17  1.7813103e-18  -3.3745793e-18  -1.1909283e-17  1.1904836e-17  6.0758732e-18  2.5405906e-17  -2.6956824e-18  3.2392657e-18  1.2738740e-17  3.0532626e-18  2.0403330e-17  1.7813103e-18  -3.3745793e-18  -1.1909283e-17  1.1904836e-17  6.0758732e-18  2.5405906e-17  
-2.4938768e-18  -8.5684794e-18  -2.5536985e-18  1.0073339e-17  4.4769505e-18  9.8984270e-18  4.4093359e-19  3.4483294e-17  1.6365206e-18  3.1301798e-17  1.9720515e-18  -2.4938768e-18  -8.5684794e-18  -2.5536985e-18  1.0073339e-17  4.4769505e-18  9.8984270e-18  4.4093359e-19  3.4483294e-17  1.6365206e-18  3.1301798e-17  1.9720515e-18  
-4.2812433e-17  1.6960882e-17  4.6197177e-18  -5.0068118e-18  4.6586812e-18  3.4978226e-18  2.7901265e-18  9.8545931e-18  4.6254352e-18  2.4909810e-17  1.1518378e-17  -4.2812433e-17  1.6960882e-17  4.6197177e-18  -5.0068118e-18  4.6586812e-18  3.4978226e-18  2.7901265e-18  9.8545931e-18  4.6254352e-18  2.4909810e-17  1.1518378e-17  
-4.3580692e-17  -2.8997114e-17  -1.4111569e-18  4.5112975e-18  -3.5243453e-18  -2.0752307e-19  -7.6767655e-19  -4.0087952e-18  -6.0770379e-18  -2.4944062e-17  -3.9615731e-18  -4.3580692e-17  -2.8997114e-17  -1.4111569e-18  4.5112975e-18  -3.5243453e-18  -2.0752307e-19  -7.6767655e-19  -4.0087952e-18  -6.0770379e-18  -2.4944062e-17  -3.9615731e-18  
7.7342578e-18  -1.9280270e-17  -5.7540007e-18  6.1124015e-19  3.6304097e-17  -2.2644155e-17  1.1782228e-17  3.6804111e-18  1.4439635e-17  -2.8098042e-17  -1.5532573e-17  7.7342578e-18  -1.9280270e-17  -5.7540007e-18  6.1124015e-19  3.6304097e-17  -2.2644155e-17  1.1782228e-17  3.6804111e-18  1.4439635e-17  -2.8098042e-17  -1.5532573e-17  
1.8161233e-17  2.0241970e-18  1.9993789e-17  -7.1019477e-18  2.1438457e-17  -7.2453081e-18  3.0035788e-18  8.2141020e-18  5.0103058e-18  -7.9663925e-17  4.0278365e-16  1.8161233e-17  2.0241970e-18  1.9993789e-17  -7.1019477e-18  2.1438457e-17  -7.2453081e-18  3.0035788e-18  8.2141020e-18  5.0103058e-18  -7.9663925e-17  4.0278365e-16  
1.0548525e-17  -3.0359249e-18  -1.6727842e-17  6.2521619e-18  -5.1993318e-17  2.1936989e-17  -2.7316177e-17  -6.5355474e-18  4.4846371e-17  1.8137424e-18  2.2949479e-16  1.0548525e-17  -3.0359249e-18  -1.6727842e-17  6.2521619e-18  -5.1993318e-17  2.1936989e-17  -2.7316177e-17  -6.5355474e-18  4.4846371e-17  1.8137424e-18  2.2949479e-16  
-8.9192569e-19  2.4644953e-17  -1.2353129e-17  -1.0732754e-17  9.1061733e-18  -3.2497690e-17  -1.7586522e-18  1.4870299e-17  -4.2385635e-16  -1.8110528e-16  3.5243453e-18  -8.9192569e-19  2.4644953e-17  -1.2353129e-17  -1.0732754e-17  9.1061733e-18  -3.2497690e-17  -1.7586522e-18  1.4870299e-17  -4.2385635e-16  -1.8110528e-16  3.5243453e-18  
-9.2040718e-19  3.7786140e-18  1.0366836e-17  4.4536992e-18  -7.8206552e-18  1.2841019e-17  -1.4989942e-17  4.3302018e-17  -9.3851251e-19  -4.0901103e-18  4.1114979e-18  -9.2040718e-19  3.7786140e-18  1.0366836e-17  4.4536992e-18  -7.8206552e-18  1.2841019e-17  -1.4989942e-17  4.3302018e-17  -9.3851251e-19  -4.0901103e-18  4.1114979e-18  
3.0048494e-18  3.2556770e-18  4.3471848e-18  5.0125292e-18  9.4239893e-18  4.3988539e-18  3.6782406e-19  3.1780094e-17  -2.8675242e-18  -2.6930857e-17  -1.6284738e-17  3.0048494e-18  3.2556770e-18  4.3471848e-18  5.0125292e-18  9.4239893e-18  4.3988539e-18  3.6782406e-19  3.1780094e-17  -2.8675242e-18  -2.6930857e-17  -1.6284738e-17  
-7.8181141e-19  -6.2002812e-19  -1.7485407e-18  -4.5837188e-18  2.4908804e-17  8.8658939e-18  1.4242012e-17  6.8260268e-18  2.3594738e-17  3.4068936e-17  7.3492814e-18  -7.8181141e-19  -6.2002812e-19  -1.7485407e-18  -4.5837188e-18  2.4908804e-17  8.8658939e-18  1.4242012e-17  6.8260268e-18  2.3594738e-17  3.4068936e-17  7.3492814e-18  
-2.6956824e-18  3.2392657e-18  1.2738740e-17  3.0532626e-18  2.0403330e-17  1.7813103e-18  -3.3745793e-18  -1.1909283e-17  1.1904836e-17  6.0758732e-18  2.5405906e-17  -2.6956824e-18  3.2392657e-18  1.2738740e-17  3.0532626e-18  2.0403330e-17  1.7813103e-18  -3.3745793e-18  -1.1909283e-17  1.1904836e-17  6.0758732e-18  2.5405906e-17  
-2.4938768e-18  -8.5684794e-18  -2.5536985e-18  1.0073339e-17  4.4769505e-18  9.8984270e-18  4.4093359e-19  3.4483294e-17  1.6365206e-18  3.1301798e-17  1.9720515e-18  -2.4938768e-18  -8.5684794e-18  -2.5536985e-18  1.0073339e-17  4.4769505e-18  9.8984270e-18  4.4093359e-19  3.4483294e-17  1.6365206e-18  3.1301798e-17  1.9720515e-18  
-4.2812433e-17  1.6960882e-17  4.6197177e-18  -5.0068118e-18  4.6586812e-18  3.4978226e-18  2.7901265e-18  9.8545931e-18  4.6254352e-18  2.4909810e-17  1.1518378e-17  -4.2812433e-17  1.6960882e-17  4.6197177e-18  -5.0068118e-18  4.6586812e-18  3.4978226e-18  2.7901265e-18  9.8545931e-18  4.6254352e-18  2.4909810e-17  1.1518378e-17  
-4.3580692e-17  -2.8997114e-17  -1.4111569e-18  4.5112975e-18  -3.5243453e-18  -2.0752307e-19  -7.6767655e-19  -4.0087952e-18  -6.0770379e-18  -2.4944062e-17  -3.9615731e-18  -4.3580692e-17  -2.8997114e-17  -1.4111569e-18  4.5112975e-18  -3.5243453e-18  -2.0752307e-19  -7.6767655e-19  -4.0087952e-18  -6.0770379e-18  -2.4944062e-17  -3.9615731e-18  
7.7342578e-18  -1.9280270e-17  -5.7540007e-18  6.1124015e-19  3.6304097e-17  -2.2644155e-17  1.1782228e-17  3.6804111e-18  1.4439635e-17  -2.8098042e-17  -1.5532573e-17  7.7342578e-18  -1.9280270e-17  -5.7540007e-18  6.1124015e-19  3.6304097e-17  -2.2644155e-17  1.1782228e-17  3.6804111e-18  1.4439635e-17  -2.8098042e-17  -1.5532573e-17  
1.8161233e-17  2.0241970e-18  1.9993789e-17  -7.1019477e-18  2.1438457e-17  -7.2453081e-18  3.0035788e-18  8.2141020e-18  5.0103058e-18  -7.9663925e-17  4.0278365e-16  1.8161233e-17  2.0241970e-18  1.9993789e-17  -7.1019477e-18  2.1438457e-17  -7.2453081e-18  3.0035788e-18  8.2141020e-18  5.0103058e-18  -7.9663925e-17  4.0278365e-16  
1.0548525e-17  -3.0359249e-18  -1.6727842e-17  6.2521619e-18  -5.1993318e-17  2.1936989e-17  -2.7316177e-17  -6.5355474e-18  4.4846371e-17  1.8137424e-18  2.2949479e-16  1.0548525e-17  -3.0359249e-18  -1.6727842e-17  6.2521619e-18  -5.1993318e-17  2.1936989e-17  -2.7316177e-17  -6.5355474e-18  4.4846371e-17  1.8137424e-18  2.2949479e-16  
-8.9192569e-19  2.4644953e-17  -1.2353129e-17  -1.0732754e-17  9.1061733e-18  -3.2497690e-17  -1.7586522e-18  1.4870299e-17  -4.2385635e-16  -1.8110528e-16  3.5243453e-18  -8.9192569e-19  2.4644953e-17  -1.2353129e-17  -1.0732754e-17  9.1061733e-18  -3.2497690e-17  -1.7586522e-18  1.4870299e-17  -4.2385635e-16  -1.8110528e-16  3.5243453e-18  
