4.0318768e-19  1.1238433e-17  -8.1594684e-18  -1.4352126e-17  1.6383735e-18  -8.6583708e-18  9.1208508e-18  -4.0250582e-17  1.1943165e-18  -8.9009398e-18  1.0008118e-17  4.0318768e-19  1.1238433e-17  -8.1594684e-18  -1.4352126e-17  1.6383735e-18  -8.6583708e-18  9.1208508e-18  -4.0250582e-17  1.1943165e-18  -8.9009398e-18  1.0008118e-17  
2.4530921e-17  -5.8369834e-19  -6.8537671e-18  -7.3657985e-18  7.2288968e-18  9.0022662e-18  -9.2542585e-18  9.6345763e-18  -1.1977046e-18  -8.1144698e-18  4.3795839e-18  2.4530921e-17  -5.8369834e-19  -6.8537671e-18  -7.3657985e-18  7.2288968e-18  9.0022662e-18  -9.2542585e-18  9.6345763e-18  -1.1977046e-18  -8.1144698e-18  4.3795839e-18  
-8.3322631e-18  1.6618786e-18  2.6590482e-18  4.3151246e-17  2.2740188e-17  -6.7593229e-19  8.4745646e-19  -1.9833276e-18  7.8350548e-18  3.5260446e-17  -2.5671451e-18  -8.3322631e-18  1.6618786e-18  2.6590482e-18  4.3151246e-17  2.2740188e-17  -6.7593229e-19  8.4745646e-19  -1.9833276e-18  7.8350548e-18  3.5260446e-17  -2.5671451e-18  
-6.9160240e-18  -8.2204548e-19  1.7737293e-17  3.1148578e-18  -3.1744677e-18  3.0137432e-18  2.9190873e-17  -3.6240305e-18  1.8695288e-17  -8.9721436e-18  2.4486875e-17  -6.9160240e-18  -8.2204548e-19  1.7737293e-17  3.1148578e-18  -3.1744677e-18  3.0137432e-18  2.9190873e-17  -3.6240305e-18  1.8695288e-17  -8.9721436e-18  2.4486875e-17  
2.9176050e-18  -8.9981369e-19  -3.0225312e-18  2.9269223e-18  2.2187085e-18  -5.5035436e-18  -3.0695415e-18  -1.0482509e-17  -4.3530082e-18  -9.5398144e-18  -1.6712754e-18  2.9176050e-18  -8.9981369e-19  -3.0225312e-18  2.9269223e-18  2.2187085e-18  -5.5035436e-18  -3.0695415e-18  -1.0482509e-17  -4.3530082e-18  -9.5398144e-18  -1.6712754e-18  
2.2632720e-18  2.9057465e-18  2.5156879e-19  1.3522881e-17  7.6807359e-18  1.9515110e-18  1.1144412e-17  -3.6718878e-19  -3.6015841e-18  -6.6032571e-18  -5.4504453e-18  2.2632720e-18  2.9057465e-18  2.5156879e-19  1.3522881e-17  7.6807359e-18  1.9515110e-18  1.1144412e-17  -3.6718878e-19  -3.6015841e-18  -6.6032571e-18  -5.4504453e-18  
1.2027021e-17  9.1479558e-20  2.7909736e-19  2.5358896e-17  -8.3686855e-19  2.0091622e-18  1.5989864e-18  -1.3443472e-17  8.1351162e-18  -3.8698699e-17  4.4098229e-17  1.2027021e-17  9.1479558e-20  2.7909736e-19  2.5358896e-17  -8.3686855e-19  2.0091622e-18  1.5989864e-18  -1.3443472e-17  8.1351162e-18  -3.8698699e-17  4.4098229e-17  
2.0580783e-18  -1.5334261e-17  -7.6317669e-18  1.1493390e-17  -2.4016719e-17  -1.0778494e-18  2.8129964e-18  2.5695803e-18  4.9091912e-18  -1.2787990e-16  1.4795866e-17  2.0580783e-18  -1.5334261e-17  -7.6317669e-18  1.1493390e-17  -2.4016719e-17  -1.0778494e-18  2.8129964e-18  2.5695803e-18  4.9091912e-18  -1.2787990e-16  1.4795866e-17  
-3.4863876e-18  -3.9954544e-18  -2.2302801e-17  -1.1037051e-17  4.7654603e-18  -1.0185571e-17  3.4601296e-19  -4.6474580e-18  -2.2373317e-18  -2.8851636e-17  -1.9482054e-16  -3.4863876e-18  -3.9954544e-18  -2.2302801e-17  -1.1037051e-17  4.7654603e-18  -1.0185571e-17  3.4601296e-19  -4.6474580e-18  -2.2373317e-18  -2.8851636e-17  -1.9482054e-16  
8.0124023e-18  -6.2459151e-18  1.9606060e-17  -5.5749326e-18  7.5814743e-18  -4.4677812e-18  7.0991340e-17  2.3244490e-17  -4.0714306e-17  1.1139527e-17  3.5012372e-18  8.0124023e-18  -6.2459151e-18  1.9606060e-17  -5.5749326e-18  7.5814743e-18  -4.4677812e-18  7.0991340e-17  2.3244490e-17  -4.0714306e-17  1.1139527e-17  3.5012372e-18  
-1.6235081e-17  -5.2477926e-18  -2.3504105e-17  -3.4041195e-17  1.0348625e-18  -8.6522298e-18  -2.9752032e-18  -4.6250752e-17  5.5239254e-17  -1.9007737e-17  3.7319742e-19  -1.6235081e-17  -5.2477926e-18  -2.3504105e-17  -3.4041195e-17  1.0348625e-18  -8.6522298e-18  -2.9752032e-18  -4.6250752e-17  5.5239254e-17  -1.9007737e-17  3.7319742e-19  
4.0318768e-19  1.1238433e-17  -8.1594684e-18  -1.4352126e-17  1.6383735e-18  -8.6583708e-18  9.1208508e-18  -4.0250582e-17  1.1943165e-18  -8.9009398e-18  1.0008118e-17  4.0318768e-19  1.1238433e-17  -8.1594684e-18  -1.4352126e-17  1.6383735e-18  -8.6583708e-18  9.1208508e-18  -4.0250582e-17  1.1943165e-18  -8.9009398e-18  1.0008118e-17  
2.4530921e-17  -5.8369834e-19  -6.8537671e-18  -7.3657985e-18  7.2288968e-18  9.0022662e-18  -9.2542585e-18  9.6345763e-18  -1.1977046e-18  -8.1144698e-18  4.3795839e-18  2.4530921e-17  -5.8369834e-19  -6.8537671e-18  -7.3657985e-18  7.2288968e-18  9.0022662e-18  -9.2542585e-18  9.6345763e-18  -1.1977046e-18  -8.1144698e-18  4.3795839e-18  
-8.3322631e-18  1.6618786e-18  2.6590482e-18  4.3151246e-17  2.2740188e-17  -6.7593229e-19  8.4745646e-19  -1.9833276e-18  7.8350548e-18  3.5260446e-17  -2.5671451e-18  -8.3322631e-18  1.6618786e-18  2.6590482e-18  4.3151246e-17  2.2740188e-17  -6.7593229e-19  8.4745646e-19  -1.9833276e-18  7.8350548e-18  3.5260446e-17  -2.5671451e-18  
-6.9160240e-18  -8.2204548e-19  1.7737293e-17  3.1148578e-18  -3.1744677e-18  3.0137432e-18  2.9190873e-17  -3.6240305e-18  1.8695288e-17  -8.9721436e-18  2.4486875e-17  -6.9160240e-18  -8.2204548e-19  1.7737293e-17  3.1148578e-18  -3.1744677e-18  3.0137432e-18  2.9190873e-17  -3.6240305e-18  1.8695288e-17  -8.9721436e-18  2.4486875e-17  
2.9176050e-18  -8.9981369e-19  -3.0225312e-18  2.9269223e-18  2.2187085e-18  -5.5035436e-18  -3.0695415e-18  -1.0482509e-17  -4.3530082e-18  -9.5398144e-18  -1.6712754e-18  2.9176050e-18  -8.9981369e-19  -3.0225312e-18  2.9269223e-18  2.2187085e-18  -5.5035436e-18  -3.0695415e-18  -1.0482509e-17  -4.3530082e-18  -9.5398144e-18  -1.6712754e-18  
2.2632720e-18  2.9057465e-18  2.5156879e-19  1.3522881e-17  7.6807359e-18  1.9515110e-18  1.1144412e-17  -3.6718878e-19  -3.6015841e-18  -6.6032571e-18  -5.4504453e-18  2.2632720e-18  2.9057465e-18  2.5156879e-19  1.3522881e-17  7.6807359e-18  1.9515110e-18  1.1144412e-17  -3.6718878e-19  -3.6015841e-18  -6.6032571e-18  -5.4504453e-18  
1.2027021e-17  9.1479558e-20  2.7909736e-19  2.5358896e-17  -8.3686855e-19  2.0091622e-18  1.5989864e-18  -1.3443472e-17  8.1351162e-18  -3.8698699e-17  4.4098229e-17  1.2027021e-17  9.1479558e-20  2.7909736e-19  2.5358896e-17  -8.3686855e-19  2.0091622e-18  1.5989864e-18  -1.3443472e-17  8.1351162e-18  -3.8698699e-17  4.4098229e-17  
2.0580783e-18  -1.5334261e-17  -7.6317669e-18  1.1493390e-17  -2.4016719e-17  -1.0778494e-18  2.8129964e-18  2.5695803e-18  4.9091912e-18  -1.2787990e-16  1.4795866e-17  2.0580783e-18  -1.5334261e-17  -7.6317669e-18  1.1493390e-17  -2.4016719e-17  -1.0778494e-18  2.8129964e-18  2.5695803e-18  4.9091912e-18  -1.2787990e-16  1.4795866e-17  
-3.4863876e-18  -3.9954544e-18  -2.2302801e-17  -1.1037051e-17  4.7654603e-18  -1.0185571e-17  3.4601296e-19  -4.6474580e-18  -2.2373317e-18  -2.8851636e-17  -1.9482054e-16  -3.4863876e-18  -3.9954544e-18  -2.2302801e-17  -1.1037051e-17  4.7654603e-18  -1.0185571e-17  3.4601296e-19  -4.6474580e-18  -2.2373317e-18  -2.8851636e-17  -1.9482054e-16  
8.0124023e-18  -6.2459151e-18  1.9606060e-17  -5.5749326e-18  7.5814743e-18  -4.4677812e-18  7.0991340e-17  2.3244490e-17  -4.0714306e-17  1.1139527e-17  3.5012372e-18  8.0124023e-18  -6.2459151e-18  1.9606060e-17  -5.5749326e-18  7.5814743e-18  -4.4677812e-18  7.0991340e-17  2.3244490e-17  -4.0714306e-17  1.1139527e-17  3.5012372e-18  
-1.6235081e-17  -5.2477926e-18  -2.3504105e-17  -3.4041195e-17  1.0348625e-18  -8.6522298e-18  -2.9752032e-18  -4.6250752e-17  5.5239254e-17  -1.9007737e-17  3.7319742e-19  -1.6235081e-17  -5.2477926e-18  -2.3504105e-17  -3.4041195e-17  1.0348625e-18  -8.6522298e-18  -2.9752032e-18  -4.6250752e-17  5.5239254e-17  -1.9007737e-17  3.7319742e-19  
