0.99980379  -0.0098738893  -0.0049449421  0.0032762741  -0.00017983109  0.00025837002  -0.0069079029  -0.00059333978  -0.00047354437  0.00018302637  -0.0014356995  0.99980379  -0.0098738893  -0.0049449421  0.0032762741  -0.00017983109  0.00025837002  -0.0069079029  -0.00059333978  -0.00047354437  0.00018302637  -0.0014356995  
0.0098485338  0.99983572  0.0023371721  -0.0036813725  -0.0020124485  0.0050315039  -0.0016714299  0.0020543270  -0.00018314275  -0.00097761327  0.00040865497  0.0098485338  0.99983572  0.0023371721  -0.0036813725  -0.0020124485  0.0050315039  -0.0016714299  0.0020543270  -0.00018314275  -0.00097761327  0.00040865497  
0.0049784348  -0.0023663095  0.99986018  0.0041729246  0.0067237937  -3.7193647e-05  0.00030326139  0.0016036180  -0.0022785782  -0.0028487718  -0.0015356930  0.0049784348  -0.0023663095  0.99986018  0.0041729246  0.0067237937  -3.7193647e-05  0.00030326139  0.0016036180  -0.0022785782  -0.0028487718  -0.0015356930  
-0.0032709635  0.0037334972  -0.0041454583  0.99989333  0.0018356222  0.0037850184  0.0021784637  0.0021060471  -0.0040066125  0.00062328379  8.1154737e-05  -0.0032709635  0.0037334972  -0.0041454583  0.99989333  0.0018356222  0.0037850184  0.0021784637  0.0021060471  -0.0040066125  0.00062328379  8.1154737e-05  
0.00020536487  0.0019772629  -0.0067291480  -0.0018344788  0.99988834  0.0026560283  -0.00086655304  0.00010787642  0.00088640671  0.00031041419  0.0027188969  0.00020536487  0.0019772629  -0.0067291480  -0.0018344788  0.99988834  0.0026560283  -0.00086655304  0.00010787642  0.00088640671  0.00031041419  0.0027188969  
0.00048141410  0.0051918584  1.3960772e-05  0.0037248480  0.0026551071  -0.99897324  0.030802116  -0.027158002  0.00068568621  0.0055499401  0.00032459871  0.00048141410  0.0051918584  1.3960772e-05  0.0037248480  0.0026551071  -0.99897324  0.030802116  -0.027158002  0.00068568621  0.0055499401  0.00032459871  
0.0069393131  0.0014346721  -0.00030271113  -0.0022246649  0.00074859675  0.030896767  0.99934502  -0.0038616287  0.0084465356  -0.0047194970  -0.0010134075  0.0069393131  0.0014346721  -0.00030271113  -0.0022246649  0.00074859675  0.030896767  0.99934502  -0.0038616287  0.0084465356  -0.0047194970  -0.0010134075  
0.00058471404  -0.0019184066  -0.0015774386  -0.0019713372  3.1171134e-05  -0.027081115  0.0045725653  0.99941706  0.013778099  -0.0086504838  0.0014526355  0.00058471404  -0.0019184066  -0.0015774386  -0.0019713372  3.1171134e-05  -0.027081115  0.0045725653  0.99941706  0.013778099  -0.0086504838  0.0014526355  
-0.00041874162  0.00018264230  -0.00099642456  -0.0039641340  0.00061754890  0.0014351861  0.0096324390  0.016084678  -0.92127016  0.38824142  0.0045547073  -0.00041874162  0.00018264230  -0.00099642456  -0.0039641340  0.00061754890  0.0014351861  0.0096324390  0.016084678  -0.92127016  0.38824142  0.0045547073  
1.4751340e-05  -0.00096212275  -0.0034783689  -0.00097953895  0.00057411995  -0.0053592711  -0.00087078732  -0.0028157031  -0.38824238  -0.92132692  0.015536082  1.4751340e-05  -0.00096212275  -0.0034783689  -0.00097953895  0.00057411995  -0.0053592711  -0.00087078732  -0.0028157031  -0.38824238  -0.92132692  0.015536082  
-0.0014577964  0.00041587614  -0.0014729375  4.4237542e-05  0.0027175954  -0.00046298669  -0.00097467626  0.0014714776  -0.010198479  -0.012551384  -0.99974513  -0.0014577964  0.00041587614  -0.0014729375  4.4237542e-05  0.0027175954  -0.00046298669  -0.00097467626  0.0014714776  -0.010198479  -0.012551384  -0.99974513  
0.99980379  -0.0098738893  -0.0049449421  0.0032762741  -0.00017983109  0.00025837002  -0.0069079029  -0.00059333978  -0.00047354437  0.00018302637  -0.0014356995  0.99980379  -0.0098738893  -0.0049449421  0.0032762741  -0.00017983109  0.00025837002  -0.0069079029  -0.00059333978  -0.00047354437  0.00018302637  -0.0014356995  
0.0098485338  0.99983572  0.0023371721  -0.0036813725  -0.0020124485  0.0050315039  -0.0016714299  0.0020543270  -0.00018314275  -0.00097761327  0.00040865497  0.0098485338  0.99983572  0.0023371721  -0.0036813725  -0.0020124485  0.0050315039  -0.0016714299  0.0020543270  -0.00018314275  -0.00097761327  0.00040865497  
0.0049784348  -0.0023663095  0.99986018  0.0041729246  0.0067237937  -3.7193647e-05  0.00030326139  0.0016036180  -0.0022785782  -0.0028487718  -0.0015356930  0.0049784348  -0.0023663095  0.99986018  0.0041729246  0.0067237937  -3.7193647e-05  0.00030326139  0.0016036180  -0.0022785782  -0.0028487718  -0.0015356930  
-0.0032709635  0.0037334972  -0.0041454583  0.99989333  0.0018356222  0.0037850184  0.0021784637  0.0021060471  -0.0040066125  0.00062328379  8.1154737e-05  -0.0032709635  0.0037334972  -0.0041454583  0.99989333  0.0018356222  0.0037850184  0.0021784637  0.0021060471  -0.0040066125  0.00062328379  8.1154737e-05  
0.00020536487  0.0019772629  -0.0067291480  -0.0018344788  0.99988834  0.0026560283  -0.00086655304  0.00010787642  0.00088640671  0.00031041419  0.0027188969  0.00020536487  0.0019772629  -0.0067291480  -0.0018344788  0.99988834  0.0026560283  -0.00086655304  0.00010787642  0.00088640671  0.00031041419  0.0027188969  
0.00048141410  0.0051918584  1.3960772e-05  0.0037248480  0.0026551071  -0.99897324  0.030802116  -0.027158002  0.00068568621  0.0055499401  0.00032459871  0.00048141410  0.0051918584  1.3960772e-05  0.0037248480  0.0026551071  -0.99897324  0.030802116  -0.027158002  0.00068568621  0.0055499401  0.00032459871  
0.0069393131  0.0014346721  -0.00030271113  -0.0022246649  0.00074859675  0.030896767  0.99934502  -0.0038616287  0.0084465356  -0.0047194970  -0.0010134075  0.0069393131  0.0014346721  -0.00030271113  -0.0022246649  0.00074859675  0.030896767  0.99934502  -0.0038616287  0.0084465356  -0.0047194970  -0.0010134075  
0.00058471404  -0.0019184066  -0.0015774386  -0.0019713372  3.1171134e-05  -0.027081115  0.0045725653  0.99941706  0.013778099  -0.0086504838  0.0014526355  0.00058471404  -0.0019184066  -0.0015774386  -0.0019713372  3.1171134e-05  -0.027081115  0.0045725653  0.99941706  0.013778099  -0.0086504838  0.0014526355  
-0.00041874162  0.00018264230  -0.00099642456  -0.0039641340  0.00061754890  0.0014351861  0.0096324390  0.016084678  -0.92127016  0.38824142  0.0045547073  -0.00041874162  0.00018264230  -0.00099642456  -0.0039641340  0.00061754890  0.0014351861  0.0096324390  0.016084678  -0.92127016  0.38824142  0.0045547073  
1.4751340e-05  -0.00096212275  -0.0034783689  -0.00097953895  0.00057411995  -0.0053592711  -0.00087078732  -0.0028157031  -0.38824238  -0.92132692  0.015536082  1.4751340e-05  -0.00096212275  -0.0034783689  -0.00097953895  0.00057411995  -0.0053592711  -0.00087078732  -0.0028157031  -0.38824238  -0.92132692  0.015536082  
-0.0014577964  0.00041587614  -0.0014729375  4.4237542e-05  0.0027175954  -0.00046298669  -0.00097467626  0.0014714776  -0.010198479  -0.012551384  -0.99974513  -0.0014577964  0.00041587614  -0.0014729375  4.4237542e-05  0.0027175954  -0.00046298669  -0.00097467626  0.0014714776  -0.010198479  -0.012551384  -0.99974513  
