5.3454132e-18  -1.4493581e-17  2.2183793e-18  -2.3886329e-19  -1.9715539e-17  9.0209009e-18  -4.0225595e-18  -5.7931971e-17  8.6355009e-18  -1.4774266e-17  -2.2264261e-18  5.3454132e-18  -1.4493581e-17  2.2183793e-18  -2.3886329e-19  -1.9715539e-17  9.0209009e-18  -4.0225595e-18  -5.7931971e-17  8.6355009e-18  -1.4774266e-17  -2.2264261e-18  
-2.2005069e-17  -2.7970351e-18  1.3188727e-17  2.3871506e-18  -9.0812520e-19  -4.9176615e-18  7.9966263e-18  4.1661316e-18  2.8421873e-17  1.6526963e-17  5.3958116e-18  -2.2005069e-17  -2.7970351e-18  1.3188727e-17  2.3871506e-18  -9.0812520e-19  -4.9176615e-18  7.9966263e-18  4.1661316e-18  2.8421873e-17  1.6526963e-17  5.3958116e-18  
-1.3755815e-18  -6.8753664e-18  -2.4602601e-18  -4.7804422e-18  3.0037906e-18  -3.1983964e-18  -9.0251361e-18  -7.8503014e-18  -2.2791963e-17  8.5558798e-18  -1.1712772e-17  -1.3755815e-18  -6.8753664e-18  -2.4602601e-18  -4.7804422e-18  3.0037906e-18  -3.1983964e-18  -9.0251361e-18  -7.8503014e-18  -2.2791963e-17  8.5558798e-18  -1.1712772e-17  
7.8918060e-18  -7.1404877e-19  -5.2248804e-17  2.2708424e-18  8.1194461e-18  -9.7984771e-18  8.5834084e-18  5.2727801e-18  -2.5836622e-18  -1.6621804e-17  1.8989632e-17  7.8918060e-18  -7.1404877e-19  -5.2248804e-17  2.2708424e-18  8.1194461e-18  -9.7984771e-18  8.5834084e-18  5.2727801e-18  -2.5836622e-18  -1.6621804e-17  1.8989632e-17  
1.1067756e-17  1.9670223e-18  -1.0180807e-17  1.1504190e-17  -1.0059046e-18  -5.6740620e-19  1.4364091e-18  -9.3232917e-18  -2.0751725e-17  5.6618442e-17  -2.8033945e-17  1.1067756e-17  1.9670223e-18  -1.0180807e-17  1.1504190e-17  -1.0059046e-18  -5.6740620e-19  1.4364091e-18  -9.3232917e-18  -2.0751725e-17  5.6618442e-17  -2.8033945e-17  
6.5882223e-18  -7.4858654e-18  2.9332751e-18  -1.9075182e-18  1.2532911e-18  -5.3130142e-19  -1.5665874e-17  5.4087289e-18  3.5829494e-19  1.0655622e-17  -1.5734908e-17  6.5882223e-18  -7.4858654e-18  2.9332751e-18  -1.9075182e-18  1.2532911e-18  -5.3130142e-19  -1.5665874e-17  5.4087289e-18  3.5829494e-19  1.0655622e-17  -1.5734908e-17  
-1.3329757e-17  3.1450333e-18  2.2692013e-18  6.2951489e-18  -3.2829938e-18  -1.2620791e-19  -1.9070947e-18  3.8755993e-18  -4.3939834e-18  -1.5613623e-17  -4.3681489e-18  -1.3329757e-17  3.1450333e-18  2.2692013e-18  6.2951489e-18  -3.2829938e-18  -1.2620791e-19  -1.9070947e-18  3.8755993e-18  -4.3939834e-18  -1.5613623e-17  -4.3681489e-18  
1.1094438e-17  -3.4317540e-18  3.1035287e-18  3.7951311e-18  2.9155403e-17  -1.7520877e-18  1.4196272e-17  -8.2585712e-19  6.9302118e-18  2.0848287e-17  -1.4438735e-17  1.1094438e-17  -3.4317540e-18  3.1035287e-18  3.7951311e-18  2.9155403e-17  -1.7520877e-18  1.4196272e-17  -8.2585712e-19  6.9302118e-18  2.0848287e-17  -1.4438735e-17  
2.0898844e-17  2.4893134e-17  -3.7871690e-17  -9.9348494e-18  5.4457336e-18  -1.6250327e-18  3.5253511e-18  1.9227648e-18  5.9374363e-19  4.6886794e-17  -2.7066959e-16  2.0898844e-17  2.4893134e-17  -3.7871690e-17  -9.9348494e-18  5.4457336e-18  -1.6250327e-18  3.5253511e-18  1.9227648e-18  5.9374363e-19  4.6886794e-17  -2.7066959e-16  
-2.8180786e-17  -5.9908920e-18  -3.6032358e-17  5.3077202e-18  1.3373141e-17  9.5714458e-18  -2.0956442e-17  2.7954575e-17  -1.5881145e-16  1.1229043e-18  -1.7601451e-17  -2.8180786e-17  -5.9908920e-18  -3.6032358e-17  5.3077202e-18  1.3373141e-17  9.5714458e-18  -2.0956442e-17  2.7954575e-17  -1.5881145e-16  1.1229043e-18  -1.7601451e-17  
-2.2724200e-17  6.1699997e-18  -2.5406753e-18  2.8850366e-17  -7.6049000e-18  -6.9232238e-18  2.3468742e-17  7.2370707e-17  -4.0751179e-17  1.4584012e-16  -1.0298829e-18  -2.2724200e-17  6.1699997e-18  -2.5406753e-18  2.8850366e-17  -7.6049000e-18  -6.9232238e-18  2.3468742e-17  7.2370707e-17  -4.0751179e-17  1.4584012e-16  -1.0298829e-18  
5.3454132e-18  -1.4493581e-17  2.2183793e-18  -2.3886329e-19  -1.9715539e-17  9.0209009e-18  -4.0225595e-18  -5.7931971e-17  8.6355009e-18  -1.4774266e-17  -2.2264261e-18  5.3454132e-18  -1.4493581e-17  2.2183793e-18  -2.3886329e-19  -1.9715539e-17  9.0209009e-18  -4.0225595e-18  -5.7931971e-17  8.6355009e-18  -1.4774266e-17  -2.2264261e-18  
-2.2005069e-17  -2.7970351e-18  1.3188727e-17  2.3871506e-18  -9.0812520e-19  -4.9176615e-18  7.9966263e-18  4.1661316e-18  2.8421873e-17  1.6526963e-17  5.3958116e-18  -2.2005069e-17  -2.7970351e-18  1.3188727e-17  2.3871506e-18  -9.0812520e-19  -4.9176615e-18  7.9966263e-18  4.1661316e-18  2.8421873e-17  1.6526963e-17  5.3958116e-18  
-1.3755815e-18  -6.8753664e-18  -2.4602601e-18  -4.7804422e-18  3.0037906e-18  -3.1983964e-18  -9.0251361e-18  -7.8503014e-18  -2.2791963e-17  8.5558798e-18  -1.1712772e-17  -1.3755815e-18  -6.8753664e-18  -2.4602601e-18  -4.7804422e-18  3.0037906e-18  -3.1983964e-18  -9.0251361e-18  -7.8503014e-18  -2.2791963e-17  8.5558798e-18  -1.1712772e-17  
7.8918060e-18  -7.1404877e-19  -5.2248804e-17  2.2708424e-18  8.1194461e-18  -9.7984771e-18  8.5834084e-18  5.2727801e-18  -2.5836622e-18  -1.6621804e-17  1.8989632e-17  7.8918060e-18  -7.1404877e-19  -5.2248804e-17  2.2708424e-18  8.1194461e-18  -9.7984771e-18  8.5834084e-18  5.2727801e-18  -2.5836622e-18  -1.6621804e-17  1.8989632e-17  
1.1067756e-17  1.9670223e-18  -1.0180807e-17  1.1504190e-17  -1.0059046e-18  -5.6740620e-19  1.4364091e-18  -9.3232917e-18  -2.0751725e-17  5.6618442e-17  -2.8033945e-17  1.1067756e-17  1.9670223e-18  -1.0180807e-17  1.1504190e-17  -1.0059046e-18  -5.6740620e-19  1.4364091e-18  -9.3232917e-18  -2.0751725e-17  5.6618442e-17  -2.8033945e-17  
6.5882223e-18  -7.4858654e-18  2.9332751e-18  -1.9075182e-18  1.2532911e-18  -5.3130142e-19  -1.5665874e-17  5.4087289e-18  3.5829494e-19  1.0655622e-17  -1.5734908e-17  6.5882223e-18  -7.4858654e-18  2.9332751e-18  -1.9075182e-18  1.2532911e-18  -5.3130142e-19  -1.5665874e-17  5.4087289e-18  3.5829494e-19  1.0655622e-17  -1.5734908e-17  
-1.3329757e-17  3.1450333e-18  2.2692013e-18  6.2951489e-18  -3.2829938e-18  -1.2620791e-19  -1.9070947e-18  3.8755993e-18  -4.3939834e-18  -1.5613623e-17  -4.3681489e-18  -1.3329757e-17  3.1450333e-18  2.2692013e-18  6.2951489e-18  -3.2829938e-18  -1.2620791e-19  -1.9070947e-18  3.8755993e-18  -4.3939834e-18  -1.5613623e-17  -4.3681489e-18  
1.1094438e-17  -3.4317540e-18  3.1035287e-18  3.7951311e-18  2.9155403e-17  -1.7520877e-18  1.4196272e-17  -8.2585712e-19  6.9302118e-18  2.0848287e-17  -1.4438735e-17  1.1094438e-17  -3.4317540e-18  3.1035287e-18  3.7951311e-18  2.9155403e-17  -1.7520877e-18  1.4196272e-17  -8.2585712e-19  6.9302118e-18  2.0848287e-17  -1.4438735e-17  
2.0898844e-17  2.4893134e-17  -3.7871690e-17  -9.9348494e-18  5.4457336e-18  -1.6250327e-18  3.5253511e-18  1.9227648e-18  5.9374363e-19  4.6886794e-17  -2.7066959e-16  2.0898844e-17  2.4893134e-17  -3.7871690e-17  -9.9348494e-18  5.4457336e-18  -1.6250327e-18  3.5253511e-18  1.9227648e-18  5.9374363e-19  4.6886794e-17  -2.7066959e-16  
-2.8180786e-17  -5.9908920e-18  -3.6032358e-17  5.3077202e-18  1.3373141e-17  9.5714458e-18  -2.0956442e-17  2.7954575e-17  -1.5881145e-16  1.1229043e-18  -1.7601451e-17  -2.8180786e-17  -5.9908920e-18  -3.6032358e-17  5.3077202e-18  1.3373141e-17  9.5714458e-18  -2.0956442e-17  2.7954575e-17  -1.5881145e-16  1.1229043e-18  -1.7601451e-17  
-2.2724200e-17  6.1699997e-18  -2.5406753e-18  2.8850366e-17  -7.6049000e-18  -6.9232238e-18  2.3468742e-17  7.2370707e-17  -4.0751179e-17  1.4584012e-16  -1.0298829e-18  -2.2724200e-17  6.1699997e-18  -2.5406753e-18  2.8850366e-17  -7.6049000e-18  -6.9232238e-18  2.3468742e-17  7.2370707e-17  -4.0751179e-17  1.4584012e-16  -1.0298829e-18  
