1.5361472e-18  1.2604803e-17  2.1227704e-18  -3.6112720e-19  -6.2939941e-18  6.6290916e-19  3.0190372e-18  -5.8934848e-18  2.2203910e-17  -1.4040365e-17  -3.4594546e-18  1.5361472e-18  1.2604803e-17  2.1227704e-18  -3.6112720e-19  -6.2939941e-18  6.6290916e-19  3.0190372e-18  -5.8934848e-18  2.2203910e-17  -1.4040365e-17  -3.4594546e-18  
-3.7702495e-18  3.9684552e-18  1.5394824e-18  -1.9572814e-18  -1.9161473e-18  -7.0536669e-19  1.5178830e-18  8.1222519e-19  9.2529879e-18  1.6968188e-17  -4.8820861e-18  -3.7702495e-18  3.9684552e-18  1.5394824e-18  -1.9572814e-18  -1.9161473e-18  -7.0536669e-19  1.5178830e-18  8.1222519e-19  9.2529879e-18  1.6968188e-17  -4.8820861e-18  
6.1102839e-19  -8.5126811e-20  -7.2185736e-19  9.8515226e-19  -4.5293499e-18  -1.3700758e-18  1.1011428e-19  -5.8716853e-18  1.6480720e-17  5.0330698e-18  -5.9456154e-18  6.1102839e-19  -8.5126811e-20  -7.2185736e-19  9.8515226e-19  -4.5293499e-18  -1.3700758e-18  1.1011428e-19  -5.8716853e-18  1.6480720e-17  5.0330698e-18  -5.9456154e-18  
-1.9409760e-18  1.9390172e-18  -3.8536293e-18  -3.6608367e-19  1.0701322e-17  3.3971315e-19  2.2316671e-19  -2.2086913e-18  1.7642638e-18  -1.4831600e-17  2.7319460e-18  -1.9409760e-18  1.9390172e-18  -3.8536293e-18  -3.6608367e-19  1.0701322e-17  3.3971315e-19  2.2316671e-19  -2.2086913e-18  1.7642638e-18  -1.4831600e-17  2.7319460e-18  
6.1404727e-18  -7.2188383e-19  2.0238595e-18  3.4918280e-18  3.9290996e-18  -1.6021463e-17  2.5814520e-18  5.0227730e-19  -2.0959936e-17  7.4852877e-17  -1.5402018e-17  6.1404727e-18  -7.2188383e-19  2.0238595e-18  3.4918280e-18  3.9290996e-18  -1.6021463e-17  2.5814520e-18  5.0227730e-19  -2.0959936e-17  7.4852877e-17  -1.5402018e-17  
-2.8624420e-18  -5.8551152e-20  -9.8594635e-19  -8.1615595e-19  6.1569303e-18  -1.3801078e-18  1.7493348e-18  -7.1826607e-18  -4.1149919e-18  1.3354004e-18  5.8788189e-18  -2.8624420e-18  -5.8551152e-20  -9.8594635e-19  -8.1615595e-19  6.1569303e-18  -1.3801078e-18  1.7493348e-18  -7.1826607e-18  -4.1149919e-18  1.3354004e-18  5.8788189e-18  
1.0359848e-17  -1.6089391e-18  -1.4026866e-18  4.1713329e-18  -3.0407953e-18  -1.0636193e-17  -6.8562023e-19  6.9888556e-18  6.6096098e-18  -1.0956371e-17  -1.3126284e-17  1.0359848e-17  -1.6089391e-18  -1.4026866e-18  4.1713329e-18  -3.0407953e-18  -1.0636193e-17  -6.8562023e-19  6.9888556e-18  6.6096098e-18  -1.0956371e-17  -1.3126284e-17  
-6.2150910e-18  -3.3669824e-18  3.8732434e-18  -1.2806443e-18  -4.0776100e-18  -1.2050546e-17  -1.3678259e-19  -1.4774761e-18  2.6167098e-18  2.0191535e-17  -2.6622193e-17  -6.2150910e-18  -3.3669824e-18  3.8732434e-18  -1.2806443e-18  -4.0776100e-18  -1.2050546e-17  -1.3678259e-19  -1.4774761e-18  2.6167098e-18  2.0191535e-17  -2.6622193e-17  
6.3654526e-18  6.2383977e-18  -1.2168475e-17  -8.4252250e-18  -5.0780869e-17  -4.9974944e-20  -7.7973618e-18  4.5576196e-18  2.5553958e-18  1.0547413e-18  -5.4970532e-17  6.3654526e-18  6.2383977e-18  -1.2168475e-17  -8.4252250e-18  -5.0780869e-17  -4.9974944e-20  -7.7973618e-18  4.5576196e-18  2.5553958e-18  1.0547413e-18  -5.4970532e-17  
1.2876595e-17  2.0361825e-17  1.7321824e-19  4.5139921e-17  -5.4208229e-17  1.1630345e-17  1.3073742e-17  2.3838789e-17  5.0263464e-19  1.7398752e-18  3.2927982e-17  1.2876595e-17  2.0361825e-17  1.7321824e-19  4.5139921e-17  -5.4208229e-17  1.1630345e-17  1.3073742e-17  2.3838789e-17  5.0263464e-19  1.7398752e-18  3.2927982e-17  
1.5238864e-17  4.7246439e-18  -1.3940045e-18  -6.3764376e-19  -1.4767622e-18  -2.2794715e-18  1.5369333e-17  -5.1719653e-17  -2.1238663e-16  -9.4591346e-18  4.7541709e-19  1.5238864e-17  4.7246439e-18  -1.3940045e-18  -6.3764376e-19  -1.4767622e-18  -2.2794715e-18  1.5369333e-17  -5.1719653e-17  -2.1238663e-16  -9.4591346e-18  4.7541709e-19  
1.5361472e-18  1.2604803e-17  2.1227704e-18  -3.6112720e-19  -6.2939941e-18  6.6290916e-19  3.0190372e-18  -5.8934848e-18  2.2203910e-17  -1.4040365e-17  -3.4594546e-18  1.5361472e-18  1.2604803e-17  2.1227704e-18  -3.6112720e-19  -6.2939941e-18  6.6290916e-19  3.0190372e-18  -5.8934848e-18  2.2203910e-17  -1.4040365e-17  -3.4594546e-18  
-3.7702495e-18  3.9684552e-18  1.5394824e-18  -1.9572814e-18  -1.9161473e-18  -7.0536669e-19  1.5178830e-18  8.1222519e-19  9.2529879e-18  1.6968188e-17  -4.8820861e-18  -3.7702495e-18  3.9684552e-18  1.5394824e-18  -1.9572814e-18  -1.9161473e-18  -7.0536669e-19  1.5178830e-18  8.1222519e-19  9.2529879e-18  1.6968188e-17  -4.8820861e-18  
6.1102839e-19  -8.5126811e-20  -7.2185736e-19  9.8515226e-19  -4.5293499e-18  -1.3700758e-18  1.1011428e-19  -5.8716853e-18  1.6480720e-17  5.0330698e-18  -5.9456154e-18  6.1102839e-19  -8.5126811e-20  -7.2185736e-19  9.8515226e-19  -4.5293499e-18  -1.3700758e-18  1.1011428e-19  -5.8716853e-18  1.6480720e-17  5.0330698e-18  -5.9456154e-18  
-1.9409760e-18  1.9390172e-18  -3.8536293e-18  -3.6608367e-19  1.0701322e-17  3.3971315e-19  2.2316671e-19  -2.2086913e-18  1.7642638e-18  -1.4831600e-17  2.7319460e-18  -1.9409760e-18  1.9390172e-18  -3.8536293e-18  -3.6608367e-19  1.0701322e-17  3.3971315e-19  2.2316671e-19  -2.2086913e-18  1.7642638e-18  -1.4831600e-17  2.7319460e-18  
6.1404727e-18  -7.2188383e-19  2.0238595e-18  3.4918280e-18  3.9290996e-18  -1.6021463e-17  2.5814520e-18  5.0227730e-19  -2.0959936e-17  7.4852877e-17  -1.5402018e-17  6.1404727e-18  -7.2188383e-19  2.0238595e-18  3.4918280e-18  3.9290996e-18  -1.6021463e-17  2.5814520e-18  5.0227730e-19  -2.0959936e-17  7.4852877e-17  -1.5402018e-17  
-2.8624420e-18  -5.8551152e-20  -9.8594635e-19  -8.1615595e-19  6.1569303e-18  -1.3801078e-18  1.7493348e-18  -7.1826607e-18  -4.1149919e-18  1.3354004e-18  5.8788189e-18  -2.8624420e-18  -5.8551152e-20  -9.8594635e-19  -8.1615595e-19  6.1569303e-18  -1.3801078e-18  1.7493348e-18  -7.1826607e-18  -4.1149919e-18  1.3354004e-18  5.8788189e-18  
1.0359848e-17  -1.6089391e-18  -1.4026866e-18  4.1713329e-18  -3.0407953e-18  -1.0636193e-17  -6.8562023e-19  6.9888556e-18  6.6096098e-18  -1.0956371e-17  -1.3126284e-17  1.0359848e-17  -1.6089391e-18  -1.4026866e-18  4.1713329e-18  -3.0407953e-18  -1.0636193e-17  -6.8562023e-19  6.9888556e-18  6.6096098e-18  -1.0956371e-17  -1.3126284e-17  
-6.2150910e-18  -3.3669824e-18  3.8732434e-18  -1.2806443e-18  -4.0776100e-18  -1.2050546e-17  -1.3678259e-19  -1.4774761e-18  2.6167098e-18  2.0191535e-17  -2.6622193e-17  -6.2150910e-18  -3.3669824e-18  3.8732434e-18  -1.2806443e-18  -4.0776100e-18  -1.2050546e-17  -1.3678259e-19  -1.4774761e-18  2.6167098e-18  2.0191535e-17  -2.6622193e-17  
6.3654526e-18  6.2383977e-18  -1.2168475e-17  -8.4252250e-18  -5.0780869e-17  -4.9974944e-20  -7.7973618e-18  4.5576196e-18  2.5553958e-18  1.0547413e-18  -5.4970532e-17  6.3654526e-18  6.2383977e-18  -1.2168475e-17  -8.4252250e-18  -5.0780869e-17  -4.9974944e-20  -7.7973618e-18  4.5576196e-18  2.5553958e-18  1.0547413e-18  -5.4970532e-17  
1.2876595e-17  2.0361825e-17  1.7321824e-19  4.5139921e-17  -5.4208229e-17  1.1630345e-17  1.3073742e-17  2.3838789e-17  5.0263464e-19  1.7398752e-18  3.2927982e-17  1.2876595e-17  2.0361825e-17  1.7321824e-19  4.5139921e-17  -5.4208229e-17  1.1630345e-17  1.3073742e-17  2.3838789e-17  5.0263464e-19  1.7398752e-18  3.2927982e-17  
1.5238864e-17  4.7246439e-18  -1.3940045e-18  -6.3764376e-19  -1.4767622e-18  -2.2794715e-18  1.5369333e-17  -5.1719653e-17  -2.1238663e-16  -9.4591346e-18  4.7541709e-19  1.5238864e-17  4.7246439e-18  -1.3940045e-18  -6.3764376e-19  -1.4767622e-18  -2.2794715e-18  1.5369333e-17  -5.1719653e-17  -2.1238663e-16  -9.4591346e-18  4.7541709e-19  
