7.2906243e-18  -1.6929012e-18  2.0896303e-18  -3.3178281e-18  3.5128574e-18  -2.9215860e-17  -2.3496694e-18  -9.7095387e-18  2.2062667e-17  5.4930087e-19  -2.6656127e-18  7.2906243e-18  -1.6929012e-18  2.0896303e-18  -3.3178281e-18  3.5128574e-18  -2.9215860e-17  -2.3496694e-18  -9.7095387e-18  2.2062667e-17  5.4930087e-19  -2.6656127e-18  
3.1652139e-17  -9.3678122e-18  -4.4202414e-18  5.6327691e-20  -2.5013942e-18  1.2290130e-17  -7.4336670e-18  -6.6914015e-18  -7.0038507e-18  -8.3565359e-18  6.5702758e-18  3.1652139e-17  -9.3678122e-18  -4.4202414e-18  5.6327691e-20  -2.5013942e-18  1.2290130e-17  -7.4336670e-18  -6.6914015e-18  -7.0038507e-18  -8.3565359e-18  6.5702758e-18  
1.3976044e-18  -8.1216695e-18  -2.1156765e-18  -5.9534981e-17  8.2885350e-18  -1.2165511e-17  -1.5810717e-17  -3.9514087e-18  1.3370415e-17  2.0279345e-17  8.8913048e-18  1.3976044e-18  -8.1216695e-18  -2.1156765e-18  -5.9534981e-17  8.2885350e-18  -1.2165511e-17  -1.5810717e-17  -3.9514087e-18  1.3370415e-17  2.0279345e-17  8.8913048e-18  
-6.5983867e-18  -7.7773506e-19  -1.4136980e-18  -2.6133613e-18  -4.1726961e-18  5.1777006e-18  -5.3058144e-18  -1.8886294e-17  -7.4937005e-18  2.7395163e-18  5.0195172e-18  -6.5983867e-18  -7.7773506e-19  -1.4136980e-18  -2.6133613e-18  -4.1726961e-18  5.1777006e-18  -5.3058144e-18  -1.8886294e-17  -7.4937005e-18  2.7395163e-18  5.0195172e-18  
9.6697281e-18  -7.5755914e-18  4.2306119e-18  -6.3082779e-18  1.1979643e-18  6.4717023e-18  1.0158916e-17  -6.1392286e-18  -1.8073830e-17  -1.4957715e-17  -2.9849044e-18  9.6697281e-18  -7.5755914e-18  4.2306119e-18  -6.3082779e-18  1.1979643e-18  6.4717023e-18  1.0158916e-17  -6.1392286e-18  -1.8073830e-17  -1.4957715e-17  -2.9849044e-18  
2.5080646e-17  2.6870691e-17  -3.4804584e-18  -6.9255531e-18  4.7267085e-18  -6.9006054e-19  3.2695472e-19  1.1516683e-17  -7.8215022e-18  7.4957122e-18  7.2336614e-18  2.5080646e-17  2.6870691e-17  -3.4804584e-18  -6.9255531e-18  4.7267085e-18  -6.9006054e-19  3.2695472e-19  1.1516683e-17  -7.8215022e-18  7.4957122e-18  7.2336614e-18  
-2.7047456e-17  2.7199287e-18  -6.6348091e-18  1.9513098e-17  -3.3884362e-17  -3.8751757e-18  4.2865690e-18  -2.9032054e-18  2.4733362e-19  -2.6899649e-18  -3.2318648e-17  -2.7047456e-17  2.7199287e-18  -6.6348091e-18  1.9513098e-17  -3.3884362e-17  -3.8751757e-18  4.2865690e-18  -2.9032054e-18  2.4733362e-19  -2.6899649e-18  -3.2318648e-17  
5.5065612e-18  -2.1864164e-17  2.4716421e-18  -1.7343000e-19  8.5510954e-18  2.9601684e-18  3.4712469e-18  1.5723711e-19  -1.0354766e-17  -3.0081793e-17  -4.9100276e-17  5.5065612e-18  -2.1864164e-17  2.4716421e-18  -1.7343000e-19  8.5510954e-18  2.9601684e-18  3.4712469e-18  1.5723711e-19  -1.0354766e-17  -3.0081793e-17  -4.9100276e-17  
-3.0719767e-17  3.4561591e-19  -3.1200459e-17  -1.3891976e-17  -9.8371230e-18  3.9352092e-18  -1.4038301e-17  -7.7179525e-18  -2.6363371e-18  2.8622228e-16  -5.0333874e-17  -3.0719767e-17  3.4561591e-19  -3.1200459e-17  -1.3891976e-17  -9.8371230e-18  3.9352092e-18  -1.4038301e-17  -7.7179525e-18  -2.6363371e-18  2.8622228e-16  -5.0333874e-17  
-2.9161227e-18  -3.4340456e-17  9.0682289e-18  -3.4535651e-18  3.6339937e-17  1.4902380e-17  -9.6760809e-18  -4.4571138e-17  9.4137733e-17  -2.2053256e-18  -5.5515386e-17  -2.9161227e-18  -3.4340456e-17  9.0682289e-18  -3.4535651e-18  3.6339937e-17  1.4902380e-17  -9.6760809e-18  -4.4571138e-17  9.4137733e-17  -2.2053256e-18  -5.5515386e-17  
6.1392948e-18  5.2133674e-17  -2.7295637e-18  6.9922570e-18  1.2852256e-17  -1.7757622e-17  -9.6860335e-18  3.0434794e-17  8.8269939e-17  2.2154369e-16  -6.4279213e-19  6.1392948e-18  5.2133674e-17  -2.7295637e-18  6.9922570e-18  1.2852256e-17  -1.7757622e-17  -9.6860335e-18  3.0434794e-17  8.8269939e-17  2.2154369e-16  -6.4279213e-19  
7.2906243e-18  -1.6929012e-18  2.0896303e-18  -3.3178281e-18  3.5128574e-18  -2.9215860e-17  -2.3496694e-18  -9.7095387e-18  2.2062667e-17  5.4930087e-19  -2.6656127e-18  7.2906243e-18  -1.6929012e-18  2.0896303e-18  -3.3178281e-18  3.5128574e-18  -2.9215860e-17  -2.3496694e-18  -9.7095387e-18  2.2062667e-17  5.4930087e-19  -2.6656127e-18  
3.1652139e-17  -9.3678122e-18  -4.4202414e-18  5.6327691e-20  -2.5013942e-18  1.2290130e-17  -7.4336670e-18  -6.6914015e-18  -7.0038507e-18  -8.3565359e-18  6.5702758e-18  3.1652139e-17  -9.3678122e-18  -4.4202414e-18  5.6327691e-20  -2.5013942e-18  1.2290130e-17  -7.4336670e-18  -6.6914015e-18  -7.0038507e-18  -8.3565359e-18  6.5702758e-18  
1.3976044e-18  -8.1216695e-18  -2.1156765e-18  -5.9534981e-17  8.2885350e-18  -1.2165511e-17  -1.5810717e-17  -3.9514087e-18  1.3370415e-17  2.0279345e-17  8.8913048e-18  1.3976044e-18  -8.1216695e-18  -2.1156765e-18  -5.9534981e-17  8.2885350e-18  -1.2165511e-17  -1.5810717e-17  -3.9514087e-18  1.3370415e-17  2.0279345e-17  8.8913048e-18  
-6.5983867e-18  -7.7773506e-19  -1.4136980e-18  -2.6133613e-18  -4.1726961e-18  5.1777006e-18  -5.3058144e-18  -1.8886294e-17  -7.4937005e-18  2.7395163e-18  5.0195172e-18  -6.5983867e-18  -7.7773506e-19  -1.4136980e-18  -2.6133613e-18  -4.1726961e-18  5.1777006e-18  -5.3058144e-18  -1.8886294e-17  -7.4937005e-18  2.7395163e-18  5.0195172e-18  
9.6697281e-18  -7.5755914e-18  4.2306119e-18  -6.3082779e-18  1.1979643e-18  6.4717023e-18  1.0158916e-17  -6.1392286e-18  -1.8073830e-17  -1.4957715e-17  -2.9849044e-18  9.6697281e-18  -7.5755914e-18  4.2306119e-18  -6.3082779e-18  1.1979643e-18  6.4717023e-18  1.0158916e-17  -6.1392286e-18  -1.8073830e-17  -1.4957715e-17  -2.9849044e-18  
2.5080646e-17  2.6870691e-17  -3.4804584e-18  -6.9255531e-18  4.7267085e-18  -6.9006054e-19  3.2695472e-19  1.1516683e-17  -7.8215022e-18  7.4957122e-18  7.2336614e-18  2.5080646e-17  2.6870691e-17  -3.4804584e-18  -6.9255531e-18  4.7267085e-18  -6.9006054e-19  3.2695472e-19  1.1516683e-17  -7.8215022e-18  7.4957122e-18  7.2336614e-18  
-2.7047456e-17  2.7199287e-18  -6.6348091e-18  1.9513098e-17  -3.3884362e-17  -3.8751757e-18  4.2865690e-18  -2.9032054e-18  2.4733362e-19  -2.6899649e-18  -3.2318648e-17  -2.7047456e-17  2.7199287e-18  -6.6348091e-18  1.9513098e-17  -3.3884362e-17  -3.8751757e-18  4.2865690e-18  -2.9032054e-18  2.4733362e-19  -2.6899649e-18  -3.2318648e-17  
5.5065612e-18  -2.1864164e-17  2.4716421e-18  -1.7343000e-19  8.5510954e-18  2.9601684e-18  3.4712469e-18  1.5723711e-19  -1.0354766e-17  -3.0081793e-17  -4.9100276e-17  5.5065612e-18  -2.1864164e-17  2.4716421e-18  -1.7343000e-19  8.5510954e-18  2.9601684e-18  3.4712469e-18  1.5723711e-19  -1.0354766e-17  -3.0081793e-17  -4.9100276e-17  
-3.0719767e-17  3.4561591e-19  -3.1200459e-17  -1.3891976e-17  -9.8371230e-18  3.9352092e-18  -1.4038301e-17  -7.7179525e-18  -2.6363371e-18  2.8622228e-16  -5.0333874e-17  -3.0719767e-17  3.4561591e-19  -3.1200459e-17  -1.3891976e-17  -9.8371230e-18  3.9352092e-18  -1.4038301e-17  -7.7179525e-18  -2.6363371e-18  2.8622228e-16  -5.0333874e-17  
-2.9161227e-18  -3.4340456e-17  9.0682289e-18  -3.4535651e-18  3.6339937e-17  1.4902380e-17  -9.6760809e-18  -4.4571138e-17  9.4137733e-17  -2.2053256e-18  -5.5515386e-17  -2.9161227e-18  -3.4340456e-17  9.0682289e-18  -3.4535651e-18  3.6339937e-17  1.4902380e-17  -9.6760809e-18  -4.4571138e-17  9.4137733e-17  -2.2053256e-18  -5.5515386e-17  
6.1392948e-18  5.2133674e-17  -2.7295637e-18  6.9922570e-18  1.2852256e-17  -1.7757622e-17  -9.6860335e-18  3.0434794e-17  8.8269939e-17  2.2154369e-16  -6.4279213e-19  6.1392948e-18  5.2133674e-17  -2.7295637e-18  6.9922570e-18  1.2852256e-17  -1.7757622e-17  -9.6860335e-18  3.0434794e-17  8.8269939e-17  2.2154369e-16  -6.4279213e-19  
