-0.99988766  0.0035707035  -0.0060834936  0.0017591089  -0.0021581313  0.0017219420  0.00065613468  0.00071551548  -0.00044009576  0.00019917063  -0.0015615858  -0.99988766  0.0035707035  -0.0060834936  0.0017591089  -0.0021581313  0.0017219420  0.00065613468  0.00071551548  -0.00044009576  0.00019917063  -0.0015615858  
-0.0034879734  -0.99987958  -0.0046638494  0.0024767338  0.0019056499  0.0014076215  -0.00063337124  -0.0020320815  0.00045425886  -0.00026226437  -0.00041327372  -0.0034879734  -0.99987958  -0.0046638494  0.0024767338  0.0019056499  0.0014076215  -0.00063337124  -0.0020320815  0.00045425886  -0.00026226437  -0.00041327372  
-0.0060905808  -0.0046631808  0.99989859  0.0045797776  -0.0044271227  -0.00020584031  0.00019310554  -0.0014459949  0.00042585038  -0.00076095318  0.00013054771  -0.0060905808  -0.0046631808  0.99989859  0.0045797776  -0.0044271227  -0.00020584031  0.00019310554  -0.0014459949  0.00042585038  -0.00076095318  0.00013054771  
-0.0018132314  -0.0024828959  0.0045804650  -0.99992400  0.0017657740  -0.0035522506  -0.0018767528  -0.00065802441  -0.00058265439  0.0017118048  -0.00012492018  -0.0018132314  -0.0024828959  0.0045804650  -0.99992400  0.0017657740  -0.0035522506  -0.0018767528  -0.00065802441  -0.00058265439  0.0017118048  -0.00012492018  
-0.0021516108  0.0018877125  0.0044106237  0.0017757548  0.99995306  0.0012160131  -0.00040350408  0.00010132794  0.00082925529  -0.0024437285  -0.0023119704  -0.0021516108  0.0018877125  0.0044106237  0.0017757548  0.99995306  0.0012160131  -0.00040350408  0.00010132794  0.00082925529  -0.0024437285  -0.0023119704  
0.0017240455  0.0013188435  0.00029057925  -0.0035920554  -0.0011937085  0.99944094  0.013097320  0.026994950  0.0011361701  0.0010178336  -0.00085098505  0.0017240455  0.0013188435  0.00029057925  -0.0035920554  -0.0011937085  0.99944094  0.013097320  0.026994950  0.0011361701  0.0010178336  -0.00085098505  
-0.00059025552  0.00058064457  0.00022251514  0.0017841212  -0.00046268622  0.012196634  -0.99919427  0.034207113  -0.0011355167  -0.011457985  2.4098372e-05  -0.00059025552  0.00058064457  0.00022251514  0.0017841212  -0.00046268622  0.012196634  -0.99919427  0.034207113  -0.0011355167  -0.011457985  2.4098372e-05  
-0.00068353404  0.0020993696  -0.0014269234  0.00059709016  3.4488100e-05  0.027425181  -0.033854123  -0.99900646  -0.0019201434  -0.0026434436  0.00040801966  -0.00068353404  0.0020993696  -0.0014269234  0.00059709016  3.4488100e-05  0.027425181  -0.033854123  -0.99900646  -0.0019201434  -0.0026434436  0.00040801966  
0.00041188472  -0.00039848485  0.00027468345  0.00023314205  0.00032303296  0.0011982403  0.0033832850  0.0023050367  -0.98169053  -0.19023126  -0.0029189667  0.00041188472  -0.00039848485  0.00027468345  0.00023314205  0.00032303296  0.0011982403  0.0033832850  0.0023050367  -0.98169053  -0.19023126  -0.0029189667  
0.00028772605  -0.00032052410  0.00084411204  0.0018116534  0.0025544839  -0.00060639899  -0.011111908  -0.0018739871  -0.19025149  0.98163482  -0.0032738491  0.00028772605  -0.00032052410  0.00084411204  0.0018116534  0.0025544839  -0.00060639899  -0.011111908  -0.0018739871  -0.19025149  0.98163482  -0.0032738491  
0.0015798712  0.00042146071  0.00018089675  0.00012629911  -0.0023224955  -0.00086055200  -3.2017383e-05  -0.00041551983  0.0034854305  -0.0026710234  -0.99991823  0.0015798712  0.00042146071  0.00018089675  0.00012629911  -0.0023224955  -0.00086055200  -3.2017383e-05  -0.00041551983  0.0034854305  -0.0026710234  -0.99991823  
-0.99988766  0.0035707035  -0.0060834936  0.0017591089  -0.0021581313  0.0017219420  0.00065613468  0.00071551548  -0.00044009576  0.00019917063  -0.0015615858  -0.99988766  0.0035707035  -0.0060834936  0.0017591089  -0.0021581313  0.0017219420  0.00065613468  0.00071551548  -0.00044009576  0.00019917063  -0.0015615858  
-0.0034879734  -0.99987958  -0.0046638494  0.0024767338  0.0019056499  0.0014076215  -0.00063337124  -0.0020320815  0.00045425886  -0.00026226437  -0.00041327372  -0.0034879734  -0.99987958  -0.0046638494  0.0024767338  0.0019056499  0.0014076215  -0.00063337124  -0.0020320815  0.00045425886  -0.00026226437  -0.00041327372  
-0.0060905808  -0.0046631808  0.99989859  0.0045797776  -0.0044271227  -0.00020584031  0.00019310554  -0.0014459949  0.00042585038  -0.00076095318  0.00013054771  -0.0060905808  -0.0046631808  0.99989859  0.0045797776  -0.0044271227  -0.00020584031  0.00019310554  -0.0014459949  0.00042585038  -0.00076095318  0.00013054771  
-0.0018132314  -0.0024828959  0.0045804650  -0.99992400  0.0017657740  -0.0035522506  -0.0018767528  -0.00065802441  -0.00058265439  0.0017118048  -0.00012492018  -0.0018132314  -0.0024828959  0.0045804650  -0.99992400  0.0017657740  -0.0035522506  -0.0018767528  -0.00065802441  -0.00058265439  0.0017118048  -0.00012492018  
-0.0021516108  0.0018877125  0.0044106237  0.0017757548  0.99995306  0.0012160131  -0.00040350408  0.00010132794  0.00082925529  -0.0024437285  -0.0023119704  -0.0021516108  0.0018877125  0.0044106237  0.0017757548  0.99995306  0.0012160131  -0.00040350408  0.00010132794  0.00082925529  -0.0024437285  -0.0023119704  
0.0017240455  0.0013188435  0.00029057925  -0.0035920554  -0.0011937085  0.99944094  0.013097320  0.026994950  0.0011361701  0.0010178336  -0.00085098505  0.0017240455  0.0013188435  0.00029057925  -0.0035920554  -0.0011937085  0.99944094  0.013097320  0.026994950  0.0011361701  0.0010178336  -0.00085098505  
-0.00059025552  0.00058064457  0.00022251514  0.0017841212  -0.00046268622  0.012196634  -0.99919427  0.034207113  -0.0011355167  -0.011457985  2.4098372e-05  -0.00059025552  0.00058064457  0.00022251514  0.0017841212  -0.00046268622  0.012196634  -0.99919427  0.034207113  -0.0011355167  -0.011457985  2.4098372e-05  
-0.00068353404  0.0020993696  -0.0014269234  0.00059709016  3.4488100e-05  0.027425181  -0.033854123  -0.99900646  -0.0019201434  -0.0026434436  0.00040801966  -0.00068353404  0.0020993696  -0.0014269234  0.00059709016  3.4488100e-05  0.027425181  -0.033854123  -0.99900646  -0.0019201434  -0.0026434436  0.00040801966  
0.00041188472  -0.00039848485  0.00027468345  0.00023314205  0.00032303296  0.0011982403  0.0033832850  0.0023050367  -0.98169053  -0.19023126  -0.0029189667  0.00041188472  -0.00039848485  0.00027468345  0.00023314205  0.00032303296  0.0011982403  0.0033832850  0.0023050367  -0.98169053  -0.19023126  -0.0029189667  
0.00028772605  -0.00032052410  0.00084411204  0.0018116534  0.0025544839  -0.00060639899  -0.011111908  -0.0018739871  -0.19025149  0.98163482  -0.0032738491  0.00028772605  -0.00032052410  0.00084411204  0.0018116534  0.0025544839  -0.00060639899  -0.011111908  -0.0018739871  -0.19025149  0.98163482  -0.0032738491  
0.0015798712  0.00042146071  0.00018089675  0.00012629911  -0.0023224955  -0.00086055200  -3.2017383e-05  -0.00041551983  0.0034854305  -0.0026710234  -0.99991823  0.0015798712  0.00042146071  0.00018089675  0.00012629911  -0.0023224955  -0.00086055200  -3.2017383e-05  -0.00041551983  0.0034854305  -0.0026710234  -0.99991823  
