0.99984195  -0.0025551166  -0.0034893843  0.0018665817  -0.00054485416  -5.8646370e-05  9.9806504e-05  0.00071492091  -0.00027102051  -0.00016089545  0.00069650351  0.99984195  -0.0025551166  -0.0034893843  0.0018665817  -0.00054485416  -5.8646370e-05  9.9806504e-05  0.00071492091  -0.00027102051  -0.00016089545  0.00069650351  
-0.0027176443  -0.99984995  0.0037553843  0.00030494397  -0.0017451034  0.00043368232  -0.0024052361  0.0015428459  0.00053055135  -0.0017003994  -0.00048556011  -0.0027176443  -0.99984995  0.0037553843  0.00030494397  -0.0017451034  0.00043368232  -0.0024052361  0.0015428459  0.00053055135  -0.0017003994  -0.00048556011  
-0.0036612001  -0.0036765905  -0.99877075  0.046959924  0.0040323352  0.00023930307  0.00033374308  0.00047930369  0.0018398647  0.00068578398  -0.00058208168  -0.0036612001  -0.0036765905  -0.99877075  0.046959924  0.0040323352  0.00023930307  0.00033374308  0.00047930369  0.0018398647  0.00068578398  -0.00058208168  
-0.0016702053  0.00041987355  0.046952970  0.99880048  0.0018508294  -0.0017234604  0.0012802588  -0.00028603691  0.0027968888  -0.0010537204  6.3343533e-05  -0.0016702053  0.00041987355  0.046952970  0.99880048  0.0018508294  -0.0017234604  0.0012802588  -0.00028603691  0.0027968888  -0.0010537204  6.3343533e-05  
-0.00052859102  0.0017162040  -0.0040144612  0.0019777843  -0.99992168  -0.00030788530  -0.0011891820  -0.0019093777  -0.0016951124  -0.0056616284  -0.0014881543  -0.00052859102  0.0017162040  -0.0040144612  0.0019777843  -0.99992168  -0.00030788530  -0.0011891820  -0.0019093777  -0.0016951124  -0.0056616284  -0.0014881543  
-5.6106787e-05  -0.00042215665  -0.00031238627  -0.0016768032  0.00038423990  -0.99946134  -0.016901443  -0.024550009  0.0019030944  -0.0028521769  -0.00021848492  -5.6106787e-05  -0.00042215665  -0.00031238627  -0.0016768032  0.00038423990  -0.99946134  -0.016901443  -0.024550009  0.0019030944  -0.0028521769  -0.00021848492  
0.00013337139  0.0023675245  -0.00026409339  0.0013298504  0.0012108406  0.017176601  -0.99974795  -0.011183031  -0.0015197931  -0.00071663577  0.00030597568  0.00013337139  0.0023675245  -0.00026409339  0.0013298504  0.0012108406  0.017176601  -0.99974795  -0.011183031  -0.0015197931  -0.00071663577  0.00030597568  
-0.00070882187  0.0015603957  0.00047266813  0.00021158678  -0.0018239690  -0.024352996  -0.011596872  0.99958925  0.0013177497  -0.0039099161  0.00031275978  -0.00070882187  0.0015603957  0.00047266813  0.00021158678  -0.0018239690  -0.024352996  -0.011596872  0.99958925  0.0013177497  -0.0039099161  0.00031275978  
-0.00027800691  -0.00054387741  -0.0016835145  0.0028737501  0.0017046377  -0.0019617234  0.0014715372  0.0012982057  -0.99996217  0.00042076056  -0.0044933088  -0.00027800691  -0.00054387741  -0.0016835145  0.0028737501  0.0017046377  -0.0019617234  0.0014715372  0.0012982057  -0.99996217  0.00042076056  -0.0044933088  
0.00011934436  -0.0016879487  0.00074218561  0.0010621289  -0.0057010348  -0.0029310687  -0.00081744633  0.0038329654  0.00042839595  0.99993675  -0.00064176108  0.00011934436  -0.0016879487  0.00074218561  0.0010621289  -0.0057010348  -0.0029310687  -0.00081744633  0.0038329654  0.00042839595  0.99993675  -0.00064176108  
0.00069421708  0.00049696698  0.00056977855  3.5177376e-05  0.0014929558  0.00023634767  -0.00031607649  0.00030223758  0.0044928119  -0.00063336730  -0.99993418  0.00069421708  0.00049696698  0.00056977855  3.5177376e-05  0.0014929558  0.00023634767  -0.00031607649  0.00030223758  0.0044928119  -0.00063336730  -0.99993418  
0.99984195  -0.0025551166  -0.0034893843  0.0018665817  -0.00054485416  -5.8646370e-05  9.9806504e-05  0.00071492091  -0.00027102051  -0.00016089545  0.00069650351  0.99984195  -0.0025551166  -0.0034893843  0.0018665817  -0.00054485416  -5.8646370e-05  9.9806504e-05  0.00071492091  -0.00027102051  -0.00016089545  0.00069650351  
-0.0027176443  -0.99984995  0.0037553843  0.00030494397  -0.0017451034  0.00043368232  -0.0024052361  0.0015428459  0.00053055135  -0.0017003994  -0.00048556011  -0.0027176443  -0.99984995  0.0037553843  0.00030494397  -0.0017451034  0.00043368232  -0.0024052361  0.0015428459  0.00053055135  -0.0017003994  -0.00048556011  
-0.0036612001  -0.0036765905  -0.99877075  0.046959924  0.0040323352  0.00023930307  0.00033374308  0.00047930369  0.0018398647  0.00068578398  -0.00058208168  -0.0036612001  -0.0036765905  -0.99877075  0.046959924  0.0040323352  0.00023930307  0.00033374308  0.00047930369  0.0018398647  0.00068578398  -0.00058208168  
-0.0016702053  0.00041987355  0.046952970  0.99880048  0.0018508294  -0.0017234604  0.0012802588  -0.00028603691  0.0027968888  -0.0010537204  6.3343533e-05  -0.0016702053  0.00041987355  0.046952970  0.99880048  0.0018508294  -0.0017234604  0.0012802588  -0.00028603691  0.0027968888  -0.0010537204  6.3343533e-05  
-0.00052859102  0.0017162040  -0.0040144612  0.0019777843  -0.99992168  -0.00030788530  -0.0011891820  -0.0019093777  -0.0016951124  -0.0056616284  -0.0014881543  -0.00052859102  0.0017162040  -0.0040144612  0.0019777843  -0.99992168  -0.00030788530  -0.0011891820  -0.0019093777  -0.0016951124  -0.0056616284  -0.0014881543  
-5.6106787e-05  -0.00042215665  -0.00031238627  -0.0016768032  0.00038423990  -0.99946134  -0.016901443  -0.024550009  0.0019030944  -0.0028521769  -0.00021848492  -5.6106787e-05  -0.00042215665  -0.00031238627  -0.0016768032  0.00038423990  -0.99946134  -0.016901443  -0.024550009  0.0019030944  -0.0028521769  -0.00021848492  
0.00013337139  0.0023675245  -0.00026409339  0.0013298504  0.0012108406  0.017176601  -0.99974795  -0.011183031  -0.0015197931  -0.00071663577  0.00030597568  0.00013337139  0.0023675245  -0.00026409339  0.0013298504  0.0012108406  0.017176601  -0.99974795  -0.011183031  -0.0015197931  -0.00071663577  0.00030597568  
-0.00070882187  0.0015603957  0.00047266813  0.00021158678  -0.0018239690  -0.024352996  -0.011596872  0.99958925  0.0013177497  -0.0039099161  0.00031275978  -0.00070882187  0.0015603957  0.00047266813  0.00021158678  -0.0018239690  -0.024352996  -0.011596872  0.99958925  0.0013177497  -0.0039099161  0.00031275978  
-0.00027800691  -0.00054387741  -0.0016835145  0.0028737501  0.0017046377  -0.0019617234  0.0014715372  0.0012982057  -0.99996217  0.00042076056  -0.0044933088  -0.00027800691  -0.00054387741  -0.0016835145  0.0028737501  0.0017046377  -0.0019617234  0.0014715372  0.0012982057  -0.99996217  0.00042076056  -0.0044933088  
0.00011934436  -0.0016879487  0.00074218561  0.0010621289  -0.0057010348  -0.0029310687  -0.00081744633  0.0038329654  0.00042839595  0.99993675  -0.00064176108  0.00011934436  -0.0016879487  0.00074218561  0.0010621289  -0.0057010348  -0.0029310687  -0.00081744633  0.0038329654  0.00042839595  0.99993675  -0.00064176108  
0.00069421708  0.00049696698  0.00056977855  3.5177376e-05  0.0014929558  0.00023634767  -0.00031607649  0.00030223758  0.0044928119  -0.00063336730  -0.99993418  0.00069421708  0.00049696698  0.00056977855  3.5177376e-05  0.0014929558  0.00023634767  -0.00031607649  0.00030223758  0.0044928119  -0.00063336730  -0.99993418  
