-5.5700887e-18  -2.4368291e-17  4.9534487e-18  -4.7272909e-18  -1.7197310e-17  9.9356965e-18  4.9534487e-17  -6.4078042e-19  3.2204193e-18  -1.1473591e-17  7.0672194e-18  -5.5700887e-18  -2.4368291e-17  4.9534487e-18  -4.7272909e-18  -1.7197310e-17  9.9356965e-18  4.9534487e-17  -6.4078042e-19  3.2204193e-18  -1.1473591e-17  7.0672194e-18  
2.7536194e-17  2.2870220e-18  -4.1813781e-18  5.5709357e-18  -4.5640782e-18  7.1557343e-18  -6.8732489e-18  1.5429976e-17  4.0488175e-18  8.6574708e-18  1.0249099e-19  2.7536194e-17  2.2870220e-18  -4.1813781e-18  5.5709357e-18  -4.5640782e-18  7.1557343e-18  -6.8732489e-18  1.5429976e-17  4.0488175e-18  8.6574708e-18  1.0249099e-19  
-1.4711268e-17  -1.1689055e-19  4.3638079e-19  -2.8985044e-17  1.1381899e-17  -1.7110066e-19  -3.2360894e-18  -5.8868790e-19  5.2084056e-18  1.4884010e-17  7.8013852e-18  -1.4711268e-17  -1.1689055e-19  4.3638079e-19  -2.8985044e-17  1.1381899e-17  -1.7110066e-19  -3.2360894e-18  -5.8868790e-19  5.2084056e-18  1.4884010e-17  7.8013852e-18  
-2.9425925e-18  -2.4110793e-18  3.2882243e-17  -1.7745870e-18  5.0151762e-18  2.1365559e-17  -5.8600280e-17  -6.0872023e-18  4.0729579e-18  -2.4832306e-17  -1.1744535e-17  -2.9425925e-18  -2.4110793e-18  3.2882243e-17  -1.7745870e-18  5.0151762e-18  2.1365559e-17  -5.8600280e-17  -6.0872023e-18  4.0729579e-18  -2.4832306e-17  -1.1744535e-17  
2.8548187e-18  -2.9935203e-18  -2.1598705e-17  2.9593425e-17  -1.2284635e-17  -1.2086101e-18  7.6131321e-18  3.1492261e-17  2.1969917e-18  -1.1554509e-17  -1.3480887e-17  2.8548187e-18  -2.9935203e-18  -2.1598705e-17  2.9593425e-17  -1.2284635e-17  -1.2086101e-18  7.6131321e-18  3.1492261e-17  2.1969917e-18  -1.1554509e-17  -1.3480887e-17  
-1.9939156e-18  -4.5824482e-19  1.4475793e-18  1.1728865e-17  3.9563850e-18  -9.3401264e-19  2.9010878e-18  1.9596107e-18  8.4813409e-18  2.4779631e-17  -9.9564488e-18  -1.9939156e-18  -4.5824482e-19  1.4475793e-18  1.1728865e-17  3.9563850e-18  -9.3401264e-19  2.9010878e-18  1.9596107e-18  8.4813409e-18  2.4779631e-17  -9.9564488e-18  
-4.9741163e-17  2.9849441e-18  -3.5829494e-18  -3.6027064e-17  -7.2712485e-18  1.1062250e-18  3.3878142e-18  -3.0267875e-17  -2.1780817e-17  -4.8235628e-17  3.4248083e-17  -4.9741163e-17  2.9849441e-18  -3.5829494e-18  -3.6027064e-17  -7.2712485e-18  1.1062250e-18  3.3878142e-18  -3.0267875e-17  -2.1780817e-17  -4.8235628e-17  3.4248083e-17  
-1.6235292e-17  7.4564310e-18  -8.3051580e-19  7.1057594e-18  1.8037990e-17  1.1655173e-18  -1.3093859e-17  -6.7677932e-19  -9.0547822e-19  8.4791704e-17  4.7194770e-17  -1.6235292e-17  7.4564310e-18  -8.3051580e-19  7.1057594e-18  1.8037990e-17  1.1655173e-18  -1.3093859e-17  -6.7677932e-19  -9.0547822e-19  8.4791704e-17  4.7194770e-17  
1.9176826e-18  -2.4460829e-17  -1.8241278e-17  -4.0524174e-18  8.0214550e-18  -7.6148262e-19  2.1883096e-17  -1.1679949e-17  -2.3500929e-18  1.0315564e-17  -5.8077026e-17  1.9176826e-18  -2.4460829e-17  -1.8241278e-17  -4.0524174e-18  8.0214550e-18  -7.6148262e-19  2.1883096e-17  -1.1679949e-17  -2.3500929e-18  1.0315564e-17  -5.8077026e-17  
-3.1749759e-17  1.9494728e-18  4.5998177e-17  2.0371989e-17  -6.3389034e-18  1.7037432e-17  8.7060084e-17  2.1694473e-17  1.3620782e-16  -2.7473836e-18  -2.1686849e-17  -3.1749759e-17  1.9494728e-18  4.5998177e-17  2.0371989e-17  -6.3389034e-18  1.7037432e-17  8.7060084e-17  2.1694473e-17  1.3620782e-16  -2.7473836e-18  -2.1686849e-17  
1.4986554e-17  1.8221373e-17  -2.5949913e-17  3.4739786e-17  -3.4156339e-18  1.1643738e-17  2.3742334e-18  2.1827827e-17  1.7765902e-16  -5.6095075e-17  9.3292738e-19  1.4986554e-17  1.8221373e-17  -2.5949913e-17  3.4739786e-17  -3.4156339e-18  1.1643738e-17  2.3742334e-18  2.1827827e-17  1.7765902e-16  -5.6095075e-17  9.3292738e-19  
-5.5700887e-18  -2.4368291e-17  4.9534487e-18  -4.7272909e-18  -1.7197310e-17  9.9356965e-18  4.9534487e-17  -6.4078042e-19  3.2204193e-18  -1.1473591e-17  7.0672194e-18  -5.5700887e-18  -2.4368291e-17  4.9534487e-18  -4.7272909e-18  -1.7197310e-17  9.9356965e-18  4.9534487e-17  -6.4078042e-19  3.2204193e-18  -1.1473591e-17  7.0672194e-18  
2.7536194e-17  2.2870220e-18  -4.1813781e-18  5.5709357e-18  -4.5640782e-18  7.1557343e-18  -6.8732489e-18  1.5429976e-17  4.0488175e-18  8.6574708e-18  1.0249099e-19  2.7536194e-17  2.2870220e-18  -4.1813781e-18  5.5709357e-18  -4.5640782e-18  7.1557343e-18  -6.8732489e-18  1.5429976e-17  4.0488175e-18  8.6574708e-18  1.0249099e-19  
-1.4711268e-17  -1.1689055e-19  4.3638079e-19  -2.8985044e-17  1.1381899e-17  -1.7110066e-19  -3.2360894e-18  -5.8868790e-19  5.2084056e-18  1.4884010e-17  7.8013852e-18  -1.4711268e-17  -1.1689055e-19  4.3638079e-19  -2.8985044e-17  1.1381899e-17  -1.7110066e-19  -3.2360894e-18  -5.8868790e-19  5.2084056e-18  1.4884010e-17  7.8013852e-18  
-2.9425925e-18  -2.4110793e-18  3.2882243e-17  -1.7745870e-18  5.0151762e-18  2.1365559e-17  -5.8600280e-17  -6.0872023e-18  4.0729579e-18  -2.4832306e-17  -1.1744535e-17  -2.9425925e-18  -2.4110793e-18  3.2882243e-17  -1.7745870e-18  5.0151762e-18  2.1365559e-17  -5.8600280e-17  -6.0872023e-18  4.0729579e-18  -2.4832306e-17  -1.1744535e-17  
2.8548187e-18  -2.9935203e-18  -2.1598705e-17  2.9593425e-17  -1.2284635e-17  -1.2086101e-18  7.6131321e-18  3.1492261e-17  2.1969917e-18  -1.1554509e-17  -1.3480887e-17  2.8548187e-18  -2.9935203e-18  -2.1598705e-17  2.9593425e-17  -1.2284635e-17  -1.2086101e-18  7.6131321e-18  3.1492261e-17  2.1969917e-18  -1.1554509e-17  -1.3480887e-17  
-1.9939156e-18  -4.5824482e-19  1.4475793e-18  1.1728865e-17  3.9563850e-18  -9.3401264e-19  2.9010878e-18  1.9596107e-18  8.4813409e-18  2.4779631e-17  -9.9564488e-18  -1.9939156e-18  -4.5824482e-19  1.4475793e-18  1.1728865e-17  3.9563850e-18  -9.3401264e-19  2.9010878e-18  1.9596107e-18  8.4813409e-18  2.4779631e-17  -9.9564488e-18  
-4.9741163e-17  2.9849441e-18  -3.5829494e-18  -3.6027064e-17  -7.2712485e-18  1.1062250e-18  3.3878142e-18  -3.0267875e-17  -2.1780817e-17  -4.8235628e-17  3.4248083e-17  -4.9741163e-17  2.9849441e-18  -3.5829494e-18  -3.6027064e-17  -7.2712485e-18  1.1062250e-18  3.3878142e-18  -3.0267875e-17  -2.1780817e-17  -4.8235628e-17  3.4248083e-17  
-1.6235292e-17  7.4564310e-18  -8.3051580e-19  7.1057594e-18  1.8037990e-17  1.1655173e-18  -1.3093859e-17  -6.7677932e-19  -9.0547822e-19  8.4791704e-17  4.7194770e-17  -1.6235292e-17  7.4564310e-18  -8.3051580e-19  7.1057594e-18  1.8037990e-17  1.1655173e-18  -1.3093859e-17  -6.7677932e-19  -9.0547822e-19  8.4791704e-17  4.7194770e-17  
1.9176826e-18  -2.4460829e-17  -1.8241278e-17  -4.0524174e-18  8.0214550e-18  -7.6148262e-19  2.1883096e-17  -1.1679949e-17  -2.3500929e-18  1.0315564e-17  -5.8077026e-17  1.9176826e-18  -2.4460829e-17  -1.8241278e-17  -4.0524174e-18  8.0214550e-18  -7.6148262e-19  2.1883096e-17  -1.1679949e-17  -2.3500929e-18  1.0315564e-17  -5.8077026e-17  
-3.1749759e-17  1.9494728e-18  4.5998177e-17  2.0371989e-17  -6.3389034e-18  1.7037432e-17  8.7060084e-17  2.1694473e-17  1.3620782e-16  -2.7473836e-18  -2.1686849e-17  -3.1749759e-17  1.9494728e-18  4.5998177e-17  2.0371989e-17  -6.3389034e-18  1.7037432e-17  8.7060084e-17  2.1694473e-17  1.3620782e-16  -2.7473836e-18  -2.1686849e-17  
1.4986554e-17  1.8221373e-17  -2.5949913e-17  3.4739786e-17  -3.4156339e-18  1.1643738e-17  2.3742334e-18  2.1827827e-17  1.7765902e-16  -5.6095075e-17  9.3292738e-19  1.4986554e-17  1.8221373e-17  -2.5949913e-17  3.4739786e-17  -3.4156339e-18  1.1643738e-17  2.3742334e-18  2.1827827e-17  1.7765902e-16  -5.6095075e-17  9.3292738e-19  
