0.99961184  -0.023188666  -0.0031436553  9.3916834e-06  -0.00055585538  -0.0021383357  -0.0016112909  -0.0033599230  0.0012536936  0.00044855548  -0.00055565817  0.99961184  -0.023188666  -0.0031436553  9.3916834e-06  -0.00055585538  -0.0021383357  -0.0016112909  -0.0033599230  0.0012536936  0.00044855548  -0.00055565817  
0.023114306  0.99963761  0.0044946124  0.0025911176  -0.0016158942  6.7824943e-05  -0.0022824595  -0.0023484667  -0.00028018843  -0.00084193990  0.00089262001  0.023114306  0.99963761  0.0044946124  0.0025911176  -0.0016158942  6.7824943e-05  -0.0022824595  -0.0023484667  -0.00028018843  -0.00084193990  0.00089262001  
-0.0031040062  0.0045488659  -0.99992752  0.00032060075  0.0020548054  -0.0023519728  0.00091154756  0.0010007224  -0.00050935789  -0.0018035483  -0.00018544842  -0.0031040062  0.0045488659  -0.99992752  0.00032060075  0.0020548054  -0.0023519728  0.00091154756  0.0010007224  -0.00050935789  -0.0018035483  -0.00018544842  
9.3418845e-05  0.0025814437  -0.00030374664  -0.99994479  0.0029573056  0.0027026960  -0.0014775141  -5.0020506e-05  0.0021058138  -0.00063302087  -0.00017302738  9.3418845e-05  0.0025814437  -0.00030374664  -0.99994479  0.0029573056  0.0027026960  -0.0014775141  -5.0020506e-05  0.0021058138  -0.00063302087  -0.00017302738  
0.00063849147  0.0015918821  0.0020257478  0.0029757286  0.99994385  0.0019105043  0.00060407153  -0.0013215717  0.0047221784  0.00099726623  -0.00045905299  0.00063849147  0.0015918821  0.0020257478  0.0029757286  0.99994385  0.0019105043  0.00060407153  -0.0013215717  0.0047221784  0.00099726623  -0.00045905299  
0.0022057428  6.7528470e-06  -0.0023068495  0.0026361672  -0.0019500129  0.99894186  0.044348198  0.0036944242  0.0028069264  0.0029256895  0.00019605697  0.0022057428  6.7528470e-06  -0.0023068495  0.0026361672  -0.0019500129  0.99894186  0.044348198  0.0036944242  0.0028069264  0.0029256895  0.00019605697  
0.0014119819  0.0021322530  0.00098361994  -0.0016010061  -0.00059301883  -0.044134992  0.99804059  -0.042398866  0.0022259873  -0.0016958808  0.00040686598  0.0014119819  0.0021322530  0.00098361994  -0.0016010061  -0.00059301883  -0.044134992  0.99804059  -0.042398866  0.0022259873  -0.0016958808  0.00040686598  
0.0034522159  0.0023506407  0.0010381620  -0.00010267330  0.0012388608  -0.0055918429  0.042161763  0.99904209  0.0049515944  0.0011328312  0.00027291793  0.0034522159  0.0023506407  0.0010381620  -0.00010267330  0.0012388608  -0.0055918429  0.042161763  0.99904209  0.0049515944  0.0011328312  0.00027291793  
-0.0012328965  0.00030641111  -0.00052684604  0.0020986388  -0.0047543623  -0.0026957025  -0.0025342042  -0.0048560989  0.99993560  0.0029471462  -0.0019744805  -0.0012328965  0.00030641111  -0.00052684604  0.0020986388  -0.0047543623  -0.0026957025  -0.0025342042  -0.0048560989  0.99993560  0.0029471462  -0.0019744805  
0.00044581148  -0.00086973374  0.0017989175  0.00063568440  0.00097864016  0.0029831435  -0.0015137604  0.0012108822  0.0029451511  -0.99995530  -0.0028806067  0.00044581148  -0.00086973374  0.0017989175  0.00063568440  0.00097864016  0.0029831435  -0.0015137604  0.0012108822  0.0029451511  -0.99995530  -0.0028806067  
-0.00053927462  0.00091188605  0.00021076675  0.00019579593  -0.00044836217  0.00017868803  0.00041724698  0.00026676971  -0.0019944409  0.0028608632  -0.99994250  -0.00053927462  0.00091188605  0.00021076675  0.00019579593  -0.00044836217  0.00017868803  0.00041724698  0.00026676971  -0.0019944409  0.0028608632  -0.99994250  
0.99961184  -0.023188666  -0.0031436553  9.3916834e-06  -0.00055585538  -0.0021383357  -0.0016112909  -0.0033599230  0.0012536936  0.00044855548  -0.00055565817  0.99961184  -0.023188666  -0.0031436553  9.3916834e-06  -0.00055585538  -0.0021383357  -0.0016112909  -0.0033599230  0.0012536936  0.00044855548  -0.00055565817  
0.023114306  0.99963761  0.0044946124  0.0025911176  -0.0016158942  6.7824943e-05  -0.0022824595  -0.0023484667  -0.00028018843  -0.00084193990  0.00089262001  0.023114306  0.99963761  0.0044946124  0.0025911176  -0.0016158942  6.7824943e-05  -0.0022824595  -0.0023484667  -0.00028018843  -0.00084193990  0.00089262001  
-0.0031040062  0.0045488659  -0.99992752  0.00032060075  0.0020548054  -0.0023519728  0.00091154756  0.0010007224  -0.00050935789  -0.0018035483  -0.00018544842  -0.0031040062  0.0045488659  -0.99992752  0.00032060075  0.0020548054  -0.0023519728  0.00091154756  0.0010007224  -0.00050935789  -0.0018035483  -0.00018544842  
9.3418845e-05  0.0025814437  -0.00030374664  -0.99994479  0.0029573056  0.0027026960  -0.0014775141  -5.0020506e-05  0.0021058138  -0.00063302087  -0.00017302738  9.3418845e-05  0.0025814437  -0.00030374664  -0.99994479  0.0029573056  0.0027026960  -0.0014775141  -5.0020506e-05  0.0021058138  -0.00063302087  -0.00017302738  
0.00063849147  0.0015918821  0.0020257478  0.0029757286  0.99994385  0.0019105043  0.00060407153  -0.0013215717  0.0047221784  0.00099726623  -0.00045905299  0.00063849147  0.0015918821  0.0020257478  0.0029757286  0.99994385  0.0019105043  0.00060407153  -0.0013215717  0.0047221784  0.00099726623  -0.00045905299  
0.0022057428  6.7528470e-06  -0.0023068495  0.0026361672  -0.0019500129  0.99894186  0.044348198  0.0036944242  0.0028069264  0.0029256895  0.00019605697  0.0022057428  6.7528470e-06  -0.0023068495  0.0026361672  -0.0019500129  0.99894186  0.044348198  0.0036944242  0.0028069264  0.0029256895  0.00019605697  
0.0014119819  0.0021322530  0.00098361994  -0.0016010061  -0.00059301883  -0.044134992  0.99804059  -0.042398866  0.0022259873  -0.0016958808  0.00040686598  0.0014119819  0.0021322530  0.00098361994  -0.0016010061  -0.00059301883  -0.044134992  0.99804059  -0.042398866  0.0022259873  -0.0016958808  0.00040686598  
0.0034522159  0.0023506407  0.0010381620  -0.00010267330  0.0012388608  -0.0055918429  0.042161763  0.99904209  0.0049515944  0.0011328312  0.00027291793  0.0034522159  0.0023506407  0.0010381620  -0.00010267330  0.0012388608  -0.0055918429  0.042161763  0.99904209  0.0049515944  0.0011328312  0.00027291793  
-0.0012328965  0.00030641111  -0.00052684604  0.0020986388  -0.0047543623  -0.0026957025  -0.0025342042  -0.0048560989  0.99993560  0.0029471462  -0.0019744805  -0.0012328965  0.00030641111  -0.00052684604  0.0020986388  -0.0047543623  -0.0026957025  -0.0025342042  -0.0048560989  0.99993560  0.0029471462  -0.0019744805  
0.00044581148  -0.00086973374  0.0017989175  0.00063568440  0.00097864016  0.0029831435  -0.0015137604  0.0012108822  0.0029451511  -0.99995530  -0.0028806067  0.00044581148  -0.00086973374  0.0017989175  0.00063568440  0.00097864016  0.0029831435  -0.0015137604  0.0012108822  0.0029451511  -0.99995530  -0.0028806067  
-0.00053927462  0.00091188605  0.00021076675  0.00019579593  -0.00044836217  0.00017868803  0.00041724698  0.00026676971  -0.0019944409  0.0028608632  -0.99994250  -0.00053927462  0.00091188605  0.00021076675  0.00019579593  -0.00044836217  0.00017868803  0.00041724698  0.00026676971  -0.0019944409  0.0028608632  -0.99994250  
