0.99866993  0.0088767044  -0.0080050532  0.0088127444  0.0027606971  -0.0027179396  -0.0062567833  -0.0046627185  0.00089021540  -0.00014574562  0.00026562410  0.99866993  0.0088767044  -0.0080050532  0.0088127444  0.0027606971  -0.0027179396  -0.0062567833  -0.0046627185  0.00089021540  -0.00014574562  0.00026562410  
-0.0096870082  0.99954707  0.0025430458  -0.0063671655  0.0011212845  -0.0015196433  -0.0018807552  0.0033473133  -0.00056945741  0.00025109617  0.0016804617  -0.0096870082  0.99954707  0.0025430458  -0.0063671655  0.0011212845  -0.0015196433  -0.0018807552  0.0033473133  -0.00056945741  0.00025109617  0.0016804617  
-0.0076935059  0.0022227258  -0.99922270  -0.032177951  -0.010196580  0.0016482047  0.0049401889  -0.00037552566  -0.00050192206  -0.00050466045  -0.00028119168  -0.0076935059  0.0022227258  -0.99922270  -0.032177951  -0.010196580  0.0016482047  0.0049401889  -0.00037552566  -0.00050192206  -0.00050466045  -0.00028119168  
0.0092768400  -0.0062064161  0.032076231  -0.99924478  0.0027772315  0.0022131199  -0.00071279868  -0.0039598226  -0.0028851522  -0.0012073610  -0.00054606387  0.0092768400  -0.0062064161  0.032076231  -0.99924478  0.0027772315  0.0022131199  -0.00071279868  -0.0039598226  -0.0028851522  -0.0012073610  -0.00054606387  
0.0031243725  0.0011454250  0.010211131  -0.0024272481  -0.99982081  0.0011953895  -0.00052904948  0.0068258818  -0.0028173689  0.0031771976  0.0035567422  0.0031243725  0.0011454250  0.010211131  -0.0024272481  -0.99982081  0.0011953895  -0.00052904948  0.0068258818  -0.0028173689  0.0031771976  0.0035567422  
-0.0027120230  -0.0014273197  -0.0015706818  -0.0022469710  -0.0013151588  -0.99978029  0.0024048422  -0.012614110  0.0038049408  -0.0091962713  -0.0010263374  -0.0027120230  -0.0014273197  -0.0015706818  -0.0022469710  -0.0013151588  -0.99978029  0.0024048422  -0.012614110  0.0038049408  -0.0091962713  -0.0010263374  
-0.0063602165  -0.0016096144  -0.0049195624  0.00067379062  5.1277338e-05  -0.0015986631  -0.99832969  -0.046329751  0.022788511  -0.0031769356  -0.00012562290  -0.0063602165  -0.0016096144  -0.0049195624  0.00067379062  5.1277338e-05  -0.0015986631  -0.99832969  -0.046329751  0.022788511  -0.0031769356  -0.00012562290  
-0.0046026308  0.0033670888  0.00063785034  0.0038732130  -0.0069433879  0.012740479  0.046453035  -0.99862239  -0.0030392961  -0.0012257408  0.0024462320  -0.0046026308  0.0033670888  0.00063785034  0.0038732130  -0.0069433879  0.012740479  0.046453035  -0.99862239  -0.0030392961  -0.0012257408  0.0024462320  
-0.00081877867  0.00058732999  -0.00031839980  -0.0028264454  -0.0028600747  0.0039939069  0.022985263  -0.0018664063  0.99959054  -0.0080494862  -0.0055670290  -0.00081877867  0.00058732999  -0.00031839980  -0.0028264454  -0.0028600747  0.0039939069  0.022985263  -0.0018664063  0.99959054  -0.0080494862  -0.0055670290  
-8.1417740e-05  0.00025719893  0.00045669416  0.0012846900  -0.0030505411  0.0091683193  0.0029739823  0.0015024548  -0.0081698425  -0.99982080  0.0071542835  -8.1417740e-05  0.00025719893  0.00045669416  0.0012846900  -0.0030505411  0.0091683193  0.0029739823  0.0015024548  -0.0081698425  -0.99982080  0.0071542835  
0.00023655262  0.0016216750  0.00023455840  0.00048209576  -0.0035496978  0.0010929399  0.00015250031  -0.0023738804  -0.0056260321  -0.0070932023  -0.99976974  0.00023655262  0.0016216750  0.00023455840  0.00048209576  -0.0035496978  0.0010929399  0.00015250031  -0.0023738804  -0.0056260321  -0.0070932023  -0.99976974  
0.99866993  0.0088767044  -0.0080050532  0.0088127444  0.0027606971  -0.0027179396  -0.0062567833  -0.0046627185  0.00089021540  -0.00014574562  0.00026562410  0.99866993  0.0088767044  -0.0080050532  0.0088127444  0.0027606971  -0.0027179396  -0.0062567833  -0.0046627185  0.00089021540  -0.00014574562  0.00026562410  
-0.0096870082  0.99954707  0.0025430458  -0.0063671655  0.0011212845  -0.0015196433  -0.0018807552  0.0033473133  -0.00056945741  0.00025109617  0.0016804617  -0.0096870082  0.99954707  0.0025430458  -0.0063671655  0.0011212845  -0.0015196433  -0.0018807552  0.0033473133  -0.00056945741  0.00025109617  0.0016804617  
-0.0076935059  0.0022227258  -0.99922270  -0.032177951  -0.010196580  0.0016482047  0.0049401889  -0.00037552566  -0.00050192206  -0.00050466045  -0.00028119168  -0.0076935059  0.0022227258  -0.99922270  -0.032177951  -0.010196580  0.0016482047  0.0049401889  -0.00037552566  -0.00050192206  -0.00050466045  -0.00028119168  
0.0092768400  -0.0062064161  0.032076231  -0.99924478  0.0027772315  0.0022131199  -0.00071279868  -0.0039598226  -0.0028851522  -0.0012073610  -0.00054606387  0.0092768400  -0.0062064161  0.032076231  -0.99924478  0.0027772315  0.0022131199  -0.00071279868  -0.0039598226  -0.0028851522  -0.0012073610  -0.00054606387  
0.0031243725  0.0011454250  0.010211131  -0.0024272481  -0.99982081  0.0011953895  -0.00052904948  0.0068258818  -0.0028173689  0.0031771976  0.0035567422  0.0031243725  0.0011454250  0.010211131  -0.0024272481  -0.99982081  0.0011953895  -0.00052904948  0.0068258818  -0.0028173689  0.0031771976  0.0035567422  
-0.0027120230  -0.0014273197  -0.0015706818  -0.0022469710  -0.0013151588  -0.99978029  0.0024048422  -0.012614110  0.0038049408  -0.0091962713  -0.0010263374  -0.0027120230  -0.0014273197  -0.0015706818  -0.0022469710  -0.0013151588  -0.99978029  0.0024048422  -0.012614110  0.0038049408  -0.0091962713  -0.0010263374  
-0.0063602165  -0.0016096144  -0.0049195624  0.00067379062  5.1277338e-05  -0.0015986631  -0.99832969  -0.046329751  0.022788511  -0.0031769356  -0.00012562290  -0.0063602165  -0.0016096144  -0.0049195624  0.00067379062  5.1277338e-05  -0.0015986631  -0.99832969  -0.046329751  0.022788511  -0.0031769356  -0.00012562290  
-0.0046026308  0.0033670888  0.00063785034  0.0038732130  -0.0069433879  0.012740479  0.046453035  -0.99862239  -0.0030392961  -0.0012257408  0.0024462320  -0.0046026308  0.0033670888  0.00063785034  0.0038732130  -0.0069433879  0.012740479  0.046453035  -0.99862239  -0.0030392961  -0.0012257408  0.0024462320  
-0.00081877867  0.00058732999  -0.00031839980  -0.0028264454  -0.0028600747  0.0039939069  0.022985263  -0.0018664063  0.99959054  -0.0080494862  -0.0055670290  -0.00081877867  0.00058732999  -0.00031839980  -0.0028264454  -0.0028600747  0.0039939069  0.022985263  -0.0018664063  0.99959054  -0.0080494862  -0.0055670290  
-8.1417740e-05  0.00025719893  0.00045669416  0.0012846900  -0.0030505411  0.0091683193  0.0029739823  0.0015024548  -0.0081698425  -0.99982080  0.0071542835  -8.1417740e-05  0.00025719893  0.00045669416  0.0012846900  -0.0030505411  0.0091683193  0.0029739823  0.0015024548  -0.0081698425  -0.99982080  0.0071542835  
0.00023655262  0.0016216750  0.00023455840  0.00048209576  -0.0035496978  0.0010929399  0.00015250031  -0.0023738804  -0.0056260321  -0.0070932023  -0.99976974  0.00023655262  0.0016216750  0.00023455840  0.00048209576  -0.0035496978  0.0010929399  0.00015250031  -0.0023738804  -0.0056260321  -0.0070932023  -0.99976974  
