-0.99957306  -0.021682603  -0.0027827008  -0.0011743382  0.00051355460  0.0011284622  -0.0013538044  0.0027319839  0.00057194974  0.00029321590  -0.00091287836  -0.99957306  -0.021682603  -0.0027827008  -0.0011743382  0.00051355460  0.0011284622  -0.0013538044  0.0027319839  0.00057194974  0.00029321590  -0.00091287836  
0.021627859  -0.99963897  -0.0037323000  -0.0022404924  -0.0020130718  0.0021539151  0.00091235436  -0.0021534178  -0.00036504706  -0.0017890744  -0.00079209651  0.021627859  -0.99963897  -0.0037323000  -0.0022404924  -0.0020130718  0.0021539151  0.00091235436  -0.0021534178  -0.00036504706  -0.0017890744  -0.00079209651  
0.0027727272  0.0037646404  -0.99987822  0.0034843005  -0.00071916031  0.0018241733  0.0014112513  -0.00072718327  -0.0015210649  0.0023186719  -0.00031641444  0.0027727272  0.0037646404  -0.99987822  0.0034843005  -0.00071916031  0.0018241733  0.0014112513  -0.00072718327  -0.0015210649  0.0023186719  -0.00031641444  
0.0010834712  0.0022699729  -0.0034895928  -0.99990862  0.00046392920  -0.0028707587  -0.0021842386  0.00021029137  0.0014000324  4.4100897e-05  0.00015731279  0.0010834712  0.0022699729  -0.0034895928  -0.99990862  0.00046392920  -0.0028707587  -0.0021842386  0.00021029137  0.0014000324  4.4100897e-05  0.00015731279  
-0.00060273968  0.0019975141  0.00068299136  -0.00044879876  -0.99995510  0.0015502870  0.00067193310  2.3686357e-05  0.0023076947  0.00072395789  -0.0011664428  -0.00060273968  0.0019975141  0.00068299136  -0.00044879876  -0.99995510  0.0015502870  0.00067193310  2.3686357e-05  0.0023076947  0.00072395789  -0.0011664428  
-0.0012075529  -0.0020868362  -0.0017708598  0.0027940456  -0.0015343040  -0.99906877  0.038508026  -0.014950027  0.0030244039  -0.0032809527  0.00036575013  -0.0012075529  -0.0020868362  -0.0017708598  0.0027940456  -0.0015343040  -0.99906877  0.038508026  -0.014950027  0.0030244039  -0.0032809527  0.00036575013  
-0.0012028939  0.00083335920  0.0014414330  -0.0022847742  0.00074104902  0.037718675  0.99805180  0.047417124  0.0031876115  0.00041825666  0.0010846206  -0.0012028939  0.00083335920  0.0014414330  -0.0022847742  0.00074104902  0.037718675  0.99805180  0.047417124  0.0031876115  0.00041825666  0.0010846206  
0.0028262517  -0.0021624211  -0.00076905089  0.00032256013  -9.8587080e-05  -0.016775150  -0.046809096  0.99869821  -0.0043462966  0.0033351719  0.00014588811  0.0028262517  -0.0021624211  -0.00076905089  0.00032256013  -9.8587080e-05  -0.016775150  -0.046809096  0.99869821  -0.0043462966  0.0033351719  0.00014588811  
-0.00053249062  0.00032737662  0.0015289252  -0.0014162691  -0.0023288173  -0.0028172830  0.0034870283  -0.0042228620  -0.99993507  -0.0038649789  7.0055033e-05  -0.00053249062  0.00032737662  0.0015289252  -0.0014162691  -0.0023288173  -0.0028172830  0.0034870283  -0.0042228620  -0.99993507  -0.0038649789  7.0055033e-05  
0.00031409961  -0.0018096508  0.0023338741  1.5047397e-05  0.00069843094  -0.0032392508  -0.00011390360  -0.0034349450  -0.0038568707  0.99993197  -0.0042959073  0.00031409961  -0.0018096508  0.0023338741  1.5047397e-05  0.00069843094  -0.0032392508  -0.00011390360  -0.0034349450  -0.0038568707  0.99993197  -0.0042959073  
0.00091831505  0.00080817452  0.00032141761  -0.00015139549  0.0011634608  -0.00032747977  0.0010849557  0.00020250713  -6.1954883e-05  -0.0042914933  -0.99994015  0.00091831505  0.00080817452  0.00032141761  -0.00015139549  0.0011634608  -0.00032747977  0.0010849557  0.00020250713  -6.1954883e-05  -0.0042914933  -0.99994015  
-0.99957306  -0.021682603  -0.0027827008  -0.0011743382  0.00051355460  0.0011284622  -0.0013538044  0.0027319839  0.00057194974  0.00029321590  -0.00091287836  -0.99957306  -0.021682603  -0.0027827008  -0.0011743382  0.00051355460  0.0011284622  -0.0013538044  0.0027319839  0.00057194974  0.00029321590  -0.00091287836  
0.021627859  -0.99963897  -0.0037323000  -0.0022404924  -0.0020130718  0.0021539151  0.00091235436  -0.0021534178  -0.00036504706  -0.0017890744  -0.00079209651  0.021627859  -0.99963897  -0.0037323000  -0.0022404924  -0.0020130718  0.0021539151  0.00091235436  -0.0021534178  -0.00036504706  -0.0017890744  -0.00079209651  
0.0027727272  0.0037646404  -0.99987822  0.0034843005  -0.00071916031  0.0018241733  0.0014112513  -0.00072718327  -0.0015210649  0.0023186719  -0.00031641444  0.0027727272  0.0037646404  -0.99987822  0.0034843005  -0.00071916031  0.0018241733  0.0014112513  -0.00072718327  -0.0015210649  0.0023186719  -0.00031641444  
0.0010834712  0.0022699729  -0.0034895928  -0.99990862  0.00046392920  -0.0028707587  -0.0021842386  0.00021029137  0.0014000324  4.4100897e-05  0.00015731279  0.0010834712  0.0022699729  -0.0034895928  -0.99990862  0.00046392920  -0.0028707587  -0.0021842386  0.00021029137  0.0014000324  4.4100897e-05  0.00015731279  
-0.00060273968  0.0019975141  0.00068299136  -0.00044879876  -0.99995510  0.0015502870  0.00067193310  2.3686357e-05  0.0023076947  0.00072395789  -0.0011664428  -0.00060273968  0.0019975141  0.00068299136  -0.00044879876  -0.99995510  0.0015502870  0.00067193310  2.3686357e-05  0.0023076947  0.00072395789  -0.0011664428  
-0.0012075529  -0.0020868362  -0.0017708598  0.0027940456  -0.0015343040  -0.99906877  0.038508026  -0.014950027  0.0030244039  -0.0032809527  0.00036575013  -0.0012075529  -0.0020868362  -0.0017708598  0.0027940456  -0.0015343040  -0.99906877  0.038508026  -0.014950027  0.0030244039  -0.0032809527  0.00036575013  
-0.0012028939  0.00083335920  0.0014414330  -0.0022847742  0.00074104902  0.037718675  0.99805180  0.047417124  0.0031876115  0.00041825666  0.0010846206  -0.0012028939  0.00083335920  0.0014414330  -0.0022847742  0.00074104902  0.037718675  0.99805180  0.047417124  0.0031876115  0.00041825666  0.0010846206  
0.0028262517  -0.0021624211  -0.00076905089  0.00032256013  -9.8587080e-05  -0.016775150  -0.046809096  0.99869821  -0.0043462966  0.0033351719  0.00014588811  0.0028262517  -0.0021624211  -0.00076905089  0.00032256013  -9.8587080e-05  -0.016775150  -0.046809096  0.99869821  -0.0043462966  0.0033351719  0.00014588811  
-0.00053249062  0.00032737662  0.0015289252  -0.0014162691  -0.0023288173  -0.0028172830  0.0034870283  -0.0042228620  -0.99993507  -0.0038649789  7.0055033e-05  -0.00053249062  0.00032737662  0.0015289252  -0.0014162691  -0.0023288173  -0.0028172830  0.0034870283  -0.0042228620  -0.99993507  -0.0038649789  7.0055033e-05  
0.00031409961  -0.0018096508  0.0023338741  1.5047397e-05  0.00069843094  -0.0032392508  -0.00011390360  -0.0034349450  -0.0038568707  0.99993197  -0.0042959073  0.00031409961  -0.0018096508  0.0023338741  1.5047397e-05  0.00069843094  -0.0032392508  -0.00011390360  -0.0034349450  -0.0038568707  0.99993197  -0.0042959073  
0.00091831505  0.00080817452  0.00032141761  -0.00015139549  0.0011634608  -0.00032747977  0.0010849557  0.00020250713  -6.1954883e-05  -0.0042914933  -0.99994015  0.00091831505  0.00080817452  0.00032141761  -0.00015139549  0.0011634608  -0.00032747977  0.0010849557  0.00020250713  -6.1954883e-05  -0.0042914933  -0.99994015  
