0.0000000   0.00014109909  3.2540669e-06  -3.7331540e-06  2.2584003e-05  -0.00018501013  -5.3604348e-06  3.1897907e-06  -4.5913063e-06  -4.4990259e-05  1.7943836e-05  0.0000000   0.00014109909  3.2540669e-06  -3.7331540e-06  2.2584003e-05  -0.00018501013  -5.3604348e-06  3.1897907e-06  -4.5913063e-06  -4.4990259e-05  1.7943836e-05  
-0.00014109909  0.0000000   -7.2276142e-06  -1.8548453e-05  -0.00012616787  1.1659802e-05  5.2587702e-07  -2.2919857e-05  2.5793317e-08  -4.2068854e-05  0.00013544384  -0.00014109909  0.0000000   -7.2276142e-06  -1.8548453e-05  -0.00012616787  1.1659802e-05  5.2587702e-07  -2.2919857e-05  2.5793317e-08  -4.2068854e-05  0.00013544384  
-3.2540669e-06  7.2276142e-06  0.0000000   0.0012645572  -2.0088201e-05  -1.0642847e-05  -8.2062291e-05  4.3664108e-05  -9.9503210e-05  4.7934137e-06  7.1698232e-06  -3.2540669e-06  7.2276142e-06  0.0000000   0.0012645572  -2.0088201e-05  -1.0642847e-05  -8.2062291e-05  4.3664108e-05  -9.9503210e-05  4.7934137e-06  7.1698232e-06  
3.7331540e-06  1.8548453e-05  -0.0012645572  0.0000000   3.8251527e-05  3.4259784e-06  -8.3300181e-05  0.00016393770  -0.00018308748  1.9056255e-05  -3.1129876e-06  3.7331540e-06  1.8548453e-05  -0.0012645572  0.0000000   3.8251527e-05  3.4259784e-06  -8.3300181e-05  0.00016393770  -0.00018308748  1.9056255e-05  -3.1129876e-06  
-2.2584003e-05  0.00012616787  2.0088201e-05  -3.8251527e-05  0.0000000   -8.5466939e-05  1.3961522e-06  -4.3021621e-06  4.0480749e-05  0.00019827727  -3.0104250e-05  -2.2584003e-05  0.00012616787  2.0088201e-05  -3.8251527e-05  0.0000000   -8.5466939e-05  1.3961522e-06  -4.3021621e-06  4.0480749e-05  0.00019827727  -3.0104250e-05  
0.00018501013  -1.1659802e-05  1.0642847e-05  -3.4259784e-06  8.5466939e-05  0.0000000   3.2663858e-06  -3.2620101e-06  3.4107702e-05  0.00015914060  0.00026608393  0.00018501013  -1.1659802e-05  1.0642847e-05  -3.4259784e-06  8.5466939e-05  0.0000000   3.2663858e-06  -3.2620101e-06  3.4107702e-05  0.00015914060  0.00026608393  
5.3604348e-06  -5.2587702e-07  8.2062291e-05  8.3300181e-05  -1.3961522e-06  -3.2663858e-06  0.0000000   -5.2224639e-05  3.7143291e-05  -2.1590606e-07  9.7328451e-06  5.3604348e-06  -5.2587702e-07  8.2062291e-05  8.3300181e-05  -1.3961522e-06  -3.2663858e-06  0.0000000   -5.2224639e-05  3.7143291e-05  -2.1590606e-07  9.7328451e-06  
-3.1897907e-06  2.2919857e-05  -4.3664108e-05  -0.00016393770  4.3021621e-06  3.2620101e-06  5.2224639e-05  0.0000000   0.0026530384  -9.1971451e-05  -4.1450952e-07  -3.1897907e-06  2.2919857e-05  -4.3664108e-05  -0.00016393770  4.3021621e-06  3.2620101e-06  5.2224639e-05  0.0000000   0.0026530384  -9.1971451e-05  -4.1450952e-07  
4.5913063e-06  -2.5793317e-08  9.9503210e-05  0.00018308748  -4.0480749e-05  -3.4107702e-05  -3.7143291e-05  -0.0026530384  0.0000000   -4.9143159e-06  1.4031578e-05  4.5913063e-06  -2.5793317e-08  9.9503210e-05  0.00018308748  -4.0480749e-05  -3.4107702e-05  -3.7143291e-05  -0.0026530384  0.0000000   -4.9143159e-06  1.4031578e-05  
4.4990259e-05  4.2068854e-05  -4.7934137e-06  -1.9056255e-05  -0.00019827727  -0.00015914060  2.1590606e-07  9.1971451e-05  4.9143159e-06  0.0000000   0.00041775349  4.4990259e-05  4.2068854e-05  -4.7934137e-06  -1.9056255e-05  -0.00019827727  -0.00015914060  2.1590606e-07  9.1971451e-05  4.9143159e-06  0.0000000   0.00041775349  
-1.7943836e-05  -0.00013544384  -7.1698232e-06  3.1129876e-06  3.0104250e-05  -0.00026608393  -9.7328451e-06  4.1450952e-07  -1.4031578e-05  -0.00041775349  0.0000000   -1.7943836e-05  -0.00013544384  -7.1698232e-06  3.1129876e-06  3.0104250e-05  -0.00026608393  -9.7328451e-06  4.1450952e-07  -1.4031578e-05  -0.00041775349  0.0000000   
0.0000000   0.00014109909  3.2540669e-06  -3.7331540e-06  2.2584003e-05  -0.00018501013  -5.3604348e-06  3.1897907e-06  -4.5913063e-06  -4.4990259e-05  1.7943836e-05  0.0000000   0.00014109909  3.2540669e-06  -3.7331540e-06  2.2584003e-05  -0.00018501013  -5.3604348e-06  3.1897907e-06  -4.5913063e-06  -4.4990259e-05  1.7943836e-05  
-0.00014109909  0.0000000   -7.2276142e-06  -1.8548453e-05  -0.00012616787  1.1659802e-05  5.2587702e-07  -2.2919857e-05  2.5793317e-08  -4.2068854e-05  0.00013544384  -0.00014109909  0.0000000   -7.2276142e-06  -1.8548453e-05  -0.00012616787  1.1659802e-05  5.2587702e-07  -2.2919857e-05  2.5793317e-08  -4.2068854e-05  0.00013544384  
-3.2540669e-06  7.2276142e-06  0.0000000   0.0012645572  -2.0088201e-05  -1.0642847e-05  -8.2062291e-05  4.3664108e-05  -9.9503210e-05  4.7934137e-06  7.1698232e-06  -3.2540669e-06  7.2276142e-06  0.0000000   0.0012645572  -2.0088201e-05  -1.0642847e-05  -8.2062291e-05  4.3664108e-05  -9.9503210e-05  4.7934137e-06  7.1698232e-06  
3.7331540e-06  1.8548453e-05  -0.0012645572  0.0000000   3.8251527e-05  3.4259784e-06  -8.3300181e-05  0.00016393770  -0.00018308748  1.9056255e-05  -3.1129876e-06  3.7331540e-06  1.8548453e-05  -0.0012645572  0.0000000   3.8251527e-05  3.4259784e-06  -8.3300181e-05  0.00016393770  -0.00018308748  1.9056255e-05  -3.1129876e-06  
-2.2584003e-05  0.00012616787  2.0088201e-05  -3.8251527e-05  0.0000000   -8.5466939e-05  1.3961522e-06  -4.3021621e-06  4.0480749e-05  0.00019827727  -3.0104250e-05  -2.2584003e-05  0.00012616787  2.0088201e-05  -3.8251527e-05  0.0000000   -8.5466939e-05  1.3961522e-06  -4.3021621e-06  4.0480749e-05  0.00019827727  -3.0104250e-05  
0.00018501013  -1.1659802e-05  1.0642847e-05  -3.4259784e-06  8.5466939e-05  0.0000000   3.2663858e-06  -3.2620101e-06  3.4107702e-05  0.00015914060  0.00026608393  0.00018501013  -1.1659802e-05  1.0642847e-05  -3.4259784e-06  8.5466939e-05  0.0000000   3.2663858e-06  -3.2620101e-06  3.4107702e-05  0.00015914060  0.00026608393  
5.3604348e-06  -5.2587702e-07  8.2062291e-05  8.3300181e-05  -1.3961522e-06  -3.2663858e-06  0.0000000   -5.2224639e-05  3.7143291e-05  -2.1590606e-07  9.7328451e-06  5.3604348e-06  -5.2587702e-07  8.2062291e-05  8.3300181e-05  -1.3961522e-06  -3.2663858e-06  0.0000000   -5.2224639e-05  3.7143291e-05  -2.1590606e-07  9.7328451e-06  
-3.1897907e-06  2.2919857e-05  -4.3664108e-05  -0.00016393770  4.3021621e-06  3.2620101e-06  5.2224639e-05  0.0000000   0.0026530384  -9.1971451e-05  -4.1450952e-07  -3.1897907e-06  2.2919857e-05  -4.3664108e-05  -0.00016393770  4.3021621e-06  3.2620101e-06  5.2224639e-05  0.0000000   0.0026530384  -9.1971451e-05  -4.1450952e-07  
4.5913063e-06  -2.5793317e-08  9.9503210e-05  0.00018308748  -4.0480749e-05  -3.4107702e-05  -3.7143291e-05  -0.0026530384  0.0000000   -4.9143159e-06  1.4031578e-05  4.5913063e-06  -2.5793317e-08  9.9503210e-05  0.00018308748  -4.0480749e-05  -3.4107702e-05  -3.7143291e-05  -0.0026530384  0.0000000   -4.9143159e-06  1.4031578e-05  
4.4990259e-05  4.2068854e-05  -4.7934137e-06  -1.9056255e-05  -0.00019827727  -0.00015914060  2.1590606e-07  9.1971451e-05  4.9143159e-06  0.0000000   0.00041775349  4.4990259e-05  4.2068854e-05  -4.7934137e-06  -1.9056255e-05  -0.00019827727  -0.00015914060  2.1590606e-07  9.1971451e-05  4.9143159e-06  0.0000000   0.00041775349  
-1.7943836e-05  -0.00013544384  -7.1698232e-06  3.1129876e-06  3.0104250e-05  -0.00026608393  -9.7328451e-06  4.1450952e-07  -1.4031578e-05  -0.00041775349  0.0000000   -1.7943836e-05  -0.00013544384  -7.1698232e-06  3.1129876e-06  3.0104250e-05  -0.00026608393  -9.7328451e-06  4.1450952e-07  -1.4031578e-05  -0.00041775349  0.0000000   
