0.0000000   3.1269000e-06  4.0817102e-06  -3.8473333e-06  -1.5247431e-06  -1.3375970e-06  -1.0083866e-06  1.7236757e-06  -1.8767855e-06  7.4338403e-07  3.0929297e-06  0.0000000   3.1269000e-06  4.0817102e-06  -3.8473333e-06  -1.5247431e-06  -1.3375970e-06  -1.0083866e-06  1.7236757e-06  -1.8767855e-06  7.4338403e-07  3.0929297e-06  
-3.1269000e-06  0.0000000   0.0011223900  -4.4744253e-05  6.4895852e-05  -0.00011978023  0.00025313889  -6.1008677e-06  1.9223022e-05  -5.3462743e-05  2.2899900e-05  -3.1269000e-06  0.0000000   0.0011223900  -4.4744253e-05  6.4895852e-05  -0.00011978023  0.00025313889  -6.1008677e-06  1.9223022e-05  -5.3462743e-05  2.2899900e-05  
-4.0817102e-06  -0.0011223900  0.0000000   0.0012545829  0.00037177640  -9.3997054e-06  7.2242470e-05  -7.7828707e-05  -3.3434799e-05  -1.6663025e-05  -5.7159779e-06  -4.0817102e-06  -0.0011223900  0.0000000   0.0012545829  0.00037177640  -9.3997054e-06  7.2242470e-05  -7.7828707e-05  -3.3434799e-05  -1.6663025e-05  -5.7159779e-06  
3.8473333e-06  4.4744253e-05  -0.0012545829  0.0000000   0.00010882845  1.1635766e-05  -0.00013851914  -5.4013158e-05  1.5605304e-05  -2.8830094e-05  1.3036169e-05  3.8473333e-06  4.4744253e-05  -0.0012545829  0.0000000   0.00010882845  1.1635766e-05  -0.00013851914  -5.4013158e-05  1.5605304e-05  -2.8830094e-05  1.3036169e-05  
1.5247431e-06  -6.4895852e-05  -0.00037177640  -0.00010882845  0.0000000   6.6608256e-05  8.5968584e-05  0.00012455400  0.00010153956  -1.9845763e-05  -2.9392788e-05  1.5247431e-06  -6.4895852e-05  -0.00037177640  -0.00010882845  0.0000000   6.6608256e-05  8.5968584e-05  0.00012455400  0.00010153956  -1.9845763e-05  -2.9392788e-05  
1.3375970e-06  0.00011978023  9.3997054e-06  -1.1635766e-05  -6.6608256e-05  0.0000000   0.00052445775  -0.00015032221  0.00018481170  0.00034805399  0.00011962428  1.3375970e-06  0.00011978023  9.3997054e-06  -1.1635766e-05  -6.6608256e-05  0.0000000   0.00052445775  -0.00015032221  0.00018481170  0.00034805399  0.00011962428  
1.0083866e-06  -0.00025313889  -7.2242470e-05  0.00013851914  -8.5968584e-05  -0.00052445775  0.0000000   5.8774238e-05  -6.1845800e-05  -0.00029492527  0.00027754758  1.0083866e-06  -0.00025313889  -7.2242470e-05  0.00013851914  -8.5968584e-05  -0.00052445775  0.0000000   5.8774238e-05  -6.1845800e-05  -0.00029492527  0.00027754758  
-1.7236757e-06  6.1008677e-06  7.7828707e-05  5.4013158e-05  -0.00012455400  0.00015032221  -5.8774238e-05  0.0000000   -0.00026772734  -0.00015206002  -0.00019013134  -1.7236757e-06  6.1008677e-06  7.7828707e-05  5.4013158e-05  -0.00012455400  0.00015032221  -5.8774238e-05  0.0000000   -0.00026772734  -0.00015206002  -0.00019013134  
1.8767855e-06  -1.9223022e-05  3.3434799e-05  -1.5605304e-05  -0.00010153956  -0.00018481170  6.1845800e-05  0.00026772734  0.0000000   0.00024722952  0.00022293095  1.8767855e-06  -1.9223022e-05  3.3434799e-05  -1.5605304e-05  -0.00010153956  -0.00018481170  6.1845800e-05  0.00026772734  0.0000000   0.00024722952  0.00022293095  
-7.4338403e-07  5.3462743e-05  1.6663025e-05  2.8830094e-05  1.9845763e-05  -0.00034805399  0.00029492527  0.00015206002  -0.00024722952  0.0000000   0.0032462698  -7.4338403e-07  5.3462743e-05  1.6663025e-05  2.8830094e-05  1.9845763e-05  -0.00034805399  0.00029492527  0.00015206002  -0.00024722952  0.0000000   0.0032462698  
-3.0929297e-06  -2.2899900e-05  5.7159779e-06  -1.3036169e-05  2.9392788e-05  -0.00011962428  -0.00027754758  0.00019013134  -0.00022293095  -0.0032462698  0.0000000   -3.0929297e-06  -2.2899900e-05  5.7159779e-06  -1.3036169e-05  2.9392788e-05  -0.00011962428  -0.00027754758  0.00019013134  -0.00022293095  -0.0032462698  0.0000000   
0.0000000   3.1269000e-06  4.0817102e-06  -3.8473333e-06  -1.5247431e-06  -1.3375970e-06  -1.0083866e-06  1.7236757e-06  -1.8767855e-06  7.4338403e-07  3.0929297e-06  0.0000000   3.1269000e-06  4.0817102e-06  -3.8473333e-06  -1.5247431e-06  -1.3375970e-06  -1.0083866e-06  1.7236757e-06  -1.8767855e-06  7.4338403e-07  3.0929297e-06  
-3.1269000e-06  0.0000000   0.0011223900  -4.4744253e-05  6.4895852e-05  -0.00011978023  0.00025313889  -6.1008677e-06  1.9223022e-05  -5.3462743e-05  2.2899900e-05  -3.1269000e-06  0.0000000   0.0011223900  -4.4744253e-05  6.4895852e-05  -0.00011978023  0.00025313889  -6.1008677e-06  1.9223022e-05  -5.3462743e-05  2.2899900e-05  
-4.0817102e-06  -0.0011223900  0.0000000   0.0012545829  0.00037177640  -9.3997054e-06  7.2242470e-05  -7.7828707e-05  -3.3434799e-05  -1.6663025e-05  -5.7159779e-06  -4.0817102e-06  -0.0011223900  0.0000000   0.0012545829  0.00037177640  -9.3997054e-06  7.2242470e-05  -7.7828707e-05  -3.3434799e-05  -1.6663025e-05  -5.7159779e-06  
3.8473333e-06  4.4744253e-05  -0.0012545829  0.0000000   0.00010882845  1.1635766e-05  -0.00013851914  -5.4013158e-05  1.5605304e-05  -2.8830094e-05  1.3036169e-05  3.8473333e-06  4.4744253e-05  -0.0012545829  0.0000000   0.00010882845  1.1635766e-05  -0.00013851914  -5.4013158e-05  1.5605304e-05  -2.8830094e-05  1.3036169e-05  
1.5247431e-06  -6.4895852e-05  -0.00037177640  -0.00010882845  0.0000000   6.6608256e-05  8.5968584e-05  0.00012455400  0.00010153956  -1.9845763e-05  -2.9392788e-05  1.5247431e-06  -6.4895852e-05  -0.00037177640  -0.00010882845  0.0000000   6.6608256e-05  8.5968584e-05  0.00012455400  0.00010153956  -1.9845763e-05  -2.9392788e-05  
1.3375970e-06  0.00011978023  9.3997054e-06  -1.1635766e-05  -6.6608256e-05  0.0000000   0.00052445775  -0.00015032221  0.00018481170  0.00034805399  0.00011962428  1.3375970e-06  0.00011978023  9.3997054e-06  -1.1635766e-05  -6.6608256e-05  0.0000000   0.00052445775  -0.00015032221  0.00018481170  0.00034805399  0.00011962428  
1.0083866e-06  -0.00025313889  -7.2242470e-05  0.00013851914  -8.5968584e-05  -0.00052445775  0.0000000   5.8774238e-05  -6.1845800e-05  -0.00029492527  0.00027754758  1.0083866e-06  -0.00025313889  -7.2242470e-05  0.00013851914  -8.5968584e-05  -0.00052445775  0.0000000   5.8774238e-05  -6.1845800e-05  -0.00029492527  0.00027754758  
-1.7236757e-06  6.1008677e-06  7.7828707e-05  5.4013158e-05  -0.00012455400  0.00015032221  -5.8774238e-05  0.0000000   -0.00026772734  -0.00015206002  -0.00019013134  -1.7236757e-06  6.1008677e-06  7.7828707e-05  5.4013158e-05  -0.00012455400  0.00015032221  -5.8774238e-05  0.0000000   -0.00026772734  -0.00015206002  -0.00019013134  
1.8767855e-06  -1.9223022e-05  3.3434799e-05  -1.5605304e-05  -0.00010153956  -0.00018481170  6.1845800e-05  0.00026772734  0.0000000   0.00024722952  0.00022293095  1.8767855e-06  -1.9223022e-05  3.3434799e-05  -1.5605304e-05  -0.00010153956  -0.00018481170  6.1845800e-05  0.00026772734  0.0000000   0.00024722952  0.00022293095  
-7.4338403e-07  5.3462743e-05  1.6663025e-05  2.8830094e-05  1.9845763e-05  -0.00034805399  0.00029492527  0.00015206002  -0.00024722952  0.0000000   0.0032462698  -7.4338403e-07  5.3462743e-05  1.6663025e-05  2.8830094e-05  1.9845763e-05  -0.00034805399  0.00029492527  0.00015206002  -0.00024722952  0.0000000   0.0032462698  
-3.0929297e-06  -2.2899900e-05  5.7159779e-06  -1.3036169e-05  2.9392788e-05  -0.00011962428  -0.00027754758  0.00019013134  -0.00022293095  -0.0032462698  0.0000000   -3.0929297e-06  -2.2899900e-05  5.7159779e-06  -1.3036169e-05  2.9392788e-05  -0.00011962428  -0.00027754758  0.00019013134  -0.00022293095  -0.0032462698  0.0000000   
