0.0000000   -0.00012706399  6.7530227e-05  -0.00014060277  3.4326363e-05  7.1971128e-05  0.00013988432  3.9975212e-07  5.5321652e-07  5.5854867e-08  1.2114355e-06  0.0000000   -0.00012706399  6.7530227e-05  -0.00014060277  3.4326363e-05  7.1971128e-05  0.00013988432  3.9975212e-07  5.5321652e-07  5.5854867e-08  1.2114355e-06  
0.00012706399  0.0000000   0.00095542057  -0.00038565383  -5.3979583e-05  -3.2941064e-05  0.00014522653  -1.6028143e-06  -1.0861947e-06  -7.4153489e-07  9.9508700e-07  0.00012706399  0.0000000   0.00095542057  -0.00038565383  -5.3979583e-05  -3.2941064e-05  0.00014522653  -1.6028143e-06  -1.0861947e-06  -7.4153489e-07  9.9508700e-07  
-6.7530227e-05  -0.00095542057  0.0000000   -0.00042369483  4.5104078e-05  -0.00011793514  -3.5607993e-05  -1.1166893e-06  1.4228958e-06  4.9234862e-07  -1.1144859e-07  -6.7530227e-05  -0.00095542057  0.0000000   -0.00042369483  4.5104078e-05  -0.00011793514  -3.5607993e-05  -1.1166893e-06  1.4228958e-06  4.9234862e-07  -1.1144859e-07  
0.00014060277  0.00038565383  0.00042369483  0.0000000   -0.00035724994  -1.7670545e-05  0.00013677468  7.6291442e-07  -6.3023630e-07  1.5842262e-06  3.1246425e-07  0.00014060277  0.00038565383  0.00042369483  0.0000000   -0.00035724994  -1.7670545e-05  0.00013677468  7.6291442e-07  -6.3023630e-07  1.5842262e-06  3.1246425e-07  
-3.4326363e-05  5.3979583e-05  -4.5104078e-05  0.00035724994  0.0000000   0.00011086225  -1.3262463e-07  1.1649096e-06  8.5674067e-07  7.9036690e-07  -4.6942900e-07  -3.4326363e-05  5.3979583e-05  -4.5104078e-05  0.00035724994  0.0000000   0.00011086225  -1.3262463e-07  1.1649096e-06  8.5674067e-07  7.9036690e-07  -4.6942900e-07  
-7.1971128e-05  3.2941064e-05  0.00011793514  1.7670545e-05  -0.00011086225  0.0000000   -8.9043577e-05  -1.4510073e-06  -2.2481117e-06  -5.0968257e-07  -5.0374493e-07  -7.1971128e-05  3.2941064e-05  0.00011793514  1.7670545e-05  -0.00011086225  0.0000000   -8.9043577e-05  -1.4510073e-06  -2.2481117e-06  -5.0968257e-07  -5.0374493e-07  
-0.00013988432  -0.00014522653  3.5607993e-05  -0.00013677468  1.3262463e-07  8.9043577e-05  0.0000000   -2.1172975e-08  -2.1714145e-06  -2.8363135e-06  1.5338566e-07  -0.00013988432  -0.00014522653  3.5607993e-05  -0.00013677468  1.3262463e-07  8.9043577e-05  0.0000000   -2.1172975e-08  -2.1714145e-06  -2.8363135e-06  1.5338566e-07  
-3.9975212e-07  1.6028143e-06  1.1166893e-06  -7.6291442e-07  -1.1649096e-06  1.4510073e-06  2.1172975e-08  0.0000000   0.00059115281  0.00012971433  -3.0021682e-05  -3.9975212e-07  1.6028143e-06  1.1166893e-06  -7.6291442e-07  -1.1649096e-06  1.4510073e-06  2.1172975e-08  0.0000000   0.00059115281  0.00012971433  -3.0021682e-05  
-5.5321652e-07  1.0861947e-06  -1.4228958e-06  6.3023630e-07  -8.5674067e-07  2.2481117e-06  2.1714145e-06  -0.00059115281  0.0000000   -0.00067506987  0.00028216140  -5.5321652e-07  1.0861947e-06  -1.4228958e-06  6.3023630e-07  -8.5674067e-07  2.2481117e-06  2.1714145e-06  -0.00059115281  0.0000000   -0.00067506987  0.00028216140  
-5.5854867e-08  7.4153489e-07  -4.9234862e-07  -1.5842262e-06  -7.9036690e-07  5.0968257e-07  2.8363135e-06  -0.00012971433  0.00067506987  0.0000000   -0.00030618964  -5.5854867e-08  7.4153489e-07  -4.9234862e-07  -1.5842262e-06  -7.9036690e-07  5.0968257e-07  2.8363135e-06  -0.00012971433  0.00067506987  0.0000000   -0.00030618964  
-1.2114355e-06  -9.9508700e-07  1.1144859e-07  -3.1246425e-07  4.6942900e-07  5.0374493e-07  -1.5338566e-07  3.0021682e-05  -0.00028216140  0.00030618964  0.0000000   -1.2114355e-06  -9.9508700e-07  1.1144859e-07  -3.1246425e-07  4.6942900e-07  5.0374493e-07  -1.5338566e-07  3.0021682e-05  -0.00028216140  0.00030618964  0.0000000   
0.0000000   -0.00012706399  6.7530227e-05  -0.00014060277  3.4326363e-05  7.1971128e-05  0.00013988432  3.9975212e-07  5.5321652e-07  5.5854867e-08  1.2114355e-06  0.0000000   -0.00012706399  6.7530227e-05  -0.00014060277  3.4326363e-05  7.1971128e-05  0.00013988432  3.9975212e-07  5.5321652e-07  5.5854867e-08  1.2114355e-06  
0.00012706399  0.0000000   0.00095542057  -0.00038565383  -5.3979583e-05  -3.2941064e-05  0.00014522653  -1.6028143e-06  -1.0861947e-06  -7.4153489e-07  9.9508700e-07  0.00012706399  0.0000000   0.00095542057  -0.00038565383  -5.3979583e-05  -3.2941064e-05  0.00014522653  -1.6028143e-06  -1.0861947e-06  -7.4153489e-07  9.9508700e-07  
-6.7530227e-05  -0.00095542057  0.0000000   -0.00042369483  4.5104078e-05  -0.00011793514  -3.5607993e-05  -1.1166893e-06  1.4228958e-06  4.9234862e-07  -1.1144859e-07  -6.7530227e-05  -0.00095542057  0.0000000   -0.00042369483  4.5104078e-05  -0.00011793514  -3.5607993e-05  -1.1166893e-06  1.4228958e-06  4.9234862e-07  -1.1144859e-07  
0.00014060277  0.00038565383  0.00042369483  0.0000000   -0.00035724994  -1.7670545e-05  0.00013677468  7.6291442e-07  -6.3023630e-07  1.5842262e-06  3.1246425e-07  0.00014060277  0.00038565383  0.00042369483  0.0000000   -0.00035724994  -1.7670545e-05  0.00013677468  7.6291442e-07  -6.3023630e-07  1.5842262e-06  3.1246425e-07  
-3.4326363e-05  5.3979583e-05  -4.5104078e-05  0.00035724994  0.0000000   0.00011086225  -1.3262463e-07  1.1649096e-06  8.5674067e-07  7.9036690e-07  -4.6942900e-07  -3.4326363e-05  5.3979583e-05  -4.5104078e-05  0.00035724994  0.0000000   0.00011086225  -1.3262463e-07  1.1649096e-06  8.5674067e-07  7.9036690e-07  -4.6942900e-07  
-7.1971128e-05  3.2941064e-05  0.00011793514  1.7670545e-05  -0.00011086225  0.0000000   -8.9043577e-05  -1.4510073e-06  -2.2481117e-06  -5.0968257e-07  -5.0374493e-07  -7.1971128e-05  3.2941064e-05  0.00011793514  1.7670545e-05  -0.00011086225  0.0000000   -8.9043577e-05  -1.4510073e-06  -2.2481117e-06  -5.0968257e-07  -5.0374493e-07  
-0.00013988432  -0.00014522653  3.5607993e-05  -0.00013677468  1.3262463e-07  8.9043577e-05  0.0000000   -2.1172975e-08  -2.1714145e-06  -2.8363135e-06  1.5338566e-07  -0.00013988432  -0.00014522653  3.5607993e-05  -0.00013677468  1.3262463e-07  8.9043577e-05  0.0000000   -2.1172975e-08  -2.1714145e-06  -2.8363135e-06  1.5338566e-07  
-3.9975212e-07  1.6028143e-06  1.1166893e-06  -7.6291442e-07  -1.1649096e-06  1.4510073e-06  2.1172975e-08  0.0000000   0.00059115281  0.00012971433  -3.0021682e-05  -3.9975212e-07  1.6028143e-06  1.1166893e-06  -7.6291442e-07  -1.1649096e-06  1.4510073e-06  2.1172975e-08  0.0000000   0.00059115281  0.00012971433  -3.0021682e-05  
-5.5321652e-07  1.0861947e-06  -1.4228958e-06  6.3023630e-07  -8.5674067e-07  2.2481117e-06  2.1714145e-06  -0.00059115281  0.0000000   -0.00067506987  0.00028216140  -5.5321652e-07  1.0861947e-06  -1.4228958e-06  6.3023630e-07  -8.5674067e-07  2.2481117e-06  2.1714145e-06  -0.00059115281  0.0000000   -0.00067506987  0.00028216140  
-5.5854867e-08  7.4153489e-07  -4.9234862e-07  -1.5842262e-06  -7.9036690e-07  5.0968257e-07  2.8363135e-06  -0.00012971433  0.00067506987  0.0000000   -0.00030618964  -5.5854867e-08  7.4153489e-07  -4.9234862e-07  -1.5842262e-06  -7.9036690e-07  5.0968257e-07  2.8363135e-06  -0.00012971433  0.00067506987  0.0000000   -0.00030618964  
-1.2114355e-06  -9.9508700e-07  1.1144859e-07  -3.1246425e-07  4.6942900e-07  5.0374493e-07  -1.5338566e-07  3.0021682e-05  -0.00028216140  0.00030618964  0.0000000   -1.2114355e-06  -9.9508700e-07  1.1144859e-07  -3.1246425e-07  4.6942900e-07  5.0374493e-07  -1.5338566e-07  3.0021682e-05  -0.00028216140  0.00030618964  0.0000000   
