1.0000000   5.4724258e-17  -6.6680022e-17  -5.2478858e-16  1.0385619e-16  3.4304665e-16  5.6629129e-17  -2.8839862e-16  -5.6339444e-17  2.3717939e-16  -7.5767436e-16  1.0000000   5.4724258e-17  -6.6680022e-17  -5.2478858e-16  1.0385619e-16  3.4304665e-16  5.6629129e-17  -2.8839862e-16  -5.6339444e-17  2.3717939e-16  -7.5767436e-16  
5.4724258e-17  1.0000000   -3.6622062e-16  -3.9511673e-16  -4.3407135e-16  4.4982532e-17  -5.6152863e-16  -3.8842898e-16  2.5401120e-16  1.2891841e-17  5.8021757e-17  5.4724258e-17  1.0000000   -3.6622062e-16  -3.9511673e-16  -4.3407135e-16  4.4982532e-17  -5.6152863e-16  -3.8842898e-16  2.5401120e-16  1.2891841e-17  5.8021757e-17  
-6.6680022e-17  -3.6622062e-16  1.0000000   2.0610006e-17  4.7604734e-16  4.5465340e-17  -1.1859308e-17  -3.9784306e-16  -3.0062425e-16  -2.2738007e-16  -8.8460691e-16  -6.6680022e-17  -3.6622062e-16  1.0000000   2.0610006e-17  4.7604734e-16  4.5465340e-17  -1.1859308e-17  -3.9784306e-16  -3.0062425e-16  -2.2738007e-16  -8.8460691e-16  
-5.2478858e-16  -3.9511673e-16  2.0610006e-17  1.0000000   -3.4896021e-16  8.1174555e-17  1.0540393e-16  1.3712447e-16  -2.6403605e-16  -1.6520404e-16  1.9100593e-18  -5.2478858e-16  -3.9511673e-16  2.0610006e-17  1.0000000   -3.4896021e-16  8.1174555e-17  1.0540393e-16  1.3712447e-16  -2.6403605e-16  -1.6520404e-16  1.9100593e-18  
1.0385619e-16  -4.3407135e-16  4.7604734e-16  -3.4896021e-16  1.0000000   2.7942431e-16  -7.3910274e-16  2.5288169e-17  -5.0676711e-17  5.3724759e-17  -2.6560073e-16  1.0385619e-16  -4.3407135e-16  4.7604734e-16  -3.4896021e-16  1.0000000   2.7942431e-16  -7.3910274e-16  2.5288169e-17  -5.0676711e-17  5.3724759e-17  -2.6560073e-16  
3.4304665e-16  4.4982532e-17  4.5465340e-17  8.1174555e-17  2.7942431e-16  1.0000000   -2.3991234e-16  7.3717277e-17  -5.3898824e-17  5.4195370e-16  3.5415803e-16  3.4304665e-16  4.4982532e-17  4.5465340e-17  8.1174555e-17  2.7942431e-16  1.0000000   -2.3991234e-16  7.3717277e-17  -5.3898824e-17  5.4195370e-16  3.5415803e-16  
5.6629129e-17  -5.6152863e-16  -1.1859308e-17  1.0540393e-16  -7.3910274e-16  -2.3991234e-16  1.0000000   2.9362948e-16  3.1871150e-16  4.0330627e-16  -7.7524860e-16  5.6629129e-17  -5.6152863e-16  -1.1859308e-17  1.0540393e-16  -7.3910274e-16  -2.3991234e-16  1.0000000   2.9362948e-16  3.1871150e-16  4.0330627e-16  -7.7524860e-16  
-2.8839862e-16  -3.8842898e-16  -3.9784306e-16  1.3712447e-16  2.5288169e-17  7.3717277e-17  2.9362948e-16  1.0000000   2.6975501e-16  -3.6847627e-17  -1.6148344e-16  -2.8839862e-16  -3.8842898e-16  -3.9784306e-16  1.3712447e-16  2.5288169e-17  7.3717277e-17  2.9362948e-16  1.0000000   2.6975501e-16  -3.6847627e-17  -1.6148344e-16  
-5.6339444e-17  2.5401120e-16  -3.0062425e-16  -2.6403605e-16  -5.0676711e-17  -5.3898824e-17  3.1871150e-16  2.6975501e-16  1.0000000   -2.4485605e-17  9.9217204e-18  -5.6339444e-17  2.5401120e-16  -3.0062425e-16  -2.6403605e-16  -5.0676711e-17  -5.3898824e-17  3.1871150e-16  2.6975501e-16  1.0000000   -2.4485605e-17  9.9217204e-18  
2.3717939e-16  1.2891841e-17  -2.2738007e-16  -1.6520404e-16  5.3724759e-17  5.4195370e-16  4.0330627e-16  -3.6847627e-17  -2.4485605e-17  1.0000000   3.9515950e-16  2.3717939e-16  1.2891841e-17  -2.2738007e-16  -1.6520404e-16  5.3724759e-17  5.4195370e-16  4.0330627e-16  -3.6847627e-17  -2.4485605e-17  1.0000000   3.9515950e-16  
-7.5767436e-16  5.8021757e-17  -8.8460691e-16  1.9100593e-18  -2.6560073e-16  3.5415803e-16  -7.7524860e-16  -1.6148344e-16  9.9217204e-18  3.9515950e-16  1.0000000   -7.5767436e-16  5.8021757e-17  -8.8460691e-16  1.9100593e-18  -2.6560073e-16  3.5415803e-16  -7.7524860e-16  -1.6148344e-16  9.9217204e-18  3.9515950e-16  1.0000000   
1.0000000   5.4724258e-17  -6.6680022e-17  -5.2478858e-16  1.0385619e-16  3.4304665e-16  5.6629129e-17  -2.8839862e-16  -5.6339444e-17  2.3717939e-16  -7.5767436e-16  1.0000000   5.4724258e-17  -6.6680022e-17  -5.2478858e-16  1.0385619e-16  3.4304665e-16  5.6629129e-17  -2.8839862e-16  -5.6339444e-17  2.3717939e-16  -7.5767436e-16  
5.4724258e-17  1.0000000   -3.6622062e-16  -3.9511673e-16  -4.3407135e-16  4.4982532e-17  -5.6152863e-16  -3.8842898e-16  2.5401120e-16  1.2891841e-17  5.8021757e-17  5.4724258e-17  1.0000000   -3.6622062e-16  -3.9511673e-16  -4.3407135e-16  4.4982532e-17  -5.6152863e-16  -3.8842898e-16  2.5401120e-16  1.2891841e-17  5.8021757e-17  
-6.6680022e-17  -3.6622062e-16  1.0000000   2.0610006e-17  4.7604734e-16  4.5465340e-17  -1.1859308e-17  -3.9784306e-16  -3.0062425e-16  -2.2738007e-16  -8.8460691e-16  -6.6680022e-17  -3.6622062e-16  1.0000000   2.0610006e-17  4.7604734e-16  4.5465340e-17  -1.1859308e-17  -3.9784306e-16  -3.0062425e-16  -2.2738007e-16  -8.8460691e-16  
-5.2478858e-16  -3.9511673e-16  2.0610006e-17  1.0000000   -3.4896021e-16  8.1174555e-17  1.0540393e-16  1.3712447e-16  -2.6403605e-16  -1.6520404e-16  1.9100593e-18  -5.2478858e-16  -3.9511673e-16  2.0610006e-17  1.0000000   -3.4896021e-16  8.1174555e-17  1.0540393e-16  1.3712447e-16  -2.6403605e-16  -1.6520404e-16  1.9100593e-18  
1.0385619e-16  -4.3407135e-16  4.7604734e-16  -3.4896021e-16  1.0000000   2.7942431e-16  -7.3910274e-16  2.5288169e-17  -5.0676711e-17  5.3724759e-17  -2.6560073e-16  1.0385619e-16  -4.3407135e-16  4.7604734e-16  -3.4896021e-16  1.0000000   2.7942431e-16  -7.3910274e-16  2.5288169e-17  -5.0676711e-17  5.3724759e-17  -2.6560073e-16  
3.4304665e-16  4.4982532e-17  4.5465340e-17  8.1174555e-17  2.7942431e-16  1.0000000   -2.3991234e-16  7.3717277e-17  -5.3898824e-17  5.4195370e-16  3.5415803e-16  3.4304665e-16  4.4982532e-17  4.5465340e-17  8.1174555e-17  2.7942431e-16  1.0000000   -2.3991234e-16  7.3717277e-17  -5.3898824e-17  5.4195370e-16  3.5415803e-16  
5.6629129e-17  -5.6152863e-16  -1.1859308e-17  1.0540393e-16  -7.3910274e-16  -2.3991234e-16  1.0000000   2.9362948e-16  3.1871150e-16  4.0330627e-16  -7.7524860e-16  5.6629129e-17  -5.6152863e-16  -1.1859308e-17  1.0540393e-16  -7.3910274e-16  -2.3991234e-16  1.0000000   2.9362948e-16  3.1871150e-16  4.0330627e-16  -7.7524860e-16  
-2.8839862e-16  -3.8842898e-16  -3.9784306e-16  1.3712447e-16  2.5288169e-17  7.3717277e-17  2.9362948e-16  1.0000000   2.6975501e-16  -3.6847627e-17  -1.6148344e-16  -2.8839862e-16  -3.8842898e-16  -3.9784306e-16  1.3712447e-16  2.5288169e-17  7.3717277e-17  2.9362948e-16  1.0000000   2.6975501e-16  -3.6847627e-17  -1.6148344e-16  
-5.6339444e-17  2.5401120e-16  -3.0062425e-16  -2.6403605e-16  -5.0676711e-17  -5.3898824e-17  3.1871150e-16  2.6975501e-16  1.0000000   -2.4485605e-17  9.9217204e-18  -5.6339444e-17  2.5401120e-16  -3.0062425e-16  -2.6403605e-16  -5.0676711e-17  -5.3898824e-17  3.1871150e-16  2.6975501e-16  1.0000000   -2.4485605e-17  9.9217204e-18  
2.3717939e-16  1.2891841e-17  -2.2738007e-16  -1.6520404e-16  5.3724759e-17  5.4195370e-16  4.0330627e-16  -3.6847627e-17  -2.4485605e-17  1.0000000   3.9515950e-16  2.3717939e-16  1.2891841e-17  -2.2738007e-16  -1.6520404e-16  5.3724759e-17  5.4195370e-16  4.0330627e-16  -3.6847627e-17  -2.4485605e-17  1.0000000   3.9515950e-16  
-7.5767436e-16  5.8021757e-17  -8.8460691e-16  1.9100593e-18  -2.6560073e-16  3.5415803e-16  -7.7524860e-16  -1.6148344e-16  9.9217204e-18  3.9515950e-16  1.0000000   -7.5767436e-16  5.8021757e-17  -8.8460691e-16  1.9100593e-18  -2.6560073e-16  3.5415803e-16  -7.7524860e-16  -1.6148344e-16  9.9217204e-18  3.9515950e-16  1.0000000   
