1.0000000   3.5533371e-16  7.1019054e-17  2.4702530e-16  2.3365679e-16  -5.8309833e-16  -4.9857376e-16  3.6388620e-16  1.7880527e-16  -1.3701605e-17  3.0232342e-16  1.0000000   3.5533371e-16  7.1019054e-17  2.4702530e-16  2.3365679e-16  -5.8309833e-16  -4.9857376e-16  3.6388620e-16  1.7880527e-16  -1.3701605e-17  3.0232342e-16  
3.5533371e-16  1.0000000   3.7508461e-16  -2.3558866e-16  2.8785504e-16  8.7346546e-16  -1.9030840e-16  6.4366521e-16  -2.8324697e-16  3.5811537e-16  3.3769510e-17  3.5533371e-16  1.0000000   3.7508461e-16  -2.3558866e-16  2.8785504e-16  8.7346546e-16  -1.9030840e-16  6.4366521e-16  -2.8324697e-16  3.5811537e-16  3.3769510e-17  
7.1019054e-17  3.7508461e-16  1.0000000   2.4210150e-16  2.4071618e-18  -2.4583649e-16  -1.7690707e-17  -1.6566270e-17  1.0057034e-16  -3.9027678e-17  -1.1002323e-17  7.1019054e-17  3.7508461e-16  1.0000000   2.4210150e-16  2.4071618e-18  -2.4583649e-16  -1.7690707e-17  -1.6566270e-17  1.0057034e-16  -3.9027678e-17  -1.1002323e-17  
2.4702530e-16  -2.3558866e-16  2.4210150e-16  1.0000000   8.3681254e-16  3.7308413e-17  -6.5621675e-16  -2.8518752e-17  -2.8595790e-16  1.1923513e-16  1.5275731e-16  2.4702530e-16  -2.3558866e-16  2.4210150e-16  1.0000000   8.3681254e-16  3.7308413e-17  -6.5621675e-16  -2.8518752e-17  -2.8595790e-16  1.1923513e-16  1.5275731e-16  
2.3365679e-16  2.8785504e-16  2.4071618e-18  8.3681254e-16  1.0000000   5.6956062e-16  6.7361777e-17  -2.1217117e-18  -6.5935268e-17  2.6232610e-17  3.0903574e-16  2.3365679e-16  2.8785504e-16  2.4071618e-18  8.3681254e-16  1.0000000   5.6956062e-16  6.7361777e-17  -2.1217117e-18  -6.5935268e-17  2.6232610e-17  3.0903574e-16  
-5.8309833e-16  8.7346546e-16  -2.4583649e-16  3.7308413e-17  5.6956062e-16  1.0000000   1.8541509e-16  -1.0927443e-15  1.1617773e-15  6.7014367e-16  -1.5692386e-16  -5.8309833e-16  8.7346546e-16  -2.4583649e-16  3.7308413e-17  5.6956062e-16  1.0000000   1.8541509e-16  -1.0927443e-15  1.1617773e-15  6.7014367e-16  -1.5692386e-16  
-4.9857376e-16  -1.9030840e-16  -1.7690707e-17  -6.5621675e-16  6.7361777e-17  1.8541509e-16  1.0000000   -1.2383812e-16  -2.2464118e-16  -2.2945043e-16  1.9361776e-16  -4.9857376e-16  -1.9030840e-16  -1.7690707e-17  -6.5621675e-16  6.7361777e-17  1.8541509e-16  1.0000000   -1.2383812e-16  -2.2464118e-16  -2.2945043e-16  1.9361776e-16  
3.6388620e-16  6.4366521e-16  -1.6566270e-17  -2.8518752e-17  -2.1217117e-18  -1.0927443e-15  -1.2383812e-16  1.0000000   2.5215536e-16  1.5838669e-16  4.4384526e-19  3.6388620e-16  6.4366521e-16  -1.6566270e-17  -2.8518752e-17  -2.1217117e-18  -1.0927443e-15  -1.2383812e-16  1.0000000   2.5215536e-16  1.5838669e-16  4.4384526e-19  
1.7880527e-16  -2.8324697e-16  1.0057034e-16  -2.8595790e-16  -6.5935268e-17  1.1617773e-15  -2.2464118e-16  2.5215536e-16  1.0000000   -1.5616958e-16  -4.6506429e-16  1.7880527e-16  -2.8324697e-16  1.0057034e-16  -2.8595790e-16  -6.5935268e-17  1.1617773e-15  -2.2464118e-16  2.5215536e-16  1.0000000   -1.5616958e-16  -4.6506429e-16  
-1.3701605e-17  3.5811537e-16  -3.9027678e-17  1.1923513e-16  2.6232610e-17  6.7014367e-16  -2.2945043e-16  1.5838669e-16  -1.5616958e-16  1.0000000   1.1084104e-16  -1.3701605e-17  3.5811537e-16  -3.9027678e-17  1.1923513e-16  2.6232610e-17  6.7014367e-16  -2.2945043e-16  1.5838669e-16  -1.5616958e-16  1.0000000   1.1084104e-16  
3.0232342e-16  3.3769510e-17  -1.1002323e-17  1.5275731e-16  3.0903574e-16  -1.5692386e-16  1.9361776e-16  4.4384526e-19  -4.6506429e-16  1.1084104e-16  1.0000000   3.0232342e-16  3.3769510e-17  -1.1002323e-17  1.5275731e-16  3.0903574e-16  -1.5692386e-16  1.9361776e-16  4.4384526e-19  -4.6506429e-16  1.1084104e-16  1.0000000   
1.0000000   3.5533371e-16  7.1019054e-17  2.4702530e-16  2.3365679e-16  -5.8309833e-16  -4.9857376e-16  3.6388620e-16  1.7880527e-16  -1.3701605e-17  3.0232342e-16  1.0000000   3.5533371e-16  7.1019054e-17  2.4702530e-16  2.3365679e-16  -5.8309833e-16  -4.9857376e-16  3.6388620e-16  1.7880527e-16  -1.3701605e-17  3.0232342e-16  
3.5533371e-16  1.0000000   3.7508461e-16  -2.3558866e-16  2.8785504e-16  8.7346546e-16  -1.9030840e-16  6.4366521e-16  -2.8324697e-16  3.5811537e-16  3.3769510e-17  3.5533371e-16  1.0000000   3.7508461e-16  -2.3558866e-16  2.8785504e-16  8.7346546e-16  -1.9030840e-16  6.4366521e-16  -2.8324697e-16  3.5811537e-16  3.3769510e-17  
7.1019054e-17  3.7508461e-16  1.0000000   2.4210150e-16  2.4071618e-18  -2.4583649e-16  -1.7690707e-17  -1.6566270e-17  1.0057034e-16  -3.9027678e-17  -1.1002323e-17  7.1019054e-17  3.7508461e-16  1.0000000   2.4210150e-16  2.4071618e-18  -2.4583649e-16  -1.7690707e-17  -1.6566270e-17  1.0057034e-16  -3.9027678e-17  -1.1002323e-17  
2.4702530e-16  -2.3558866e-16  2.4210150e-16  1.0000000   8.3681254e-16  3.7308413e-17  -6.5621675e-16  -2.8518752e-17  -2.8595790e-16  1.1923513e-16  1.5275731e-16  2.4702530e-16  -2.3558866e-16  2.4210150e-16  1.0000000   8.3681254e-16  3.7308413e-17  -6.5621675e-16  -2.8518752e-17  -2.8595790e-16  1.1923513e-16  1.5275731e-16  
2.3365679e-16  2.8785504e-16  2.4071618e-18  8.3681254e-16  1.0000000   5.6956062e-16  6.7361777e-17  -2.1217117e-18  -6.5935268e-17  2.6232610e-17  3.0903574e-16  2.3365679e-16  2.8785504e-16  2.4071618e-18  8.3681254e-16  1.0000000   5.6956062e-16  6.7361777e-17  -2.1217117e-18  -6.5935268e-17  2.6232610e-17  3.0903574e-16  
-5.8309833e-16  8.7346546e-16  -2.4583649e-16  3.7308413e-17  5.6956062e-16  1.0000000   1.8541509e-16  -1.0927443e-15  1.1617773e-15  6.7014367e-16  -1.5692386e-16  -5.8309833e-16  8.7346546e-16  -2.4583649e-16  3.7308413e-17  5.6956062e-16  1.0000000   1.8541509e-16  -1.0927443e-15  1.1617773e-15  6.7014367e-16  -1.5692386e-16  
-4.9857376e-16  -1.9030840e-16  -1.7690707e-17  -6.5621675e-16  6.7361777e-17  1.8541509e-16  1.0000000   -1.2383812e-16  -2.2464118e-16  -2.2945043e-16  1.9361776e-16  -4.9857376e-16  -1.9030840e-16  -1.7690707e-17  -6.5621675e-16  6.7361777e-17  1.8541509e-16  1.0000000   -1.2383812e-16  -2.2464118e-16  -2.2945043e-16  1.9361776e-16  
3.6388620e-16  6.4366521e-16  -1.6566270e-17  -2.8518752e-17  -2.1217117e-18  -1.0927443e-15  -1.2383812e-16  1.0000000   2.5215536e-16  1.5838669e-16  4.4384526e-19  3.6388620e-16  6.4366521e-16  -1.6566270e-17  -2.8518752e-17  -2.1217117e-18  -1.0927443e-15  -1.2383812e-16  1.0000000   2.5215536e-16  1.5838669e-16  4.4384526e-19  
1.7880527e-16  -2.8324697e-16  1.0057034e-16  -2.8595790e-16  -6.5935268e-17  1.1617773e-15  -2.2464118e-16  2.5215536e-16  1.0000000   -1.5616958e-16  -4.6506429e-16  1.7880527e-16  -2.8324697e-16  1.0057034e-16  -2.8595790e-16  -6.5935268e-17  1.1617773e-15  -2.2464118e-16  2.5215536e-16  1.0000000   -1.5616958e-16  -4.6506429e-16  
-1.3701605e-17  3.5811537e-16  -3.9027678e-17  1.1923513e-16  2.6232610e-17  6.7014367e-16  -2.2945043e-16  1.5838669e-16  -1.5616958e-16  1.0000000   1.1084104e-16  -1.3701605e-17  3.5811537e-16  -3.9027678e-17  1.1923513e-16  2.6232610e-17  6.7014367e-16  -2.2945043e-16  1.5838669e-16  -1.5616958e-16  1.0000000   1.1084104e-16  
3.0232342e-16  3.3769510e-17  -1.1002323e-17  1.5275731e-16  3.0903574e-16  -1.5692386e-16  1.9361776e-16  4.4384526e-19  -4.6506429e-16  1.1084104e-16  1.0000000   3.0232342e-16  3.3769510e-17  -1.1002323e-17  1.5275731e-16  3.0903574e-16  -1.5692386e-16  1.9361776e-16  4.4384526e-19  -4.6506429e-16  1.1084104e-16  1.0000000   
