0.99955820  0.0097683177  0.0015072964  0.0043400418  0.0030282169  0.0049719944  0.0075590634  -0.0081975332  -0.0029989394  -0.0010163302  0.00064947542  0.99955820  0.0097683177  0.0015072964  0.0043400418  0.0030282169  0.0049719944  0.0075590634  -0.0081975332  -0.0029989394  -0.0010163302  0.00064947542  
0.0096954519  -0.99942515  0.016755247  0.0035856169  -0.0042903809  0.00026631411  -0.00032616718  -0.0051563236  -0.0026241081  -0.0027902252  0.0061943377  0.0096954519  -0.99942515  0.016755247  0.0035856169  -0.0042903809  0.00026631411  -0.00032616718  -0.0051563236  -0.0026241081  -0.0027902252  0.0061943377  
0.0012301990  -0.016904243  -0.99652859  0.044923449  0.059833856  -0.0033715479  0.0035223153  0.0031127007  -0.0058113247  -0.0053535642  -0.0028894493  0.0012301990  -0.016904243  -0.99652859  0.044923449  0.059833856  -0.0033715479  0.0035223153  0.0031127007  -0.0058113247  -0.0053535642  -0.0028894493  
-0.0042735668  0.0044753524  0.042336369  0.99758573  -0.040125158  -0.015486050  -0.0036992961  0.0022066250  -0.0023912553  0.0050874138  0.0022395057  -0.0042735668  0.0044753524  0.042336369  0.99758573  -0.040125158  -0.015486050  -0.0036992961  0.0022066250  -0.0023912553  0.0050874138  0.0022395057  
0.0031519968  0.0033335081  -0.061909680  -0.037411059  -0.99671858  0.00021136850  -0.0014615182  -0.0057037929  -0.0058146035  0.0085596895  0.0024738643  0.0031519968  0.0033335081  -0.061909680  -0.037411059  -0.99671858  0.00021136850  -0.0014615182  -0.0057037929  -0.0058146035  0.0085596895  0.0024738643  
0.0053316176  -0.00033581517  0.0026815593  -0.015729095  -1.6183859e-05  -0.99911761  -0.022572502  0.022351943  -0.00050503701  -0.010752150  -0.00024657605  0.0053316176  -0.00033581517  0.0026815593  -0.015729095  -1.6183859e-05  -0.99911761  -0.022572502  0.022351943  -0.00050503701  -0.010752150  -0.00024657605  
0.0075862752  0.00022859473  -0.0035703453  -0.0030939700  0.0017275731  0.022997829  -0.99947238  0.017341475  0.0066603772  0.0032436369  0.00074289485  0.0075862752  0.00022859473  -0.0035703453  -0.0030939700  0.0017275731  0.022997829  -0.99947238  0.017341475  0.0066603772  0.0032436369  0.00074289485  
0.0079529915  -0.0050786628  0.0028504469  -0.0020821780  -0.0058235934  0.022058771  0.017863103  0.99945159  -0.0027439368  -0.0026727398  -0.0013930169  0.0079529915  -0.0050786628  0.0028504469  -0.0020821780  -0.0058235934  0.022058771  0.017863103  0.99945159  -0.0027439368  -0.0026727398  -0.0013930169  
0.0030149475  -0.0027071432  -0.0062230827  0.0024443868  -0.0054828474  -0.00079144066  0.0067931175  0.0026265875  0.99972176  0.014314822  0.0061355422  0.0030149475  -0.0027071432  -0.0062230827  0.0024443868  -0.0054828474  -0.00079144066  0.0067931175  0.0026265875  0.99972176  0.014314822  0.0061355422  
-0.0010784447  0.0029479286  0.0049259279  0.0047046026  -0.0092590554  0.010733266  -0.0029891926  -0.0028355951  0.014226803  -0.99946571  0.016923105  -0.0010784447  0.0029479286  0.0049259279  0.0047046026  -0.0092590554  0.010733266  -0.0029891926  -0.0028355951  0.014226803  -0.99946571  0.016923105  
-0.00070038035  0.0060541005  -0.0029170194  -0.0021166815  0.0027569002  -0.00041617634  0.00081974306  0.0014953309  -0.0063760761  0.016736318  0.99951939  -0.00070038035  0.0060541005  -0.0029170194  -0.0021166815  0.0027569002  -0.00041617634  0.00081974306  0.0014953309  -0.0063760761  0.016736318  0.99951939  
0.99955820  0.0097683177  0.0015072964  0.0043400418  0.0030282169  0.0049719944  0.0075590634  -0.0081975332  -0.0029989394  -0.0010163302  0.00064947542  0.99955820  0.0097683177  0.0015072964  0.0043400418  0.0030282169  0.0049719944  0.0075590634  -0.0081975332  -0.0029989394  -0.0010163302  0.00064947542  
0.0096954519  -0.99942515  0.016755247  0.0035856169  -0.0042903809  0.00026631411  -0.00032616718  -0.0051563236  -0.0026241081  -0.0027902252  0.0061943377  0.0096954519  -0.99942515  0.016755247  0.0035856169  -0.0042903809  0.00026631411  -0.00032616718  -0.0051563236  -0.0026241081  -0.0027902252  0.0061943377  
0.0012301990  -0.016904243  -0.99652859  0.044923449  0.059833856  -0.0033715479  0.0035223153  0.0031127007  -0.0058113247  -0.0053535642  -0.0028894493  0.0012301990  -0.016904243  -0.99652859  0.044923449  0.059833856  -0.0033715479  0.0035223153  0.0031127007  -0.0058113247  -0.0053535642  -0.0028894493  
-0.0042735668  0.0044753524  0.042336369  0.99758573  -0.040125158  -0.015486050  -0.0036992961  0.0022066250  -0.0023912553  0.0050874138  0.0022395057  -0.0042735668  0.0044753524  0.042336369  0.99758573  -0.040125158  -0.015486050  -0.0036992961  0.0022066250  -0.0023912553  0.0050874138  0.0022395057  
0.0031519968  0.0033335081  -0.061909680  -0.037411059  -0.99671858  0.00021136850  -0.0014615182  -0.0057037929  -0.0058146035  0.0085596895  0.0024738643  0.0031519968  0.0033335081  -0.061909680  -0.037411059  -0.99671858  0.00021136850  -0.0014615182  -0.0057037929  -0.0058146035  0.0085596895  0.0024738643  
0.0053316176  -0.00033581517  0.0026815593  -0.015729095  -1.6183859e-05  -0.99911761  -0.022572502  0.022351943  -0.00050503701  -0.010752150  -0.00024657605  0.0053316176  -0.00033581517  0.0026815593  -0.015729095  -1.6183859e-05  -0.99911761  -0.022572502  0.022351943  -0.00050503701  -0.010752150  -0.00024657605  
0.0075862752  0.00022859473  -0.0035703453  -0.0030939700  0.0017275731  0.022997829  -0.99947238  0.017341475  0.0066603772  0.0032436369  0.00074289485  0.0075862752  0.00022859473  -0.0035703453  -0.0030939700  0.0017275731  0.022997829  -0.99947238  0.017341475  0.0066603772  0.0032436369  0.00074289485  
0.0079529915  -0.0050786628  0.0028504469  -0.0020821780  -0.0058235934  0.022058771  0.017863103  0.99945159  -0.0027439368  -0.0026727398  -0.0013930169  0.0079529915  -0.0050786628  0.0028504469  -0.0020821780  -0.0058235934  0.022058771  0.017863103  0.99945159  -0.0027439368  -0.0026727398  -0.0013930169  
0.0030149475  -0.0027071432  -0.0062230827  0.0024443868  -0.0054828474  -0.00079144066  0.0067931175  0.0026265875  0.99972176  0.014314822  0.0061355422  0.0030149475  -0.0027071432  -0.0062230827  0.0024443868  -0.0054828474  -0.00079144066  0.0067931175  0.0026265875  0.99972176  0.014314822  0.0061355422  
-0.0010784447  0.0029479286  0.0049259279  0.0047046026  -0.0092590554  0.010733266  -0.0029891926  -0.0028355951  0.014226803  -0.99946571  0.016923105  -0.0010784447  0.0029479286  0.0049259279  0.0047046026  -0.0092590554  0.010733266  -0.0029891926  -0.0028355951  0.014226803  -0.99946571  0.016923105  
-0.00070038035  0.0060541005  -0.0029170194  -0.0021166815  0.0027569002  -0.00041617634  0.00081974306  0.0014953309  -0.0063760761  0.016736318  0.99951939  -0.00070038035  0.0060541005  -0.0029170194  -0.0021166815  0.0027569002  -0.00041617634  0.00081974306  0.0014953309  -0.0063760761  0.016736318  0.99951939  
