-3.5628323e-18  -1.8947280e-17  -5.4612449e-19  5.8453744e-18  -1.4729903e-18  9.3571730e-18  -9.9302755e-17  -3.7145783e-17  1.7138018e-17  1.4553710e-16  6.7185806e-17  -3.5628323e-18  -1.8947280e-17  -5.4612449e-19  5.8453744e-18  -1.4729903e-18  9.3571730e-18  -9.9302755e-17  -3.7145783e-17  1.7138018e-17  1.4553710e-16  6.7185806e-17  
-1.5953019e-17  4.7740365e-18  7.5404991e-18  -1.4854840e-18  -1.0315803e-18  1.1691596e-17  -4.3406288e-16  -4.1156060e-17  2.0373260e-18  4.3608432e-18  -7.2012094e-18  -1.5953019e-17  4.7740365e-18  7.5404991e-18  -1.4854840e-18  -1.0315803e-18  1.1691596e-17  -4.3406288e-16  -4.1156060e-17  2.0373260e-18  4.3608432e-18  -7.2012094e-18  
7.9566040e-18  1.1058121e-17  -3.1419893e-18  6.1595071e-17  5.1545978e-17  -3.6916660e-17  -3.2670061e-18  2.2437903e-18  -3.9829448e-17  -2.2882330e-17  -2.2850170e-18  7.9566040e-18  1.1058121e-17  -3.1419893e-18  6.1595071e-17  5.1545978e-17  -3.6916660e-17  -3.2670061e-18  2.2437903e-18  -3.9829448e-17  -2.2882330e-17  -2.2850170e-18  
-3.5367861e-18  1.0088162e-17  -7.1113604e-17  -5.7754942e-18  -1.6675961e-18  1.1683549e-17  -2.4842629e-17  -2.7369329e-17  -7.7833010e-17  9.6753146e-17  -1.3935799e-16  -3.5367861e-18  1.0088162e-17  -7.1113604e-17  -5.7754942e-18  -1.6675961e-18  1.1683549e-17  -2.4842629e-17  -2.7369329e-17  -7.7833010e-17  9.6753146e-17  -1.3935799e-16  
2.5038294e-18  1.0285680e-17  2.9084782e-17  6.8076038e-18  4.5411024e-18  -2.9531804e-17  -5.5662770e-18  1.1750888e-17  -7.7275451e-17  -2.1543012e-17  4.1671903e-18  2.5038294e-18  1.0285680e-17  2.9084782e-17  6.8076038e-18  4.5411024e-18  -2.9531804e-17  -5.5662770e-18  1.1750888e-17  -7.7275451e-17  -2.1543012e-17  4.1671903e-18  
-1.2366681e-19  -1.4087534e-17  -3.5375060e-17  2.3454342e-18  9.0821414e-17  -1.7589169e-18  -2.2666602e-18  7.5793567e-18  -1.1464591e-18  -3.7897313e-18  8.1439042e-18  -1.2366681e-19  -1.4087534e-17  -3.5375060e-17  2.3454342e-18  9.0821414e-17  -1.7589169e-18  -2.2666602e-18  7.5793567e-18  -1.1464591e-18  -3.7897313e-18  8.1439042e-18  
-9.8120297e-17  -3.8237492e-16  -1.3280206e-17  -6.5221537e-19  4.1912249e-18  -7.3471638e-18  2.7364458e-18  2.3555986e-17  -2.5859916e-18  7.7311450e-17  3.7054515e-17  -9.8120297e-17  -3.8237492e-16  -1.3280206e-17  -6.5221537e-19  4.1912249e-18  -7.3471638e-18  2.7364458e-18  2.3555986e-17  -2.5859916e-18  7.7311450e-17  3.7054515e-17  
1.5687050e-18  1.0554200e-16  3.9632672e-18  -3.2862337e-17  -6.9638814e-18  -1.8126505e-19  2.9475052e-17  3.5257746e-20  2.1082650e-18  3.0798118e-18  4.4596285e-19  1.5687050e-18  1.0554200e-16  3.9632672e-18  -3.2862337e-17  -6.9638814e-18  -1.8126505e-19  2.9475052e-17  3.5257746e-20  2.1082650e-18  3.0798118e-18  4.4596285e-19  
-2.5973418e-17  -1.4267423e-17  -5.9549169e-17  -1.2662761e-16  1.7702777e-17  1.7038068e-18  -5.0567867e-18  2.2116030e-18  9.3131273e-19  -2.4410960e-17  8.3393305e-18  -2.5973418e-17  -1.4267423e-17  -5.9549169e-17  -1.2662761e-16  1.7702777e-17  1.7038068e-18  -5.0567867e-18  2.2116030e-18  9.3131273e-19  -2.4410960e-17  8.3393305e-18  
-3.9745433e-17  -3.0907703e-18  -3.4111605e-19  -2.8196194e-16  -5.3007428e-17  -3.8116483e-18  5.9502159e-17  -6.5977514e-18  2.2326518e-17  4.1396088e-19  8.0426572e-18  -3.9745433e-17  -3.0907703e-18  -3.4111605e-19  -2.8196194e-16  -5.3007428e-17  -3.8116483e-18  5.9502159e-17  -6.5977514e-18  2.2326518e-17  4.1396088e-19  8.0426572e-18  
2.1195178e-16  -1.9404466e-18  3.8178422e-18  -7.3956988e-17  -3.1764530e-17  -8.5733499e-18  -2.1964623e-17  3.2170311e-18  4.6862839e-17  -4.1774606e-18  4.6169251e-19  2.1195178e-16  -1.9404466e-18  3.8178422e-18  -7.3956988e-17  -3.1764530e-17  -8.5733499e-18  -2.1964623e-17  3.2170311e-18  4.6862839e-17  -4.1774606e-18  4.6169251e-19  
-3.5628323e-18  -1.8947280e-17  -5.4612449e-19  5.8453744e-18  -1.4729903e-18  9.3571730e-18  -9.9302755e-17  -3.7145783e-17  1.7138018e-17  1.4553710e-16  6.7185806e-17  -3.5628323e-18  -1.8947280e-17  -5.4612449e-19  5.8453744e-18  -1.4729903e-18  9.3571730e-18  -9.9302755e-17  -3.7145783e-17  1.7138018e-17  1.4553710e-16  6.7185806e-17  
-1.5953019e-17  4.7740365e-18  7.5404991e-18  -1.4854840e-18  -1.0315803e-18  1.1691596e-17  -4.3406288e-16  -4.1156060e-17  2.0373260e-18  4.3608432e-18  -7.2012094e-18  -1.5953019e-17  4.7740365e-18  7.5404991e-18  -1.4854840e-18  -1.0315803e-18  1.1691596e-17  -4.3406288e-16  -4.1156060e-17  2.0373260e-18  4.3608432e-18  -7.2012094e-18  
7.9566040e-18  1.1058121e-17  -3.1419893e-18  6.1595071e-17  5.1545978e-17  -3.6916660e-17  -3.2670061e-18  2.2437903e-18  -3.9829448e-17  -2.2882330e-17  -2.2850170e-18  7.9566040e-18  1.1058121e-17  -3.1419893e-18  6.1595071e-17  5.1545978e-17  -3.6916660e-17  -3.2670061e-18  2.2437903e-18  -3.9829448e-17  -2.2882330e-17  -2.2850170e-18  
-3.5367861e-18  1.0088162e-17  -7.1113604e-17  -5.7754942e-18  -1.6675961e-18  1.1683549e-17  -2.4842629e-17  -2.7369329e-17  -7.7833010e-17  9.6753146e-17  -1.3935799e-16  -3.5367861e-18  1.0088162e-17  -7.1113604e-17  -5.7754942e-18  -1.6675961e-18  1.1683549e-17  -2.4842629e-17  -2.7369329e-17  -7.7833010e-17  9.6753146e-17  -1.3935799e-16  
2.5038294e-18  1.0285680e-17  2.9084782e-17  6.8076038e-18  4.5411024e-18  -2.9531804e-17  -5.5662770e-18  1.1750888e-17  -7.7275451e-17  -2.1543012e-17  4.1671903e-18  2.5038294e-18  1.0285680e-17  2.9084782e-17  6.8076038e-18  4.5411024e-18  -2.9531804e-17  -5.5662770e-18  1.1750888e-17  -7.7275451e-17  -2.1543012e-17  4.1671903e-18  
-1.2366681e-19  -1.4087534e-17  -3.5375060e-17  2.3454342e-18  9.0821414e-17  -1.7589169e-18  -2.2666602e-18  7.5793567e-18  -1.1464591e-18  -3.7897313e-18  8.1439042e-18  -1.2366681e-19  -1.4087534e-17  -3.5375060e-17  2.3454342e-18  9.0821414e-17  -1.7589169e-18  -2.2666602e-18  7.5793567e-18  -1.1464591e-18  -3.7897313e-18  8.1439042e-18  
-9.8120297e-17  -3.8237492e-16  -1.3280206e-17  -6.5221537e-19  4.1912249e-18  -7.3471638e-18  2.7364458e-18  2.3555986e-17  -2.5859916e-18  7.7311450e-17  3.7054515e-17  -9.8120297e-17  -3.8237492e-16  -1.3280206e-17  -6.5221537e-19  4.1912249e-18  -7.3471638e-18  2.7364458e-18  2.3555986e-17  -2.5859916e-18  7.7311450e-17  3.7054515e-17  
1.5687050e-18  1.0554200e-16  3.9632672e-18  -3.2862337e-17  -6.9638814e-18  -1.8126505e-19  2.9475052e-17  3.5257746e-20  2.1082650e-18  3.0798118e-18  4.4596285e-19  1.5687050e-18  1.0554200e-16  3.9632672e-18  -3.2862337e-17  -6.9638814e-18  -1.8126505e-19  2.9475052e-17  3.5257746e-20  2.1082650e-18  3.0798118e-18  4.4596285e-19  
-2.5973418e-17  -1.4267423e-17  -5.9549169e-17  -1.2662761e-16  1.7702777e-17  1.7038068e-18  -5.0567867e-18  2.2116030e-18  9.3131273e-19  -2.4410960e-17  8.3393305e-18  -2.5973418e-17  -1.4267423e-17  -5.9549169e-17  -1.2662761e-16  1.7702777e-17  1.7038068e-18  -5.0567867e-18  2.2116030e-18  9.3131273e-19  -2.4410960e-17  8.3393305e-18  
-3.9745433e-17  -3.0907703e-18  -3.4111605e-19  -2.8196194e-16  -5.3007428e-17  -3.8116483e-18  5.9502159e-17  -6.5977514e-18  2.2326518e-17  4.1396088e-19  8.0426572e-18  -3.9745433e-17  -3.0907703e-18  -3.4111605e-19  -2.8196194e-16  -5.3007428e-17  -3.8116483e-18  5.9502159e-17  -6.5977514e-18  2.2326518e-17  4.1396088e-19  8.0426572e-18  
2.1195178e-16  -1.9404466e-18  3.8178422e-18  -7.3956988e-17  -3.1764530e-17  -8.5733499e-18  -2.1964623e-17  3.2170311e-18  4.6862839e-17  -4.1774606e-18  4.6169251e-19  2.1195178e-16  -1.9404466e-18  3.8178422e-18  -7.3956988e-17  -3.1764530e-17  -8.5733499e-18  -2.1964623e-17  3.2170311e-18  4.6862839e-17  -4.1774606e-18  4.6169251e-19  
