-0.99963945  0.0017512128  -0.00069662902  -0.0023636597  -0.00053182474  -0.0039102297  0.00072643815  -0.00034189069  -0.0010014710  -0.0039667403  -0.0015494348  -0.99963945  0.0017512128  -0.00069662902  -0.0023636597  -0.00053182474  -0.0039102297  0.00072643815  -0.00034189069  -0.0010014710  -0.0039667403  -0.0015494348  
-0.0020976338  -0.99950568  0.0051616934  0.0065618401  0.0020430416  0.0083252112  0.0042776126  0.0059034668  0.0036299810  0.0037084118  0.0024377717  -0.0020976338  -0.99950568  0.0051616934  0.0065618401  0.0020430416  0.0083252112  0.0042776126  0.0059034668  0.0036299810  0.0037084118  0.0024377717  
0.00073488284  -0.0048470945  -0.99478013  0.0021824581  0.094334981  0.0040012677  0.00050766947  -0.0089346558  0.0084673576  -0.0016209975  0.0011896441  0.00073488284  -0.0048470945  -0.99478013  0.0021824581  0.094334981  0.0040012677  0.00050766947  -0.0089346558  0.0084673576  -0.0016209975  0.0011896441  
-0.0023140989  0.0065196385  0.0021182914  0.99919160  -0.0024600201  -0.0090002637  0.0069314347  0.00024848854  -0.0016120654  -0.0089044469  0.0043655720  -0.0023140989  0.0065196385  0.0021182914  0.99919160  -0.0024600201  -0.0090002637  0.0069314347  0.00024848854  -0.0016120654  -0.0089044469  0.0043655720  
0.00054458909  -0.0024395441  -0.094178174  -0.0021620000  -0.99511643  -0.00026087693  -0.0023858236  0.0033631307  0.016724226  -0.0018170678  -0.0039101762  0.00054458909  -0.0024395441  -0.094178174  -0.0021620000  -0.99511643  -0.00026087693  -0.0023858236  0.0033631307  0.016724226  -0.0018170678  -0.0039101762  
-0.0039205063  0.0084740408  0.0039642504  0.0089807829  -0.00062067249  0.99966982  -0.00013579358  0.0046551406  0.0033838544  0.0024214141  0.00028278134  -0.0039205063  0.0084740408  0.0039642504  0.0089807829  -0.00062067249  0.99966982  -0.00013579358  0.0046551406  0.0033838544  0.0024214141  0.00028278134  
0.0011584662  0.0039408125  -0.0032954940  -0.0074624367  -0.0051348493  0.00027798503  0.96242338  0.15794661  -0.21750438  -0.033786740  0.0035578465  0.0011584662  0.0039408125  -0.0032954940  -0.0074624367  -0.0051348493  0.00027798503  0.96242338  0.15794661  -0.21750438  -0.033786740  0.0035578465  
0.00051868315  -0.0042452278  0.010491369  -0.0012927249  -0.0011209376  0.0039685637  0.20105494  -0.95597869  0.20463257  -0.058016240  -1.4937973e-05  0.00051868315  -0.0042452278  0.010491369  -0.0012927249  -0.0011209376  0.0039685637  0.20105494  -0.95597869  0.20463257  -0.058016240  -1.4937973e-05  
-0.0010113719  0.0058142042  0.0075550036  0.00062545275  0.015743082  -0.0045041243  0.17803936  0.23862196  0.95317733  0.047673809  -0.0048678887  -0.0010113719  0.0058142042  0.0075550036  0.00062545275  0.015743082  -0.0045041243  0.17803936  0.23862196  0.95317733  0.047673809  -0.0048678887  
0.0038173338  -0.0033235059  0.0017364471  -0.0085813764  0.0027321317  0.0022024736  -0.035908270  0.061796456  0.041082901  -0.99635796  0.0019234565  0.0038173338  -0.0033235059  0.0017364471  -0.0085813764  0.0027321317  0.0022024736  -0.035908270  0.061796456  0.041082901  -0.99635796  0.0019234565  
0.0015568427  -0.0024455377  -0.00085330439  0.0043010959  0.0039360266  0.00035936713  0.0025157653  -0.00045074747  -0.0053636920  -0.0023354362  -0.99982423  0.0015568427  -0.0024455377  -0.00085330439  0.0043010959  0.0039360266  0.00035936713  0.0025157653  -0.00045074747  -0.0053636920  -0.0023354362  -0.99982423  
-0.99963945  0.0017512128  -0.00069662902  -0.0023636597  -0.00053182474  -0.0039102297  0.00072643815  -0.00034189069  -0.0010014710  -0.0039667403  -0.0015494348  -0.99963945  0.0017512128  -0.00069662902  -0.0023636597  -0.00053182474  -0.0039102297  0.00072643815  -0.00034189069  -0.0010014710  -0.0039667403  -0.0015494348  
-0.0020976338  -0.99950568  0.0051616934  0.0065618401  0.0020430416  0.0083252112  0.0042776126  0.0059034668  0.0036299810  0.0037084118  0.0024377717  -0.0020976338  -0.99950568  0.0051616934  0.0065618401  0.0020430416  0.0083252112  0.0042776126  0.0059034668  0.0036299810  0.0037084118  0.0024377717  
0.00073488284  -0.0048470945  -0.99478013  0.0021824581  0.094334981  0.0040012677  0.00050766947  -0.0089346558  0.0084673576  -0.0016209975  0.0011896441  0.00073488284  -0.0048470945  -0.99478013  0.0021824581  0.094334981  0.0040012677  0.00050766947  -0.0089346558  0.0084673576  -0.0016209975  0.0011896441  
-0.0023140989  0.0065196385  0.0021182914  0.99919160  -0.0024600201  -0.0090002637  0.0069314347  0.00024848854  -0.0016120654  -0.0089044469  0.0043655720  -0.0023140989  0.0065196385  0.0021182914  0.99919160  -0.0024600201  -0.0090002637  0.0069314347  0.00024848854  -0.0016120654  -0.0089044469  0.0043655720  
0.00054458909  -0.0024395441  -0.094178174  -0.0021620000  -0.99511643  -0.00026087693  -0.0023858236  0.0033631307  0.016724226  -0.0018170678  -0.0039101762  0.00054458909  -0.0024395441  -0.094178174  -0.0021620000  -0.99511643  -0.00026087693  -0.0023858236  0.0033631307  0.016724226  -0.0018170678  -0.0039101762  
-0.0039205063  0.0084740408  0.0039642504  0.0089807829  -0.00062067249  0.99966982  -0.00013579358  0.0046551406  0.0033838544  0.0024214141  0.00028278134  -0.0039205063  0.0084740408  0.0039642504  0.0089807829  -0.00062067249  0.99966982  -0.00013579358  0.0046551406  0.0033838544  0.0024214141  0.00028278134  
0.0011584662  0.0039408125  -0.0032954940  -0.0074624367  -0.0051348493  0.00027798503  0.96242338  0.15794661  -0.21750438  -0.033786740  0.0035578465  0.0011584662  0.0039408125  -0.0032954940  -0.0074624367  -0.0051348493  0.00027798503  0.96242338  0.15794661  -0.21750438  -0.033786740  0.0035578465  
0.00051868315  -0.0042452278  0.010491369  -0.0012927249  -0.0011209376  0.0039685637  0.20105494  -0.95597869  0.20463257  -0.058016240  -1.4937973e-05  0.00051868315  -0.0042452278  0.010491369  -0.0012927249  -0.0011209376  0.0039685637  0.20105494  -0.95597869  0.20463257  -0.058016240  -1.4937973e-05  
-0.0010113719  0.0058142042  0.0075550036  0.00062545275  0.015743082  -0.0045041243  0.17803936  0.23862196  0.95317733  0.047673809  -0.0048678887  -0.0010113719  0.0058142042  0.0075550036  0.00062545275  0.015743082  -0.0045041243  0.17803936  0.23862196  0.95317733  0.047673809  -0.0048678887  
0.0038173338  -0.0033235059  0.0017364471  -0.0085813764  0.0027321317  0.0022024736  -0.035908270  0.061796456  0.041082901  -0.99635796  0.0019234565  0.0038173338  -0.0033235059  0.0017364471  -0.0085813764  0.0027321317  0.0022024736  -0.035908270  0.061796456  0.041082901  -0.99635796  0.0019234565  
0.0015568427  -0.0024455377  -0.00085330439  0.0043010959  0.0039360266  0.00035936713  0.0025157653  -0.00045074747  -0.0053636920  -0.0023354362  -0.99982423  0.0015568427  -0.0024455377  -0.00085330439  0.0043010959  0.0039360266  0.00035936713  0.0025157653  -0.00045074747  -0.0053636920  -0.0023354362  -0.99982423  
