-1.3265363e-17  -2.7137242e-17  -2.3380015e-17  1.0592809e-18  -3.8311036e-18  1.2839186e-16  5.8681066e-17  -6.5252024e-17  1.2511841e-17  -2.4637250e-17  -2.6237375e-18  -1.3265363e-17  -2.7137242e-17  -2.3380015e-17  1.0592809e-18  -3.8311036e-18  1.2839186e-16  5.8681066e-17  -6.5252024e-17  1.2511841e-17  -2.4637250e-17  -2.6237375e-18  
1.6642292e-17  7.3142354e-18  -2.6173318e-19  -4.0181549e-17  -2.3683041e-18  -1.9947202e-17  -1.1163894e-18  9.9929824e-17  -5.9868289e-18  8.8238810e-17  8.5075989e-18  1.6642292e-17  7.3142354e-18  -2.6173318e-19  -4.0181549e-17  -2.3683041e-18  -1.9947202e-17  -1.1163894e-18  9.9929824e-17  -5.9868289e-18  8.8238810e-17  8.5075989e-18  
-6.0515210e-18  2.8510282e-17  -5.5821589e-18  2.3988185e-17  -8.2235041e-17  2.1086885e-18  -7.8245092e-17  5.6871380e-18  -7.3276820e-18  8.7257099e-18  -3.6142896e-18  -6.0515210e-18  2.8510282e-17  -5.5821589e-18  2.3988185e-17  -8.2235041e-17  2.1086885e-18  -7.8245092e-17  5.6871380e-18  -7.3276820e-18  8.7257099e-18  -3.6142896e-18  
-8.1862558e-18  -7.8638539e-18  5.7785011e-17  1.2045338e-17  -2.5238405e-17  1.7009279e-16  9.8399817e-18  -3.5471993e-17  -4.3551470e-17  2.8140446e-17  3.1060486e-17  -8.1862558e-18  -7.8638539e-18  5.7785011e-17  1.2045338e-17  -2.5238405e-17  1.7009279e-16  9.8399817e-18  -3.5471993e-17  -4.3551470e-17  2.8140446e-17  3.1060486e-17  
-3.2572520e-18  2.2700483e-19  -9.1986508e-17  -2.7999945e-17  8.7139573e-18  1.8656324e-17  -7.9659214e-18  -4.7155621e-17  -1.2229144e-17  1.4797666e-17  -5.9410891e-17  -3.2572520e-18  2.2700483e-19  -9.1986508e-17  -2.7999945e-17  8.7139573e-18  1.8656324e-17  -7.9659214e-18  -4.7155621e-17  -1.2229144e-17  1.4797666e-17  -5.9410891e-17  
5.1573454e-17  4.6992117e-17  1.1691172e-18  8.5856265e-17  1.1106190e-17  -4.5239500e-18  9.8908037e-18  1.3622672e-19  -2.5890409e-17  -3.0928561e-17  6.4397797e-17  5.1573454e-17  4.6992117e-17  1.1691172e-18  8.5856265e-17  1.1106190e-17  -4.5239500e-18  9.8908037e-18  1.3622672e-19  -2.5890409e-17  -3.0928561e-17  6.4397797e-17  
-6.9931146e-17  1.9007419e-17  1.0856845e-17  -6.0104187e-17  -2.2764857e-17  1.1523883e-18  -1.0083398e-18  9.5538964e-18  -6.8126860e-18  2.6473337e-16  -7.1794513e-18  -6.9931146e-17  1.9007419e-17  1.0856845e-17  -6.0104187e-17  -2.2764857e-17  1.1523883e-18  -1.0083398e-18  9.5538964e-18  -6.8126860e-18  2.6473337e-16  -7.1794513e-18  
-3.0132641e-17  7.7116632e-17  -1.6621169e-17  -5.8435248e-17  -1.3223243e-17  3.2952229e-18  2.7158100e-17  2.7825165e-18  -4.5336803e-17  -1.6536465e-18  -8.1203460e-18  -3.0132641e-17  7.7116632e-17  -1.6621169e-17  -5.8435248e-17  -1.3223243e-17  3.2952229e-18  2.7158100e-17  2.7825165e-18  -4.5336803e-17  -1.6536465e-18  -8.1203460e-18  
-3.1971788e-18  -7.0811954e-19  9.4867690e-19  -3.4691081e-17  -1.1868096e-17  -1.2303154e-17  -1.4961990e-17  -2.6181683e-17  1.4283358e-18  9.6481288e-18  1.9035371e-17  -3.1971788e-18  -7.0811954e-19  9.4867690e-19  -3.4691081e-17  -1.1868096e-17  -1.2303154e-17  -1.4961990e-17  -2.6181683e-17  1.4283358e-18  9.6481288e-18  1.9035371e-17  
3.0123774e-17  2.2605615e-17  4.4024537e-18  -2.7514912e-17  -1.3590432e-17  -4.4488076e-17  1.7803023e-16  -2.5706391e-18  -2.7498925e-18  -1.3537942e-17  1.5195771e-18  3.0123774e-17  2.2605615e-17  4.4024537e-18  -2.7514912e-17  -1.3590432e-17  -4.4488076e-17  1.7803023e-16  -2.5706391e-18  -2.7498925e-18  -1.3537942e-17  1.5195771e-18  
-1.1712348e-18  2.5936149e-18  -5.4464219e-18  -1.8407508e-17  -2.4375914e-17  -2.7751340e-17  -1.2375151e-17  -2.0786612e-17  -1.3772756e-18  -1.2845255e-18  1.2637202e-18  -1.1712348e-18  2.5936149e-18  -5.4464219e-18  -1.8407508e-17  -2.4375914e-17  -2.7751340e-17  -1.2375151e-17  -2.0786612e-17  -1.3772756e-18  -1.2845255e-18  1.2637202e-18  
-1.3265363e-17  -2.7137242e-17  -2.3380015e-17  1.0592809e-18  -3.8311036e-18  1.2839186e-16  5.8681066e-17  -6.5252024e-17  1.2511841e-17  -2.4637250e-17  -2.6237375e-18  -1.3265363e-17  -2.7137242e-17  -2.3380015e-17  1.0592809e-18  -3.8311036e-18  1.2839186e-16  5.8681066e-17  -6.5252024e-17  1.2511841e-17  -2.4637250e-17  -2.6237375e-18  
1.6642292e-17  7.3142354e-18  -2.6173318e-19  -4.0181549e-17  -2.3683041e-18  -1.9947202e-17  -1.1163894e-18  9.9929824e-17  -5.9868289e-18  8.8238810e-17  8.5075989e-18  1.6642292e-17  7.3142354e-18  -2.6173318e-19  -4.0181549e-17  -2.3683041e-18  -1.9947202e-17  -1.1163894e-18  9.9929824e-17  -5.9868289e-18  8.8238810e-17  8.5075989e-18  
-6.0515210e-18  2.8510282e-17  -5.5821589e-18  2.3988185e-17  -8.2235041e-17  2.1086885e-18  -7.8245092e-17  5.6871380e-18  -7.3276820e-18  8.7257099e-18  -3.6142896e-18  -6.0515210e-18  2.8510282e-17  -5.5821589e-18  2.3988185e-17  -8.2235041e-17  2.1086885e-18  -7.8245092e-17  5.6871380e-18  -7.3276820e-18  8.7257099e-18  -3.6142896e-18  
-8.1862558e-18  -7.8638539e-18  5.7785011e-17  1.2045338e-17  -2.5238405e-17  1.7009279e-16  9.8399817e-18  -3.5471993e-17  -4.3551470e-17  2.8140446e-17  3.1060486e-17  -8.1862558e-18  -7.8638539e-18  5.7785011e-17  1.2045338e-17  -2.5238405e-17  1.7009279e-16  9.8399817e-18  -3.5471993e-17  -4.3551470e-17  2.8140446e-17  3.1060486e-17  
-3.2572520e-18  2.2700483e-19  -9.1986508e-17  -2.7999945e-17  8.7139573e-18  1.8656324e-17  -7.9659214e-18  -4.7155621e-17  -1.2229144e-17  1.4797666e-17  -5.9410891e-17  -3.2572520e-18  2.2700483e-19  -9.1986508e-17  -2.7999945e-17  8.7139573e-18  1.8656324e-17  -7.9659214e-18  -4.7155621e-17  -1.2229144e-17  1.4797666e-17  -5.9410891e-17  
5.1573454e-17  4.6992117e-17  1.1691172e-18  8.5856265e-17  1.1106190e-17  -4.5239500e-18  9.8908037e-18  1.3622672e-19  -2.5890409e-17  -3.0928561e-17  6.4397797e-17  5.1573454e-17  4.6992117e-17  1.1691172e-18  8.5856265e-17  1.1106190e-17  -4.5239500e-18  9.8908037e-18  1.3622672e-19  -2.5890409e-17  -3.0928561e-17  6.4397797e-17  
-6.9931146e-17  1.9007419e-17  1.0856845e-17  -6.0104187e-17  -2.2764857e-17  1.1523883e-18  -1.0083398e-18  9.5538964e-18  -6.8126860e-18  2.6473337e-16  -7.1794513e-18  -6.9931146e-17  1.9007419e-17  1.0856845e-17  -6.0104187e-17  -2.2764857e-17  1.1523883e-18  -1.0083398e-18  9.5538964e-18  -6.8126860e-18  2.6473337e-16  -7.1794513e-18  
-3.0132641e-17  7.7116632e-17  -1.6621169e-17  -5.8435248e-17  -1.3223243e-17  3.2952229e-18  2.7158100e-17  2.7825165e-18  -4.5336803e-17  -1.6536465e-18  -8.1203460e-18  -3.0132641e-17  7.7116632e-17  -1.6621169e-17  -5.8435248e-17  -1.3223243e-17  3.2952229e-18  2.7158100e-17  2.7825165e-18  -4.5336803e-17  -1.6536465e-18  -8.1203460e-18  
-3.1971788e-18  -7.0811954e-19  9.4867690e-19  -3.4691081e-17  -1.1868096e-17  -1.2303154e-17  -1.4961990e-17  -2.6181683e-17  1.4283358e-18  9.6481288e-18  1.9035371e-17  -3.1971788e-18  -7.0811954e-19  9.4867690e-19  -3.4691081e-17  -1.1868096e-17  -1.2303154e-17  -1.4961990e-17  -2.6181683e-17  1.4283358e-18  9.6481288e-18  1.9035371e-17  
3.0123774e-17  2.2605615e-17  4.4024537e-18  -2.7514912e-17  -1.3590432e-17  -4.4488076e-17  1.7803023e-16  -2.5706391e-18  -2.7498925e-18  -1.3537942e-17  1.5195771e-18  3.0123774e-17  2.2605615e-17  4.4024537e-18  -2.7514912e-17  -1.3590432e-17  -4.4488076e-17  1.7803023e-16  -2.5706391e-18  -2.7498925e-18  -1.3537942e-17  1.5195771e-18  
-1.1712348e-18  2.5936149e-18  -5.4464219e-18  -1.8407508e-17  -2.4375914e-17  -2.7751340e-17  -1.2375151e-17  -2.0786612e-17  -1.3772756e-18  -1.2845255e-18  1.2637202e-18  -1.1712348e-18  2.5936149e-18  -5.4464219e-18  -1.8407508e-17  -2.4375914e-17  -2.7751340e-17  -1.2375151e-17  -2.0786612e-17  -1.3772756e-18  -1.2845255e-18  1.2637202e-18  
