-0.99981856  0.0013692235  0.00077822524  -0.0012333773  -0.0021710599  0.00028107107  0.0015382475  -0.00049508372  0.00038618138  -0.0015400124  0.00069407322  -0.99981856  0.0013692235  0.00077822524  -0.0012333773  -0.0021710599  0.00028107107  0.0015382475  -0.00049508372  0.00038618138  -0.0015400124  0.00069407322  
0.0011595644  0.99973383  -8.0979137e-05  -0.0019416125  0.0088071066  -0.0036509833  -0.0019598119  -0.011856172  -0.0016782929  -0.00081839045  -0.0010850296  0.0011595644  0.99973383  -8.0979137e-05  -0.0019416125  0.0088071066  -0.0036509833  -0.0019598119  -0.011856172  -0.0016782929  -0.00081839045  -0.0010850296  
0.00079147406  0.00049835666  0.99744905  0.061540887  -0.030552481  -0.0056240460  0.0022283033  -0.00052287019  0.0018322066  0.0050293757  0.0038742650  0.00079147406  0.00049835666  0.99744905  0.061540887  -0.030552481  -0.0056240460  0.0022283033  -0.00052287019  0.0018322066  0.0050293757  0.0038742650  
0.0016172898  -0.00061759057  0.056373919  -0.98811848  -0.14127699  -0.0089039799  0.0036434681  0.00015921335  0.0055807196  0.0067394225  0.0039914743  0.0016172898  -0.00061759057  0.056373919  -0.98811848  -0.14127699  -0.0089039799  0.0036434681  0.00015921335  0.0055807196  0.0067394225  0.0039914743  
0.0019745727  0.0089982421  -0.039037295  0.13945440  -0.98907770  -0.014736056  -0.0043553263  0.0032643744  -0.0014942450  0.010812379  0.0047933773  0.0019745727  0.0089982421  -0.039037295  0.13945440  -0.98907770  -0.014736056  -0.0043553263  0.0032643744  -0.0014942450  0.010812379  0.0047933773  
0.00031211041  0.0037420369  0.0055032576  -0.0063639159  -0.016033096  0.99970579  0.0091072308  -0.0037907906  -0.0011524919  -0.0015028669  0.0032209926  0.00031211041  0.0037420369  0.0055032576  -0.0063639159  -0.016033096  0.99970579  0.0091072308  -0.0037907906  -0.0011524919  -0.0015028669  0.0032209926  
-0.0015515235  -0.0018062780  0.0026786875  -0.0041843653  0.0036070131  0.0091681577  -0.99976000  0.013331338  -0.010844514  0.00040767685  0.00017490323  -0.0015515235  -0.0018062780  0.0026786875  -0.0041843653  0.0036070131  0.0091681577  -0.99976000  0.013331338  -0.010844514  0.00040767685  0.00017490323  
0.00046276469  -0.011831706  -0.00065580487  0.00029864911  -0.0032027419  -0.0036784336  -0.013388809  -0.99978750  0.0034431519  0.00057766304  0.0015145955  0.00046276469  -0.011831706  -0.00065580487  0.00029864911  -0.0032027419  -0.0036784336  -0.013388809  -0.99978750  0.0034431519  0.00057766304  0.0015145955  
0.00037150373  0.0017326006  -0.0022587256  0.0056154559  -0.00058877068  0.0012862188  -0.010837184  0.0035878005  0.99984513  -0.0021008317  0.0040914281  0.00037150373  0.0017326006  -0.0022587256  0.0056154559  -0.00058877068  0.0012862188  -0.010837184  0.0035878005  0.99984513  -0.0021008317  0.0040914281  
0.0015519192  -0.00073928393  0.0049420908  -0.0048397803  -0.011751558  -0.0018077385  -0.00042284504  -0.00050325138  -0.0021387873  -0.99981681  0.0089430238  0.0015519192  -0.00073928393  0.0049420908  -0.0048397803  -0.011751558  -0.0018077385  -0.00042284504  -0.00050325138  -0.0021387873  -0.99981681  0.0089430238  
-0.00063474791  -0.0010284282  0.0039310804  -0.0030739389  -0.0055288244  0.0031113197  -0.00025530656  -0.0014631343  0.0040442316  -0.0088272206  -0.99967203  -0.00063474791  -0.0010284282  0.0039310804  -0.0030739389  -0.0055288244  0.0031113197  -0.00025530656  -0.0014631343  0.0040442316  -0.0088272206  -0.99967203  
-0.99981856  0.0013692235  0.00077822524  -0.0012333773  -0.0021710599  0.00028107107  0.0015382475  -0.00049508372  0.00038618138  -0.0015400124  0.00069407322  -0.99981856  0.0013692235  0.00077822524  -0.0012333773  -0.0021710599  0.00028107107  0.0015382475  -0.00049508372  0.00038618138  -0.0015400124  0.00069407322  
0.0011595644  0.99973383  -8.0979137e-05  -0.0019416125  0.0088071066  -0.0036509833  -0.0019598119  -0.011856172  -0.0016782929  -0.00081839045  -0.0010850296  0.0011595644  0.99973383  -8.0979137e-05  -0.0019416125  0.0088071066  -0.0036509833  -0.0019598119  -0.011856172  -0.0016782929  -0.00081839045  -0.0010850296  
0.00079147406  0.00049835666  0.99744905  0.061540887  -0.030552481  -0.0056240460  0.0022283033  -0.00052287019  0.0018322066  0.0050293757  0.0038742650  0.00079147406  0.00049835666  0.99744905  0.061540887  -0.030552481  -0.0056240460  0.0022283033  -0.00052287019  0.0018322066  0.0050293757  0.0038742650  
0.0016172898  -0.00061759057  0.056373919  -0.98811848  -0.14127699  -0.0089039799  0.0036434681  0.00015921335  0.0055807196  0.0067394225  0.0039914743  0.0016172898  -0.00061759057  0.056373919  -0.98811848  -0.14127699  -0.0089039799  0.0036434681  0.00015921335  0.0055807196  0.0067394225  0.0039914743  
0.0019745727  0.0089982421  -0.039037295  0.13945440  -0.98907770  -0.014736056  -0.0043553263  0.0032643744  -0.0014942450  0.010812379  0.0047933773  0.0019745727  0.0089982421  -0.039037295  0.13945440  -0.98907770  -0.014736056  -0.0043553263  0.0032643744  -0.0014942450  0.010812379  0.0047933773  
0.00031211041  0.0037420369  0.0055032576  -0.0063639159  -0.016033096  0.99970579  0.0091072308  -0.0037907906  -0.0011524919  -0.0015028669  0.0032209926  0.00031211041  0.0037420369  0.0055032576  -0.0063639159  -0.016033096  0.99970579  0.0091072308  -0.0037907906  -0.0011524919  -0.0015028669  0.0032209926  
-0.0015515235  -0.0018062780  0.0026786875  -0.0041843653  0.0036070131  0.0091681577  -0.99976000  0.013331338  -0.010844514  0.00040767685  0.00017490323  -0.0015515235  -0.0018062780  0.0026786875  -0.0041843653  0.0036070131  0.0091681577  -0.99976000  0.013331338  -0.010844514  0.00040767685  0.00017490323  
0.00046276469  -0.011831706  -0.00065580487  0.00029864911  -0.0032027419  -0.0036784336  -0.013388809  -0.99978750  0.0034431519  0.00057766304  0.0015145955  0.00046276469  -0.011831706  -0.00065580487  0.00029864911  -0.0032027419  -0.0036784336  -0.013388809  -0.99978750  0.0034431519  0.00057766304  0.0015145955  
0.00037150373  0.0017326006  -0.0022587256  0.0056154559  -0.00058877068  0.0012862188  -0.010837184  0.0035878005  0.99984513  -0.0021008317  0.0040914281  0.00037150373  0.0017326006  -0.0022587256  0.0056154559  -0.00058877068  0.0012862188  -0.010837184  0.0035878005  0.99984513  -0.0021008317  0.0040914281  
0.0015519192  -0.00073928393  0.0049420908  -0.0048397803  -0.011751558  -0.0018077385  -0.00042284504  -0.00050325138  -0.0021387873  -0.99981681  0.0089430238  0.0015519192  -0.00073928393  0.0049420908  -0.0048397803  -0.011751558  -0.0018077385  -0.00042284504  -0.00050325138  -0.0021387873  -0.99981681  0.0089430238  
-0.00063474791  -0.0010284282  0.0039310804  -0.0030739389  -0.0055288244  0.0031113197  -0.00025530656  -0.0014631343  0.0040442316  -0.0088272206  -0.99967203  -0.00063474791  -0.0010284282  0.0039310804  -0.0030739389  -0.0055288244  0.0031113197  -0.00025530656  -0.0014631343  0.0040442316  -0.0088272206  -0.99967203  
