-0.99116691  -0.13000495  -0.010914291  -0.012363082  -0.00064710757  0.00081640729  -0.0016653857  -0.0028416918  -0.00061919517  0.0022606294  -0.0017026393  -0.99116691  -0.13000495  -0.010914291  -0.012363082  -0.00064710757  0.00081640729  -0.0016653857  -0.0028416918  -0.00061919517  0.0022606294  -0.0017026393  
-0.12989126  0.99079605  0.0088028121  -0.023974739  -0.0020878509  -0.0058492656  0.0022479535  -0.0045809383  -0.00039573440  -0.0079823924  -0.00050740416  -0.12989126  0.99079605  0.0088028121  -0.023974739  -0.0020878509  -0.0058492656  0.0022479535  -0.0045809383  -0.00039573440  -0.0079823924  -0.00050740416  
0.0091653412  0.011156638  -0.99862520  0.041585025  -0.010218713  0.0052804696  0.0051672247  -0.0023007093  -0.00051075317  0.0071013572  -0.0039475538  0.0091653412  0.011156638  -0.99862520  0.041585025  -0.010218713  0.0052804696  0.0051672247  -0.0023007093  -0.00051075317  0.0071013572  -0.0039475538  
0.015776536  -0.021602433  -0.041884063  -0.99813402  0.021613725  0.0026482434  -0.0080786252  -0.0043873627  -0.010281100  0.0030398651  0.0051533355  0.015776536  -0.021602433  -0.041884063  -0.99813402  0.021613725  0.0026482434  -0.0080786252  -0.0043873627  -0.010281100  0.0030398651  0.0051533355  
0.0010889114  -0.0027741416  0.0093770044  -0.021788942  -0.99915302  -0.0036933904  0.012356937  -0.0085963397  -0.0051547484  -0.0024306010  0.0020898518  0.0010889114  -0.0027741416  0.0093770044  -0.021788942  -0.99915302  -0.0036933904  0.012356937  -0.0085963397  -0.0051547484  -0.0024306010  0.0020898518  
-3.9009155e-05  0.0060367746  0.0056200120  0.0023660121  -0.0036890745  0.99974042  -0.0013852019  -0.00099767598  -0.0044452756  0.012044071  0.00049246877  -3.9009155e-05  0.0060367746  0.0056200120  0.0023660121  -0.0036890745  0.99974042  -0.0013852019  -0.00099767598  -0.0044452756  0.012044071  0.00049246877  
-0.0013474362  -0.0025565528  0.0046224613  -0.0082753811  0.012270209  0.0015478199  0.99932873  0.016360509  0.021432326  0.00056169444  0.0037984903  -0.0013474362  -0.0025565528  0.0046224613  -0.0082753811  0.012270209  0.0015478199  0.99932873  0.016360509  0.021432326  0.00056169444  0.0037984903  
0.0033102265  -0.0042656380  0.0025874530  0.0052274700  0.0092927869  -0.0012626621  0.017658146  -0.99682814  -0.072058361  0.0022199647  -0.0017913975  0.0033102265  -0.0042656380  0.0025874530  0.0052274700  0.0092927869  -0.0012626621  0.017658146  -0.99682814  -0.072058361  0.0022199647  -0.0017913975  
-0.00024730642  -0.00010507773  -0.00083690055  -0.0099572786  -0.0046912210  0.0044617131  -0.020202353  -0.072787202  0.99683560  -0.010313263  -0.0029971730  -0.00024730642  -0.00010507773  -0.00083690055  -0.0099572786  -0.0046912210  0.0044617131  -0.020202353  -0.072787202  0.99683560  -0.010313263  -0.0029971730  
0.0011645541  0.0080980488  0.0071211479  0.0023376544  -0.0025462962  -0.012036174  -0.00072665409  0.0013665617  0.010544312  0.99943160  0.0079891472  0.0011645541  0.0080980488  0.0071211479  0.0023376544  -0.0025462962  -0.012036174  -0.00072665409  0.0013665617  0.010544312  0.99943160  0.0079891472  
-0.0018037856  0.00051084469  -0.0039466819  0.0052189347  0.0017519957  -0.00036751600  -0.0036212421  -0.0026137883  0.0024576803  -0.0080142797  0.99886394  -0.0018037856  0.00051084469  -0.0039466819  0.0052189347  0.0017519957  -0.00036751600  -0.0036212421  -0.0026137883  0.0024576803  -0.0080142797  0.99886394  
-0.99116691  -0.13000495  -0.010914291  -0.012363082  -0.00064710757  0.00081640729  -0.0016653857  -0.0028416918  -0.00061919517  0.0022606294  -0.0017026393  -0.99116691  -0.13000495  -0.010914291  -0.012363082  -0.00064710757  0.00081640729  -0.0016653857  -0.0028416918  -0.00061919517  0.0022606294  -0.0017026393  
-0.12989126  0.99079605  0.0088028121  -0.023974739  -0.0020878509  -0.0058492656  0.0022479535  -0.0045809383  -0.00039573440  -0.0079823924  -0.00050740416  -0.12989126  0.99079605  0.0088028121  -0.023974739  -0.0020878509  -0.0058492656  0.0022479535  -0.0045809383  -0.00039573440  -0.0079823924  -0.00050740416  
0.0091653412  0.011156638  -0.99862520  0.041585025  -0.010218713  0.0052804696  0.0051672247  -0.0023007093  -0.00051075317  0.0071013572  -0.0039475538  0.0091653412  0.011156638  -0.99862520  0.041585025  -0.010218713  0.0052804696  0.0051672247  -0.0023007093  -0.00051075317  0.0071013572  -0.0039475538  
0.015776536  -0.021602433  -0.041884063  -0.99813402  0.021613725  0.0026482434  -0.0080786252  -0.0043873627  -0.010281100  0.0030398651  0.0051533355  0.015776536  -0.021602433  -0.041884063  -0.99813402  0.021613725  0.0026482434  -0.0080786252  -0.0043873627  -0.010281100  0.0030398651  0.0051533355  
0.0010889114  -0.0027741416  0.0093770044  -0.021788942  -0.99915302  -0.0036933904  0.012356937  -0.0085963397  -0.0051547484  -0.0024306010  0.0020898518  0.0010889114  -0.0027741416  0.0093770044  -0.021788942  -0.99915302  -0.0036933904  0.012356937  -0.0085963397  -0.0051547484  -0.0024306010  0.0020898518  
-3.9009155e-05  0.0060367746  0.0056200120  0.0023660121  -0.0036890745  0.99974042  -0.0013852019  -0.00099767598  -0.0044452756  0.012044071  0.00049246877  -3.9009155e-05  0.0060367746  0.0056200120  0.0023660121  -0.0036890745  0.99974042  -0.0013852019  -0.00099767598  -0.0044452756  0.012044071  0.00049246877  
-0.0013474362  -0.0025565528  0.0046224613  -0.0082753811  0.012270209  0.0015478199  0.99932873  0.016360509  0.021432326  0.00056169444  0.0037984903  -0.0013474362  -0.0025565528  0.0046224613  -0.0082753811  0.012270209  0.0015478199  0.99932873  0.016360509  0.021432326  0.00056169444  0.0037984903  
0.0033102265  -0.0042656380  0.0025874530  0.0052274700  0.0092927869  -0.0012626621  0.017658146  -0.99682814  -0.072058361  0.0022199647  -0.0017913975  0.0033102265  -0.0042656380  0.0025874530  0.0052274700  0.0092927869  -0.0012626621  0.017658146  -0.99682814  -0.072058361  0.0022199647  -0.0017913975  
-0.00024730642  -0.00010507773  -0.00083690055  -0.0099572786  -0.0046912210  0.0044617131  -0.020202353  -0.072787202  0.99683560  -0.010313263  -0.0029971730  -0.00024730642  -0.00010507773  -0.00083690055  -0.0099572786  -0.0046912210  0.0044617131  -0.020202353  -0.072787202  0.99683560  -0.010313263  -0.0029971730  
0.0011645541  0.0080980488  0.0071211479  0.0023376544  -0.0025462962  -0.012036174  -0.00072665409  0.0013665617  0.010544312  0.99943160  0.0079891472  0.0011645541  0.0080980488  0.0071211479  0.0023376544  -0.0025462962  -0.012036174  -0.00072665409  0.0013665617  0.010544312  0.99943160  0.0079891472  
-0.0018037856  0.00051084469  -0.0039466819  0.0052189347  0.0017519957  -0.00036751600  -0.0036212421  -0.0026137883  0.0024576803  -0.0080142797  0.99886394  -0.0018037856  0.00051084469  -0.0039466819  0.0052189347  0.0017519957  -0.00036751600  -0.0036212421  -0.0026137883  0.0024576803  -0.0080142797  0.99886394  
