-2.1378053e-18  -2.0650663e-18  -1.0910631e-17  -1.0626028e-18  -6.3866284e-19  -3.0450834e-18  -1.8802946e-16  -1.3175121e-17  -2.6426581e-17  4.2122948e-18  -1.5571854e-17  -2.1378053e-18  -2.0650663e-18  -1.0910631e-17  -1.0626028e-18  -6.3866284e-19  -3.0450834e-18  -1.8802946e-16  -1.3175121e-17  -2.6426581e-17  4.2122948e-18  -1.5571854e-17  
-3.8641643e-17  -9.7197031e-19  -2.6228375e-18  5.4032232e-18  -7.0541433e-18  -2.6875932e-17  -1.0184221e-17  1.2905076e-16  -1.8232384e-18  -8.3492038e-18  -1.2989250e-17  -3.8641643e-17  -9.7197031e-19  -2.6228375e-18  5.4032232e-18  -7.0541433e-18  -2.6875932e-17  -1.0184221e-17  1.2905076e-16  -1.8232384e-18  -8.3492038e-18  -1.2989250e-17  
7.6656482e-20  8.1814912e-18  -9.1239213e-18  -2.7921594e-17  -1.6981317e-17  7.2708673e-17  3.7181094e-17  2.2676290e-17  2.8425049e-17  3.3457801e-19  -3.4813054e-19  7.6656482e-20  8.1814912e-18  -9.1239213e-18  -2.7921594e-17  -1.6981317e-17  7.2708673e-17  3.7181094e-17  2.2676290e-17  2.8425049e-17  3.3457801e-19  -3.4813054e-19  
8.7371449e-19  -1.9901886e-17  3.6950754e-17  -1.1766982e-17  4.5205725e-17  1.0460010e-16  -1.5496552e-16  1.5331032e-17  2.7289496e-17  -1.2735140e-17  -4.3418909e-18  8.7371449e-19  -1.9901886e-17  3.6950754e-17  -1.1766982e-17  4.5205725e-17  1.0460010e-16  -1.5496552e-16  1.5331032e-17  2.7289496e-17  -1.2735140e-17  -4.3418909e-18  
-1.6616245e-17  -1.6852356e-17  4.3559305e-17  2.3253596e-17  1.1276920e-18  2.1879496e-17  3.3909918e-17  -7.1140815e-17  -4.3392016e-17  -6.4955357e-17  -3.9074053e-17  -1.6616245e-17  -1.6852356e-17  4.3559305e-17  2.3253596e-17  1.1276920e-18  2.1879496e-17  3.3909918e-17  -7.1140815e-17  -4.3392016e-17  -6.4955357e-17  -3.9074053e-17  
-4.4926628e-18  2.9051748e-17  5.2393223e-18  -2.1896649e-17  1.0294838e-17  -4.1830193e-18  -3.0223194e-18  1.6567541e-17  1.9592719e-17  2.3528458e-17  -8.0529963e-17  -4.4926628e-18  2.9051748e-17  5.2393223e-18  -2.1896649e-17  1.0294838e-17  -4.1830193e-18  -3.0223194e-18  1.6567541e-17  1.9592719e-17  2.3528458e-17  -8.0529963e-17  
-9.5235726e-17  2.1253751e-17  -2.0328817e-17  5.4363845e-17  1.2864683e-17  1.4663993e-18  -3.0190901e-18  6.8834199e-17  -5.1562072e-18  3.0838987e-17  -8.1576896e-17  -9.5235726e-17  2.1253751e-17  -2.0328817e-17  5.4363845e-17  1.2864683e-17  1.4663993e-18  -3.0190901e-18  6.8834199e-17  -5.1562072e-18  3.0838987e-17  -8.1576896e-17  
-6.7458286e-17  8.2452596e-17  4.0567849e-17  -1.0039987e-19  -8.5251788e-17  -2.0503015e-17  -3.4778445e-17  -2.8953439e-18  -4.0473034e-17  -2.0136223e-18  1.0734554e-18  -6.7458286e-17  8.2452596e-17  4.0567849e-17  -1.0039987e-19  -8.5251788e-17  -2.0503015e-17  -3.4778445e-17  -2.8953439e-18  -4.0473034e-17  -2.0136223e-18  1.0734554e-18  
1.8442448e-17  1.1102061e-17  2.7159053e-17  1.6409146e-18  -3.9204920e-18  1.2275625e-17  3.3499412e-17  6.4477524e-17  -1.6533316e-17  2.8976997e-18  2.3471283e-18  1.8442448e-17  1.1102061e-17  2.7159053e-17  1.6409146e-18  -3.9204920e-18  1.2275625e-17  3.3499412e-17  6.4477524e-17  -1.6533316e-17  2.8976997e-18  2.3471283e-18  
4.1386030e-18  1.4204743e-18  -2.0311003e-17  3.9132922e-18  -7.0950868e-17  1.5014083e-17  -7.0039037e-19  3.3228044e-18  2.0515138e-18  -4.9107794e-18  1.0596382e-18  4.1386030e-18  1.4204743e-18  -2.0311003e-17  3.9132922e-18  -7.0950868e-17  1.5014083e-17  -7.0039037e-19  3.3228044e-18  2.0515138e-18  -4.9107794e-18  1.0596382e-18  
-1.1750041e-17  1.2795280e-17  1.0710308e-17  -7.1269352e-18  1.8428896e-17  -9.0846825e-17  -1.3077871e-16  -2.2729070e-18  -7.4204321e-18  6.8990834e-19  -2.9497922e-18  -1.1750041e-17  1.2795280e-17  1.0710308e-17  -7.1269352e-18  1.8428896e-17  -9.0846825e-17  -1.3077871e-16  -2.2729070e-18  -7.4204321e-18  6.8990834e-19  -2.9497922e-18  
-2.1378053e-18  -2.0650663e-18  -1.0910631e-17  -1.0626028e-18  -6.3866284e-19  -3.0450834e-18  -1.8802946e-16  -1.3175121e-17  -2.6426581e-17  4.2122948e-18  -1.5571854e-17  -2.1378053e-18  -2.0650663e-18  -1.0910631e-17  -1.0626028e-18  -6.3866284e-19  -3.0450834e-18  -1.8802946e-16  -1.3175121e-17  -2.6426581e-17  4.2122948e-18  -1.5571854e-17  
-3.8641643e-17  -9.7197031e-19  -2.6228375e-18  5.4032232e-18  -7.0541433e-18  -2.6875932e-17  -1.0184221e-17  1.2905076e-16  -1.8232384e-18  -8.3492038e-18  -1.2989250e-17  -3.8641643e-17  -9.7197031e-19  -2.6228375e-18  5.4032232e-18  -7.0541433e-18  -2.6875932e-17  -1.0184221e-17  1.2905076e-16  -1.8232384e-18  -8.3492038e-18  -1.2989250e-17  
7.6656482e-20  8.1814912e-18  -9.1239213e-18  -2.7921594e-17  -1.6981317e-17  7.2708673e-17  3.7181094e-17  2.2676290e-17  2.8425049e-17  3.3457801e-19  -3.4813054e-19  7.6656482e-20  8.1814912e-18  -9.1239213e-18  -2.7921594e-17  -1.6981317e-17  7.2708673e-17  3.7181094e-17  2.2676290e-17  2.8425049e-17  3.3457801e-19  -3.4813054e-19  
8.7371449e-19  -1.9901886e-17  3.6950754e-17  -1.1766982e-17  4.5205725e-17  1.0460010e-16  -1.5496552e-16  1.5331032e-17  2.7289496e-17  -1.2735140e-17  -4.3418909e-18  8.7371449e-19  -1.9901886e-17  3.6950754e-17  -1.1766982e-17  4.5205725e-17  1.0460010e-16  -1.5496552e-16  1.5331032e-17  2.7289496e-17  -1.2735140e-17  -4.3418909e-18  
-1.6616245e-17  -1.6852356e-17  4.3559305e-17  2.3253596e-17  1.1276920e-18  2.1879496e-17  3.3909918e-17  -7.1140815e-17  -4.3392016e-17  -6.4955357e-17  -3.9074053e-17  -1.6616245e-17  -1.6852356e-17  4.3559305e-17  2.3253596e-17  1.1276920e-18  2.1879496e-17  3.3909918e-17  -7.1140815e-17  -4.3392016e-17  -6.4955357e-17  -3.9074053e-17  
-4.4926628e-18  2.9051748e-17  5.2393223e-18  -2.1896649e-17  1.0294838e-17  -4.1830193e-18  -3.0223194e-18  1.6567541e-17  1.9592719e-17  2.3528458e-17  -8.0529963e-17  -4.4926628e-18  2.9051748e-17  5.2393223e-18  -2.1896649e-17  1.0294838e-17  -4.1830193e-18  -3.0223194e-18  1.6567541e-17  1.9592719e-17  2.3528458e-17  -8.0529963e-17  
-9.5235726e-17  2.1253751e-17  -2.0328817e-17  5.4363845e-17  1.2864683e-17  1.4663993e-18  -3.0190901e-18  6.8834199e-17  -5.1562072e-18  3.0838987e-17  -8.1576896e-17  -9.5235726e-17  2.1253751e-17  -2.0328817e-17  5.4363845e-17  1.2864683e-17  1.4663993e-18  -3.0190901e-18  6.8834199e-17  -5.1562072e-18  3.0838987e-17  -8.1576896e-17  
-6.7458286e-17  8.2452596e-17  4.0567849e-17  -1.0039987e-19  -8.5251788e-17  -2.0503015e-17  -3.4778445e-17  -2.8953439e-18  -4.0473034e-17  -2.0136223e-18  1.0734554e-18  -6.7458286e-17  8.2452596e-17  4.0567849e-17  -1.0039987e-19  -8.5251788e-17  -2.0503015e-17  -3.4778445e-17  -2.8953439e-18  -4.0473034e-17  -2.0136223e-18  1.0734554e-18  
1.8442448e-17  1.1102061e-17  2.7159053e-17  1.6409146e-18  -3.9204920e-18  1.2275625e-17  3.3499412e-17  6.4477524e-17  -1.6533316e-17  2.8976997e-18  2.3471283e-18  1.8442448e-17  1.1102061e-17  2.7159053e-17  1.6409146e-18  -3.9204920e-18  1.2275625e-17  3.3499412e-17  6.4477524e-17  -1.6533316e-17  2.8976997e-18  2.3471283e-18  
4.1386030e-18  1.4204743e-18  -2.0311003e-17  3.9132922e-18  -7.0950868e-17  1.5014083e-17  -7.0039037e-19  3.3228044e-18  2.0515138e-18  -4.9107794e-18  1.0596382e-18  4.1386030e-18  1.4204743e-18  -2.0311003e-17  3.9132922e-18  -7.0950868e-17  1.5014083e-17  -7.0039037e-19  3.3228044e-18  2.0515138e-18  -4.9107794e-18  1.0596382e-18  
-1.1750041e-17  1.2795280e-17  1.0710308e-17  -7.1269352e-18  1.8428896e-17  -9.0846825e-17  -1.3077871e-16  -2.2729070e-18  -7.4204321e-18  6.8990834e-19  -2.9497922e-18  -1.1750041e-17  1.2795280e-17  1.0710308e-17  -7.1269352e-18  1.8428896e-17  -9.0846825e-17  -1.3077871e-16  -2.2729070e-18  -7.4204321e-18  6.8990834e-19  -2.9497922e-18  
