-0.96911880  -0.24389161  -0.025094032  -0.015210061  0.0016554425  -0.0024104482  -0.00012716241  -0.0039551507  0.00098888908  -0.0012875039  0.0013905754  -0.96911880  -0.24389161  -0.025094032  -0.015210061  0.0016554425  -0.0024104482  -0.00012716241  -0.0039551507  0.00098888908  -0.0012875039  0.0013905754  
0.24408560  -0.96884165  -0.021965103  0.012933478  -0.0019243071  0.0056319172  0.0031925738  0.0028238098  -0.00077283232  -0.0075720691  0.00035403915  0.24408560  -0.96884165  -0.021965103  0.012933478  -0.0019243071  0.0056319172  0.0031925738  0.0028238098  -0.00077283232  -0.0075720691  0.00035403915  
-0.018593320  -0.027870635  0.99850364  -0.030371880  -0.011080553  -0.0056974363  0.0055260064  0.0019315401  -0.00086727664  0.0072835288  -0.0025731024  -0.018593320  -0.027870635  0.99850364  -0.030371880  -0.011080553  -0.0056974363  0.0055260064  0.0019315401  -0.00086727664  0.0072835288  -0.0025731024  
0.018339788  -0.0077957650  -0.030546835  -0.99855133  -0.022701472  0.0021604099  0.0076166195  -0.0029526551  0.011240167  -0.0027134450  -0.0055852751  0.018339788  -0.0077957650  -0.030546835  -0.99855133  -0.022701472  0.0021604099  0.0076166195  -0.0029526551  0.011240167  -0.0027134450  -0.0055852751  
0.0021914545  -0.0021176156  0.010365747  -0.022772452  0.99902556  -0.0036003486  -0.013935122  -0.0052944642  0.0053501216  0.0029046459  -0.0018250736  0.0021914545  -0.0021176156  0.010365747  -0.022772452  0.99902556  -0.0036003486  -0.013935122  -0.0052944642  0.0053501216  0.0029046459  -0.0018250736  
0.0039224840  -0.0048719820  -0.0060583855  -0.0019470051  -0.0035671319  -0.99963750  0.0023348606  -0.00020006318  -0.0056914615  0.014790665  0.00038957761  0.0039224840  -0.0048719820  -0.0060583855  -0.0019470051  -0.0035671319  -0.99963750  0.0023348606  -0.00020006318  -0.0056914615  0.014790665  0.00038957761  
-0.00090305723  0.0032639693  -0.0050506149  0.0076483140  0.014012445  0.0021900350  0.99947791  -0.0051269739  0.016671075  0.00044610715  0.0034468284  -0.00090305723  0.0032639693  -0.0050506149  0.0076483140  0.014012445  0.0021900350  0.99947791  -0.0051269739  0.016671075  0.00044610715  0.0034468284  
0.0045637866  -0.0019912679  0.0021804835  0.0039831513  -0.0059568559  -0.00021462602  -0.0061761124  -0.99664362  0.076376374  -0.0016575868  -0.0036410541  0.0045637866  -0.0019912679  0.0021804835  0.0039831513  -0.0059568559  -0.00021462602  -0.0061761124  -0.99664362  0.076376374  -0.0016575868  -0.0036410541  
0.00067572550  -0.00043424935  0.0010898655  0.011122852  -0.0051225118  -0.0057842613  -0.016155198  0.076949086  0.99649807  -0.0045102648  -0.0065042038  0.00067572550  -0.00043424935  0.0010898655  0.011122852  -0.0051225118  -0.0057842613  -0.016155198  0.076949086  0.99649807  -0.0045102648  -0.0065042038  
0.00061449226  -0.0073972519  -0.0073388992  -0.0022466949  -0.0029654125  0.014791670  -0.00052073228  -0.0012855290  0.0047744570  0.99937879  0.0085103840  0.00061449226  -0.0073972519  -0.0073388992  -0.0022466949  -0.0029654125  0.014791670  -0.00052073228  -0.0012855290  0.0047744570  0.99937879  0.0085103840  
-0.0013882614  -0.00054825311  -0.0026965225  0.0054894863  -0.0016269266  -0.00018009079  0.0033477695  0.0029319907  -0.0064736941  0.0084638760  -0.99872988  -0.0013882614  -0.00054825311  -0.0026965225  0.0054894863  -0.0016269266  -0.00018009079  0.0033477695  0.0029319907  -0.0064736941  0.0084638760  -0.99872988  
-0.96911880  -0.24389161  -0.025094032  -0.015210061  0.0016554425  -0.0024104482  -0.00012716241  -0.0039551507  0.00098888908  -0.0012875039  0.0013905754  -0.96911880  -0.24389161  -0.025094032  -0.015210061  0.0016554425  -0.0024104482  -0.00012716241  -0.0039551507  0.00098888908  -0.0012875039  0.0013905754  
0.24408560  -0.96884165  -0.021965103  0.012933478  -0.0019243071  0.0056319172  0.0031925738  0.0028238098  -0.00077283232  -0.0075720691  0.00035403915  0.24408560  -0.96884165  -0.021965103  0.012933478  -0.0019243071  0.0056319172  0.0031925738  0.0028238098  -0.00077283232  -0.0075720691  0.00035403915  
-0.018593320  -0.027870635  0.99850364  -0.030371880  -0.011080553  -0.0056974363  0.0055260064  0.0019315401  -0.00086727664  0.0072835288  -0.0025731024  -0.018593320  -0.027870635  0.99850364  -0.030371880  -0.011080553  -0.0056974363  0.0055260064  0.0019315401  -0.00086727664  0.0072835288  -0.0025731024  
0.018339788  -0.0077957650  -0.030546835  -0.99855133  -0.022701472  0.0021604099  0.0076166195  -0.0029526551  0.011240167  -0.0027134450  -0.0055852751  0.018339788  -0.0077957650  -0.030546835  -0.99855133  -0.022701472  0.0021604099  0.0076166195  -0.0029526551  0.011240167  -0.0027134450  -0.0055852751  
0.0021914545  -0.0021176156  0.010365747  -0.022772452  0.99902556  -0.0036003486  -0.013935122  -0.0052944642  0.0053501216  0.0029046459  -0.0018250736  0.0021914545  -0.0021176156  0.010365747  -0.022772452  0.99902556  -0.0036003486  -0.013935122  -0.0052944642  0.0053501216  0.0029046459  -0.0018250736  
0.0039224840  -0.0048719820  -0.0060583855  -0.0019470051  -0.0035671319  -0.99963750  0.0023348606  -0.00020006318  -0.0056914615  0.014790665  0.00038957761  0.0039224840  -0.0048719820  -0.0060583855  -0.0019470051  -0.0035671319  -0.99963750  0.0023348606  -0.00020006318  -0.0056914615  0.014790665  0.00038957761  
-0.00090305723  0.0032639693  -0.0050506149  0.0076483140  0.014012445  0.0021900350  0.99947791  -0.0051269739  0.016671075  0.00044610715  0.0034468284  -0.00090305723  0.0032639693  -0.0050506149  0.0076483140  0.014012445  0.0021900350  0.99947791  -0.0051269739  0.016671075  0.00044610715  0.0034468284  
0.0045637866  -0.0019912679  0.0021804835  0.0039831513  -0.0059568559  -0.00021462602  -0.0061761124  -0.99664362  0.076376374  -0.0016575868  -0.0036410541  0.0045637866  -0.0019912679  0.0021804835  0.0039831513  -0.0059568559  -0.00021462602  -0.0061761124  -0.99664362  0.076376374  -0.0016575868  -0.0036410541  
0.00067572550  -0.00043424935  0.0010898655  0.011122852  -0.0051225118  -0.0057842613  -0.016155198  0.076949086  0.99649807  -0.0045102648  -0.0065042038  0.00067572550  -0.00043424935  0.0010898655  0.011122852  -0.0051225118  -0.0057842613  -0.016155198  0.076949086  0.99649807  -0.0045102648  -0.0065042038  
0.00061449226  -0.0073972519  -0.0073388992  -0.0022466949  -0.0029654125  0.014791670  -0.00052073228  -0.0012855290  0.0047744570  0.99937879  0.0085103840  0.00061449226  -0.0073972519  -0.0073388992  -0.0022466949  -0.0029654125  0.014791670  -0.00052073228  -0.0012855290  0.0047744570  0.99937879  0.0085103840  
-0.0013882614  -0.00054825311  -0.0026965225  0.0054894863  -0.0016269266  -0.00018009079  0.0033477695  0.0029319907  -0.0064736941  0.0084638760  -0.99872988  -0.0013882614  -0.00054825311  -0.0026965225  0.0054894863  -0.0016269266  -0.00018009079  0.0033477695  0.0029319907  -0.0064736941  0.0084638760  -0.99872988  
