-1.1624415e-17  7.0231737e-17  -6.0944021e-19  1.3581326e-17  -1.4712115e-17  -7.0939009e-18  -4.7793834e-18  -2.5796643e-16  -7.7739625e-17  -1.7079572e-17  -1.1868626e-17  -1.1624415e-17  7.0231737e-17  -6.0944021e-19  1.3581326e-17  -1.4712115e-17  -7.0939009e-18  -4.7793834e-18  -2.5796643e-16  -7.7739625e-17  -1.7079572e-17  -1.1868626e-17  
9.2119068e-17  4.6821864e-18  -6.3595234e-18  1.7110913e-17  -6.7940513e-18  -1.6127507e-17  1.0941294e-16  -1.1365827e-16  8.0808267e-17  -5.3507071e-18  5.1008324e-18  9.2119068e-17  4.6821864e-18  -6.3595234e-18  1.7110913e-17  -6.7940513e-18  -1.6127507e-17  1.0941294e-16  -1.1365827e-16  8.0808267e-17  -5.3507071e-18  5.1008324e-18  
3.0027318e-18  2.5554984e-18  -5.3834370e-18  2.0915361e-17  -2.7941182e-16  3.7902130e-17  -1.6099343e-17  9.1021631e-19  -1.2670766e-17  1.4306386e-17  3.6364183e-18  3.0027318e-18  2.5554984e-18  -5.3834370e-18  2.0915361e-17  -2.7941182e-16  3.7902130e-17  -1.6099343e-17  9.1021631e-19  -1.2670766e-17  1.4306386e-17  3.6364183e-18  
-9.8086415e-19  -2.3329405e-17  -6.5907634e-18  5.6536273e-18  -2.4806207e-17  3.1958553e-17  -6.5933045e-18  -4.2097537e-19  -9.0907811e-18  1.0564195e-17  -1.0166089e-17  -9.8086415e-19  -2.3329405e-17  -6.5907634e-18  5.6536273e-18  -2.4806207e-17  3.1958553e-17  -6.5933045e-18  -4.2097537e-19  -9.0907811e-18  1.0564195e-17  -1.0166089e-17  
6.3290302e-18  1.1290102e-17  -4.0616500e-17  -1.8651665e-18  -5.8614151e-18  -5.3283031e-17  -1.9896804e-18  -3.6892520e-18  8.7244394e-20  2.0367754e-17  2.2432821e-17  6.3290302e-18  1.1290102e-17  -4.0616500e-17  -1.8651665e-18  -5.8614151e-18  -5.3283031e-17  -1.9896804e-18  -3.6892520e-18  8.7244394e-20  2.0367754e-17  2.2432821e-17  
9.2800930e-18  -9.7230912e-18  7.7501926e-17  7.1053359e-17  -8.0588409e-17  1.6877131e-18  -1.2649643e-17  4.8080766e-18  -8.6189838e-18  -8.3144754e-18  -1.5235158e-17  9.2800930e-18  -9.7230912e-18  7.7501926e-17  7.1053359e-17  -8.0588409e-17  1.6877131e-18  -1.2649643e-17  4.8080766e-18  -8.6189838e-18  -8.3144754e-18  -1.5235158e-17  
-8.0414767e-17  8.9947276e-17  -2.1193241e-17  -2.9231107e-18  2.8684771e-18  1.8246678e-18  -1.5120332e-18  4.3129647e-17  -3.3713182e-17  -2.0383001e-17  -2.0995279e-16  -8.0414767e-17  8.9947276e-17  -2.1193241e-17  -2.9231107e-18  2.8684771e-18  1.8246678e-18  -1.5120332e-18  4.3129647e-17  -3.3713182e-17  -2.0383001e-17  -2.0995279e-16  
7.8780840e-17  -1.4410572e-16  2.2064957e-17  -1.0825928e-17  2.7621744e-18  2.5016112e-17  -4.4735833e-17  -7.3953388e-18  1.9227754e-17  -3.2133889e-17  1.1409322e-17  7.8780840e-17  -1.4410572e-16  2.2064957e-17  -1.0825928e-17  2.7621744e-18  2.5016112e-17  -4.4735833e-17  -7.3953388e-18  1.9227754e-17  -3.2133889e-17  1.1409322e-17  
6.2559736e-17  1.2207465e-16  -1.3030384e-17  -2.3600667e-17  -5.6653481e-17  -2.1687749e-17  1.5650734e-17  5.4536057e-17  4.4932451e-18  -1.8794708e-17  5.3459426e-18  6.2559736e-17  1.2207465e-16  -1.3030384e-17  -2.3600667e-17  -5.6653481e-17  -2.1687749e-17  1.5650734e-17  5.4536057e-17  4.4932451e-18  -1.8794708e-17  5.3459426e-18  
-1.8407720e-17  5.2134878e-18  -1.1428169e-17  2.2819068e-18  1.4585907e-17  2.9270071e-17  8.1874205e-18  2.3543281e-17  1.8427625e-17  -4.8730864e-18  -5.9648060e-18  -1.8407720e-17  5.2134878e-18  -1.1428169e-17  2.2819068e-18  1.4585907e-17  2.9270071e-17  8.1874205e-18  2.3543281e-17  1.8427625e-17  -4.8730864e-18  -5.9648060e-18  
6.9812456e-18  5.6758831e-17  9.8125591e-18  1.7872395e-19  8.5296218e-19  6.9126359e-18  6.4552804e-17  1.3996372e-17  -1.8155092e-18  -2.8235843e-18  -2.1324054e-19  6.9812456e-18  5.6758831e-17  9.8125591e-18  1.7872395e-19  8.5296218e-19  6.9126359e-18  6.4552804e-17  1.3996372e-17  -1.8155092e-18  -2.8235843e-18  -2.1324054e-19  
-1.1624415e-17  7.0231737e-17  -6.0944021e-19  1.3581326e-17  -1.4712115e-17  -7.0939009e-18  -4.7793834e-18  -2.5796643e-16  -7.7739625e-17  -1.7079572e-17  -1.1868626e-17  -1.1624415e-17  7.0231737e-17  -6.0944021e-19  1.3581326e-17  -1.4712115e-17  -7.0939009e-18  -4.7793834e-18  -2.5796643e-16  -7.7739625e-17  -1.7079572e-17  -1.1868626e-17  
9.2119068e-17  4.6821864e-18  -6.3595234e-18  1.7110913e-17  -6.7940513e-18  -1.6127507e-17  1.0941294e-16  -1.1365827e-16  8.0808267e-17  -5.3507071e-18  5.1008324e-18  9.2119068e-17  4.6821864e-18  -6.3595234e-18  1.7110913e-17  -6.7940513e-18  -1.6127507e-17  1.0941294e-16  -1.1365827e-16  8.0808267e-17  -5.3507071e-18  5.1008324e-18  
3.0027318e-18  2.5554984e-18  -5.3834370e-18  2.0915361e-17  -2.7941182e-16  3.7902130e-17  -1.6099343e-17  9.1021631e-19  -1.2670766e-17  1.4306386e-17  3.6364183e-18  3.0027318e-18  2.5554984e-18  -5.3834370e-18  2.0915361e-17  -2.7941182e-16  3.7902130e-17  -1.6099343e-17  9.1021631e-19  -1.2670766e-17  1.4306386e-17  3.6364183e-18  
-9.8086415e-19  -2.3329405e-17  -6.5907634e-18  5.6536273e-18  -2.4806207e-17  3.1958553e-17  -6.5933045e-18  -4.2097537e-19  -9.0907811e-18  1.0564195e-17  -1.0166089e-17  -9.8086415e-19  -2.3329405e-17  -6.5907634e-18  5.6536273e-18  -2.4806207e-17  3.1958553e-17  -6.5933045e-18  -4.2097537e-19  -9.0907811e-18  1.0564195e-17  -1.0166089e-17  
6.3290302e-18  1.1290102e-17  -4.0616500e-17  -1.8651665e-18  -5.8614151e-18  -5.3283031e-17  -1.9896804e-18  -3.6892520e-18  8.7244394e-20  2.0367754e-17  2.2432821e-17  6.3290302e-18  1.1290102e-17  -4.0616500e-17  -1.8651665e-18  -5.8614151e-18  -5.3283031e-17  -1.9896804e-18  -3.6892520e-18  8.7244394e-20  2.0367754e-17  2.2432821e-17  
9.2800930e-18  -9.7230912e-18  7.7501926e-17  7.1053359e-17  -8.0588409e-17  1.6877131e-18  -1.2649643e-17  4.8080766e-18  -8.6189838e-18  -8.3144754e-18  -1.5235158e-17  9.2800930e-18  -9.7230912e-18  7.7501926e-17  7.1053359e-17  -8.0588409e-17  1.6877131e-18  -1.2649643e-17  4.8080766e-18  -8.6189838e-18  -8.3144754e-18  -1.5235158e-17  
-8.0414767e-17  8.9947276e-17  -2.1193241e-17  -2.9231107e-18  2.8684771e-18  1.8246678e-18  -1.5120332e-18  4.3129647e-17  -3.3713182e-17  -2.0383001e-17  -2.0995279e-16  -8.0414767e-17  8.9947276e-17  -2.1193241e-17  -2.9231107e-18  2.8684771e-18  1.8246678e-18  -1.5120332e-18  4.3129647e-17  -3.3713182e-17  -2.0383001e-17  -2.0995279e-16  
7.8780840e-17  -1.4410572e-16  2.2064957e-17  -1.0825928e-17  2.7621744e-18  2.5016112e-17  -4.4735833e-17  -7.3953388e-18  1.9227754e-17  -3.2133889e-17  1.1409322e-17  7.8780840e-17  -1.4410572e-16  2.2064957e-17  -1.0825928e-17  2.7621744e-18  2.5016112e-17  -4.4735833e-17  -7.3953388e-18  1.9227754e-17  -3.2133889e-17  1.1409322e-17  
6.2559736e-17  1.2207465e-16  -1.3030384e-17  -2.3600667e-17  -5.6653481e-17  -2.1687749e-17  1.5650734e-17  5.4536057e-17  4.4932451e-18  -1.8794708e-17  5.3459426e-18  6.2559736e-17  1.2207465e-16  -1.3030384e-17  -2.3600667e-17  -5.6653481e-17  -2.1687749e-17  1.5650734e-17  5.4536057e-17  4.4932451e-18  -1.8794708e-17  5.3459426e-18  
-1.8407720e-17  5.2134878e-18  -1.1428169e-17  2.2819068e-18  1.4585907e-17  2.9270071e-17  8.1874205e-18  2.3543281e-17  1.8427625e-17  -4.8730864e-18  -5.9648060e-18  -1.8407720e-17  5.2134878e-18  -1.1428169e-17  2.2819068e-18  1.4585907e-17  2.9270071e-17  8.1874205e-18  2.3543281e-17  1.8427625e-17  -4.8730864e-18  -5.9648060e-18  
6.9812456e-18  5.6758831e-17  9.8125591e-18  1.7872395e-19  8.5296218e-19  6.9126359e-18  6.4552804e-17  1.3996372e-17  -1.8155092e-18  -2.8235843e-18  -2.1324054e-19  6.9812456e-18  5.6758831e-17  9.8125591e-18  1.7872395e-19  8.5296218e-19  6.9126359e-18  6.4552804e-17  1.3996372e-17  -1.8155092e-18  -2.8235843e-18  -2.1324054e-19  
