3.7756494e-18  1.0613916e-16  -5.3608715e-18  -1.8088389e-17  1.8634725e-19  -7.6656482e-19  7.4240744e-17  -2.0565960e-18  -8.7286745e-18  -2.6320808e-16  -2.2876920e-16  3.7756494e-18  1.0613916e-16  -5.3608715e-18  -1.8088389e-17  1.8634725e-19  -7.6656482e-19  7.4240744e-17  -2.0565960e-18  -8.7286745e-18  -2.6320808e-16  -2.2876920e-16  
-4.5301863e-17  -4.3993303e-18  6.7088186e-18  -1.0269004e-17  1.1289043e-17  1.2165087e-17  -5.8050132e-17  -2.7131312e-16  -3.6790876e-18  -1.9275360e-18  1.3441354e-18  -4.5301863e-17  -4.3993303e-18  6.7088186e-18  -1.0269004e-17  1.1289043e-17  1.2165087e-17  -5.8050132e-17  -2.7131312e-16  -3.6790876e-18  -1.9275360e-18  1.3441354e-18  
7.4250908e-18  -5.4018467e-18  3.2641473e-18  4.3371263e-17  -8.5273771e-17  6.5217302e-18  -4.5326851e-18  2.3660171e-17  -3.2378470e-17  7.8864061e-19  5.0576231e-17  7.4250908e-18  -5.4018467e-18  3.2641473e-18  4.3371263e-17  -8.5273771e-17  6.5217302e-18  -4.5326851e-18  2.3660171e-17  -3.2378470e-17  7.8864061e-19  5.0576231e-17  
-2.8180786e-18  1.0429623e-17  -9.4434644e-18  -2.1387582e-20  -1.7906277e-18  6.9128265e-17  -2.6773017e-17  -4.4791102e-18  5.7951241e-17  -1.7857149e-17  8.0606196e-17  -2.8180786e-18  1.0429623e-17  -9.4434644e-18  -2.1387582e-20  -1.7906277e-18  6.9128265e-17  -2.6773017e-17  -4.4791102e-18  5.7951241e-17  -1.7857149e-17  8.0606196e-17  
-3.7972487e-18  1.7899288e-17  -2.2060550e-17  1.6561612e-17  4.4857806e-18  3.3110094e-17  7.1235471e-19  -2.0540549e-18  -3.7721554e-17  -1.2165092e-16  8.2368448e-17  -3.7972487e-18  1.7899288e-17  -2.2060550e-17  1.6561612e-17  4.4857806e-18  3.3110094e-17  7.1235471e-19  -2.0540549e-18  -3.7721554e-17  -1.2165092e-16  8.2368448e-17  
-7.9722741e-18  -7.9699448e-18  1.2233697e-17  1.8510635e-17  3.4352268e-17  1.9462435e-18  1.9536815e-17  -4.2648109e-19  -1.2561499e-17  -9.4324001e-18  -1.3414461e-17  -7.9722741e-18  -7.9699448e-18  1.2233697e-17  1.8510635e-17  3.4352268e-17  1.9462435e-18  1.9536815e-17  -4.2648109e-19  -1.2561499e-17  -9.4324001e-18  -1.3414461e-17  
-1.2383622e-16  -2.2298142e-18  3.8003192e-18  1.4113792e-17  5.9004315e-18  2.0178866e-17  1.9025419e-18  -2.2014386e-18  -2.5334755e-18  4.9429455e-17  1.9049559e-17  -1.2383622e-16  -2.2298142e-18  3.8003192e-18  1.4113792e-17  5.9004315e-18  2.0178866e-17  1.9025419e-18  -2.2014386e-18  -2.5334755e-18  4.9429455e-17  1.9049559e-17  
-2.1158883e-18  4.2371976e-17  4.0788872e-18  1.8101094e-18  1.1213022e-17  5.9878877e-18  -7.8299726e-18  4.0904280e-18  -2.8875353e-18  1.4990366e-17  2.0955595e-18  -2.1158883e-18  4.2371976e-17  4.0788872e-18  1.8101094e-18  1.1213022e-17  5.9878877e-18  -7.8299726e-18  4.0904280e-18  -2.8875353e-18  1.4990366e-17  2.0955595e-18  
7.6254141e-18  -1.8875917e-17  7.3251409e-18  6.9538864e-17  1.2341969e-16  -1.8306288e-17  1.5742107e-18  4.6273410e-18  -2.1087944e-18  7.3477461e-18  4.7222087e-20  7.6254141e-18  -1.8875917e-17  7.3251409e-18  6.9538864e-17  1.2341969e-16  -1.8306288e-17  1.5742107e-18  4.6273410e-18  -2.1087944e-18  7.3477461e-18  4.7222087e-20  
9.0221714e-17  -4.2668226e-18  -1.0893728e-16  8.4839085e-17  -2.8864718e-16  -3.0101645e-17  -2.7251009e-17  -5.3507071e-18  1.0246452e-17  -9.0233990e-19  -3.6443328e-18  9.0221714e-17  -4.2668226e-18  -1.0893728e-16  8.4839085e-17  -2.8864718e-16  -3.0101645e-17  -2.7251009e-17  -5.3507071e-18  1.0246452e-17  -9.0233990e-19  -3.6443328e-18  
1.4352804e-16  1.4337091e-17  1.4387384e-17  -1.4440747e-17  -2.7075408e-18  -5.1890297e-18  2.6220858e-17  3.4889287e-18  -1.3035837e-18  2.4055206e-18  -1.4940867e-18  1.4352804e-16  1.4337091e-17  1.4387384e-17  -1.4440747e-17  -2.7075408e-18  -5.1890297e-18  2.6220858e-17  3.4889287e-18  -1.3035837e-18  2.4055206e-18  -1.4940867e-18  
3.7756494e-18  1.0613916e-16  -5.3608715e-18  -1.8088389e-17  1.8634725e-19  -7.6656482e-19  7.4240744e-17  -2.0565960e-18  -8.7286745e-18  -2.6320808e-16  -2.2876920e-16  3.7756494e-18  1.0613916e-16  -5.3608715e-18  -1.8088389e-17  1.8634725e-19  -7.6656482e-19  7.4240744e-17  -2.0565960e-18  -8.7286745e-18  -2.6320808e-16  -2.2876920e-16  
-4.5301863e-17  -4.3993303e-18  6.7088186e-18  -1.0269004e-17  1.1289043e-17  1.2165087e-17  -5.8050132e-17  -2.7131312e-16  -3.6790876e-18  -1.9275360e-18  1.3441354e-18  -4.5301863e-17  -4.3993303e-18  6.7088186e-18  -1.0269004e-17  1.1289043e-17  1.2165087e-17  -5.8050132e-17  -2.7131312e-16  -3.6790876e-18  -1.9275360e-18  1.3441354e-18  
7.4250908e-18  -5.4018467e-18  3.2641473e-18  4.3371263e-17  -8.5273771e-17  6.5217302e-18  -4.5326851e-18  2.3660171e-17  -3.2378470e-17  7.8864061e-19  5.0576231e-17  7.4250908e-18  -5.4018467e-18  3.2641473e-18  4.3371263e-17  -8.5273771e-17  6.5217302e-18  -4.5326851e-18  2.3660171e-17  -3.2378470e-17  7.8864061e-19  5.0576231e-17  
-2.8180786e-18  1.0429623e-17  -9.4434644e-18  -2.1387582e-20  -1.7906277e-18  6.9128265e-17  -2.6773017e-17  -4.4791102e-18  5.7951241e-17  -1.7857149e-17  8.0606196e-17  -2.8180786e-18  1.0429623e-17  -9.4434644e-18  -2.1387582e-20  -1.7906277e-18  6.9128265e-17  -2.6773017e-17  -4.4791102e-18  5.7951241e-17  -1.7857149e-17  8.0606196e-17  
-3.7972487e-18  1.7899288e-17  -2.2060550e-17  1.6561612e-17  4.4857806e-18  3.3110094e-17  7.1235471e-19  -2.0540549e-18  -3.7721554e-17  -1.2165092e-16  8.2368448e-17  -3.7972487e-18  1.7899288e-17  -2.2060550e-17  1.6561612e-17  4.4857806e-18  3.3110094e-17  7.1235471e-19  -2.0540549e-18  -3.7721554e-17  -1.2165092e-16  8.2368448e-17  
-7.9722741e-18  -7.9699448e-18  1.2233697e-17  1.8510635e-17  3.4352268e-17  1.9462435e-18  1.9536815e-17  -4.2648109e-19  -1.2561499e-17  -9.4324001e-18  -1.3414461e-17  -7.9722741e-18  -7.9699448e-18  1.2233697e-17  1.8510635e-17  3.4352268e-17  1.9462435e-18  1.9536815e-17  -4.2648109e-19  -1.2561499e-17  -9.4324001e-18  -1.3414461e-17  
-1.2383622e-16  -2.2298142e-18  3.8003192e-18  1.4113792e-17  5.9004315e-18  2.0178866e-17  1.9025419e-18  -2.2014386e-18  -2.5334755e-18  4.9429455e-17  1.9049559e-17  -1.2383622e-16  -2.2298142e-18  3.8003192e-18  1.4113792e-17  5.9004315e-18  2.0178866e-17  1.9025419e-18  -2.2014386e-18  -2.5334755e-18  4.9429455e-17  1.9049559e-17  
-2.1158883e-18  4.2371976e-17  4.0788872e-18  1.8101094e-18  1.1213022e-17  5.9878877e-18  -7.8299726e-18  4.0904280e-18  -2.8875353e-18  1.4990366e-17  2.0955595e-18  -2.1158883e-18  4.2371976e-17  4.0788872e-18  1.8101094e-18  1.1213022e-17  5.9878877e-18  -7.8299726e-18  4.0904280e-18  -2.8875353e-18  1.4990366e-17  2.0955595e-18  
7.6254141e-18  -1.8875917e-17  7.3251409e-18  6.9538864e-17  1.2341969e-16  -1.8306288e-17  1.5742107e-18  4.6273410e-18  -2.1087944e-18  7.3477461e-18  4.7222087e-20  7.6254141e-18  -1.8875917e-17  7.3251409e-18  6.9538864e-17  1.2341969e-16  -1.8306288e-17  1.5742107e-18  4.6273410e-18  -2.1087944e-18  7.3477461e-18  4.7222087e-20  
9.0221714e-17  -4.2668226e-18  -1.0893728e-16  8.4839085e-17  -2.8864718e-16  -3.0101645e-17  -2.7251009e-17  -5.3507071e-18  1.0246452e-17  -9.0233990e-19  -3.6443328e-18  9.0221714e-17  -4.2668226e-18  -1.0893728e-16  8.4839085e-17  -2.8864718e-16  -3.0101645e-17  -2.7251009e-17  -5.3507071e-18  1.0246452e-17  -9.0233990e-19  -3.6443328e-18  
1.4352804e-16  1.4337091e-17  1.4387384e-17  -1.4440747e-17  -2.7075408e-18  -5.1890297e-18  2.6220858e-17  3.4889287e-18  -1.3035837e-18  2.4055206e-18  -1.4940867e-18  1.4352804e-16  1.4337091e-17  1.4387384e-17  -1.4440747e-17  -2.7075408e-18  -5.1890297e-18  2.6220858e-17  3.4889287e-18  -1.3035837e-18  2.4055206e-18  -1.4940867e-18  
