-3.6344860e-18  2.2590792e-17  3.1106861e-17  5.1207377e-18  -2.3151528e-18  3.5575384e-17  6.6032571e-18  3.8663984e-17  -1.1024700e-16  -1.2195845e-16  -1.3869741e-17  -3.6344860e-18  2.2590792e-17  3.1106861e-17  5.1207377e-18  -2.3151528e-18  3.5575384e-17  6.6032571e-18  3.8663984e-17  -1.1024700e-16  -1.2195845e-16  -1.3869741e-17  
-8.5431743e-18  5.8265279e-18  4.9725916e-17  2.0972536e-18  -8.2953325e-17  2.2073001e-16  -2.0013694e-17  -1.7518335e-17  2.3685582e-17  -1.2835090e-17  1.1360406e-17  -8.5431743e-18  5.8265279e-18  4.9725916e-17  2.0972536e-18  -8.2953325e-17  2.2073001e-16  -2.0013694e-17  -1.7518335e-17  2.3685582e-17  -1.2835090e-17  1.1360406e-17  
-3.5356426e-17  1.1534725e-16  1.8797143e-17  -3.7572687e-17  -4.5544962e-18  4.4134652e-17  -5.1685950e-18  -7.8045616e-18  -3.8693736e-17  -5.4887735e-19  -1.9317433e-17  -3.5356426e-17  1.1534725e-16  1.8797143e-17  -3.7572687e-17  -4.5544962e-18  4.4134652e-17  -5.1685950e-18  -7.8045616e-18  -3.8693736e-17  -5.4887735e-19  -1.9317433e-17  
3.4800560e-17  -6.7847339e-17  1.7237120e-17  -8.5698558e-18  -5.5114952e-17  9.6743021e-17  4.4795337e-18  1.1376923e-17  3.0548667e-17  -1.6285055e-17  7.4975968e-17  3.4800560e-17  -6.7847339e-17  1.7237120e-17  -8.5698558e-18  -5.5114952e-17  9.6743021e-17  4.4795337e-18  1.1376923e-17  3.0548667e-17  -1.6285055e-17  7.4975968e-17  
7.0070801e-19  5.1228553e-17  2.5418612e-17  2.9660553e-17  -5.9181398e-18  -6.8652020e-18  1.2313741e-18  -1.4933191e-17  1.6142330e-18  2.4973072e-17  -5.3291925e-17  7.0070801e-19  5.1228553e-17  2.5418612e-17  2.9660553e-17  -5.9181398e-18  -6.8652020e-18  1.2313741e-18  -1.4933191e-17  1.6142330e-18  2.4973072e-17  -5.3291925e-17  
-2.5140467e-18  -4.5367085e-18  2.5702368e-16  9.6035749e-17  4.4397232e-18  1.3807696e-18  1.6635727e-18  -5.9601473e-18  -2.2285966e-18  -2.3518209e-16  -1.4981472e-17  -2.5140467e-18  -4.5367085e-18  2.5702368e-16  9.6035749e-17  4.4397232e-18  1.3807696e-18  1.6635727e-18  -5.9601473e-18  -2.2285966e-18  -2.3518209e-16  -1.4981472e-17  
-3.3576386e-17  1.2454772e-17  -4.5494987e-17  1.5771753e-17  3.3024332e-17  -1.1900389e-17  1.3335475e-19  1.5385506e-17  -5.0699792e-17  2.6379147e-17  -1.2353976e-17  -3.3576386e-17  1.2454772e-17  -4.5494987e-17  1.5771753e-17  3.3024332e-17  -1.1900389e-17  1.3335475e-19  1.5385506e-17  -5.0699792e-17  2.6379147e-17  -1.2353976e-17  
8.9398901e-18  -4.9000856e-18  -1.6720430e-17  1.5564230e-18  2.5244970e-17  -2.3992208e-19  3.7438856e-18  -9.7801865e-18  5.1886988e-18  -6.7085009e-19  -5.1080322e-18  8.9398901e-18  -4.9000856e-18  -1.6720430e-17  1.5564230e-18  2.5244970e-17  -2.3992208e-19  3.7438856e-18  -9.7801865e-18  5.1886988e-18  -6.7085009e-19  -5.1080322e-18  
6.5678816e-17  7.6517568e-17  6.7349919e-17  9.3926213e-17  -1.3401438e-17  -7.4201145e-18  -2.9733609e-17  -3.3617997e-17  3.1756456e-18  -3.0813470e-18  8.3785905e-17  6.5678816e-17  7.6517568e-17  6.7349919e-17  9.3926213e-17  -1.3401438e-17  -7.4201145e-18  -2.9733609e-17  -3.3617997e-17  3.1756456e-18  -3.0813470e-18  8.3785905e-17  
-7.7928302e-17  -1.5670110e-19  -2.7320201e-17  2.3832966e-17  -1.7153264e-17  8.5947586e-17  -7.0964420e-18  -1.0299921e-18  -1.0590029e-18  1.0480762e-17  -5.3884001e-18  -7.7928302e-17  -1.5670110e-19  -2.7320201e-17  2.3832966e-17  -1.7153264e-17  8.5947586e-17  -7.0964420e-18  -1.0299921e-18  -1.0590029e-18  1.0480762e-17  -5.3884001e-18  
-1.2704330e-17  5.9194898e-18  -5.4243990e-18  4.7452480e-17  -4.8353723e-17  -3.8234220e-17  -9.1615084e-18  2.0331332e-17  -5.0470988e-17  -9.5274266e-18  3.5363626e-19  -1.2704330e-17  5.9194898e-18  -5.4243990e-18  4.7452480e-17  -4.8353723e-17  -3.8234220e-17  -9.1615084e-18  2.0331332e-17  -5.0470988e-17  -9.5274266e-18  3.5363626e-19  
-3.6344860e-18  2.2590792e-17  3.1106861e-17  5.1207377e-18  -2.3151528e-18  3.5575384e-17  6.6032571e-18  3.8663984e-17  -1.1024700e-16  -1.2195845e-16  -1.3869741e-17  -3.6344860e-18  2.2590792e-17  3.1106861e-17  5.1207377e-18  -2.3151528e-18  3.5575384e-17  6.6032571e-18  3.8663984e-17  -1.1024700e-16  -1.2195845e-16  -1.3869741e-17  
-8.5431743e-18  5.8265279e-18  4.9725916e-17  2.0972536e-18  -8.2953325e-17  2.2073001e-16  -2.0013694e-17  -1.7518335e-17  2.3685582e-17  -1.2835090e-17  1.1360406e-17  -8.5431743e-18  5.8265279e-18  4.9725916e-17  2.0972536e-18  -8.2953325e-17  2.2073001e-16  -2.0013694e-17  -1.7518335e-17  2.3685582e-17  -1.2835090e-17  1.1360406e-17  
-3.5356426e-17  1.1534725e-16  1.8797143e-17  -3.7572687e-17  -4.5544962e-18  4.4134652e-17  -5.1685950e-18  -7.8045616e-18  -3.8693736e-17  -5.4887735e-19  -1.9317433e-17  -3.5356426e-17  1.1534725e-16  1.8797143e-17  -3.7572687e-17  -4.5544962e-18  4.4134652e-17  -5.1685950e-18  -7.8045616e-18  -3.8693736e-17  -5.4887735e-19  -1.9317433e-17  
3.4800560e-17  -6.7847339e-17  1.7237120e-17  -8.5698558e-18  -5.5114952e-17  9.6743021e-17  4.4795337e-18  1.1376923e-17  3.0548667e-17  -1.6285055e-17  7.4975968e-17  3.4800560e-17  -6.7847339e-17  1.7237120e-17  -8.5698558e-18  -5.5114952e-17  9.6743021e-17  4.4795337e-18  1.1376923e-17  3.0548667e-17  -1.6285055e-17  7.4975968e-17  
7.0070801e-19  5.1228553e-17  2.5418612e-17  2.9660553e-17  -5.9181398e-18  -6.8652020e-18  1.2313741e-18  -1.4933191e-17  1.6142330e-18  2.4973072e-17  -5.3291925e-17  7.0070801e-19  5.1228553e-17  2.5418612e-17  2.9660553e-17  -5.9181398e-18  -6.8652020e-18  1.2313741e-18  -1.4933191e-17  1.6142330e-18  2.4973072e-17  -5.3291925e-17  
-2.5140467e-18  -4.5367085e-18  2.5702368e-16  9.6035749e-17  4.4397232e-18  1.3807696e-18  1.6635727e-18  -5.9601473e-18  -2.2285966e-18  -2.3518209e-16  -1.4981472e-17  -2.5140467e-18  -4.5367085e-18  2.5702368e-16  9.6035749e-17  4.4397232e-18  1.3807696e-18  1.6635727e-18  -5.9601473e-18  -2.2285966e-18  -2.3518209e-16  -1.4981472e-17  
-3.3576386e-17  1.2454772e-17  -4.5494987e-17  1.5771753e-17  3.3024332e-17  -1.1900389e-17  1.3335475e-19  1.5385506e-17  -5.0699792e-17  2.6379147e-17  -1.2353976e-17  -3.3576386e-17  1.2454772e-17  -4.5494987e-17  1.5771753e-17  3.3024332e-17  -1.1900389e-17  1.3335475e-19  1.5385506e-17  -5.0699792e-17  2.6379147e-17  -1.2353976e-17  
8.9398901e-18  -4.9000856e-18  -1.6720430e-17  1.5564230e-18  2.5244970e-17  -2.3992208e-19  3.7438856e-18  -9.7801865e-18  5.1886988e-18  -6.7085009e-19  -5.1080322e-18  8.9398901e-18  -4.9000856e-18  -1.6720430e-17  1.5564230e-18  2.5244970e-17  -2.3992208e-19  3.7438856e-18  -9.7801865e-18  5.1886988e-18  -6.7085009e-19  -5.1080322e-18  
6.5678816e-17  7.6517568e-17  6.7349919e-17  9.3926213e-17  -1.3401438e-17  -7.4201145e-18  -2.9733609e-17  -3.3617997e-17  3.1756456e-18  -3.0813470e-18  8.3785905e-17  6.5678816e-17  7.6517568e-17  6.7349919e-17  9.3926213e-17  -1.3401438e-17  -7.4201145e-18  -2.9733609e-17  -3.3617997e-17  3.1756456e-18  -3.0813470e-18  8.3785905e-17  
-7.7928302e-17  -1.5670110e-19  -2.7320201e-17  2.3832966e-17  -1.7153264e-17  8.5947586e-17  -7.0964420e-18  -1.0299921e-18  -1.0590029e-18  1.0480762e-17  -5.3884001e-18  -7.7928302e-17  -1.5670110e-19  -2.7320201e-17  2.3832966e-17  -1.7153264e-17  8.5947586e-17  -7.0964420e-18  -1.0299921e-18  -1.0590029e-18  1.0480762e-17  -5.3884001e-18  
-1.2704330e-17  5.9194898e-18  -5.4243990e-18  4.7452480e-17  -4.8353723e-17  -3.8234220e-17  -9.1615084e-18  2.0331332e-17  -5.0470988e-17  -9.5274266e-18  3.5363626e-19  -1.2704330e-17  5.9194898e-18  -5.4243990e-18  4.7452480e-17  -4.8353723e-17  -3.8234220e-17  -9.1615084e-18  2.0331332e-17  -5.0470988e-17  -9.5274266e-18  3.5363626e-19  
