-0.99925250  0.019884574  -0.022966335  -0.0045562225  8.2480718e-05  -0.00016950816  0.0048932893  0.0019632177  0.00096696438  0.0028526897  -0.0015035150  -0.99925250  0.019884574  -0.022966335  -0.0045562225  8.2480718e-05  -0.00016950816  0.0048932893  0.0019632177  0.00096696438  0.0028526897  -0.0015035150  
0.015734992  0.98604756  0.16203334  0.0074847208  0.0027557482  -0.0058501035  -0.0018294952  -0.0059846674  -0.0069762520  -0.011792213  0.0015372965  0.015734992  0.98604756  0.16203334  0.0074847208  0.0027557482  -0.0058501035  -0.0018294952  -0.0059846674  -0.0069762520  -0.011792213  0.0015372965  
-0.025661706  -0.16089150  0.98462723  -0.051638928  -0.0028372067  -0.0036667991  0.00069439624  0.0072639432  0.0040365779  -0.0063963341  -0.0095439501  -0.025661706  -0.16089150  0.98462723  -0.051638928  -0.0028372067  -0.0036667991  0.00069439624  0.0072639432  0.0040365779  -0.0063963341  -0.0095439501  
-0.0059261265  -0.015758927  0.049607905  0.99802063  -0.011009173  0.0052404898  -0.0032562206  -0.0032186577  0.0099855638  0.0032544279  -0.0065692464  -0.0059261265  -0.015758927  0.049607905  0.99802063  -0.011009173  0.0052404898  -0.0032562206  -0.0032186577  0.0099855638  0.0032544279  -0.0065692464  
-5.7399981e-05  -0.0034608001  0.0030462446  0.010846758  0.99948375  -0.0030448921  0.012070598  -0.013698892  0.0037716323  -0.0016718884  0.00041199739  -5.7399981e-05  -0.0034608001  0.0030462446  0.010846758  0.99948375  -0.0030448921  0.012070598  -0.013698892  0.0037716323  -0.0016718884  0.00041199739  
-0.00016565604  0.0053332540  0.0043532296  -0.0054105641  0.0029677819  0.99978004  0.0010072016  -0.0050163296  0.0045501264  0.0057699178  -0.0019511757  -0.00016565604  0.0053332540  0.0043532296  -0.0054105641  0.0029677819  0.99978004  0.0010072016  -0.0050163296  0.0045501264  0.0057699178  -0.0019511757  
0.0050374609  0.0024562892  -0.00082358369  0.0031680279  -0.011237355  -0.00078378238  0.99744210  0.062904152  0.010884844  0.0015613642  -0.016300852  0.0050374609  0.0024562892  -0.00082358369  0.0031680279  -0.011237355  -0.00078378238  0.99744210  0.062904152  0.010884844  0.0015613642  -0.016300852  
-0.0018422360  -0.0071711842  0.0062475536  -0.0034362459  -0.014443455  -0.0049667633  0.063114923  -0.99714388  -0.011042136  0.0031375749  0.016061679  -0.0018422360  -0.0071711842  0.0062475536  -0.0034362459  -0.014443455  -0.0049667633  0.063114923  -0.99714388  -0.011042136  0.0031375749  0.016061679  
-0.0013984180  -0.0082427660  0.0033558567  0.010299125  0.0036643774  0.0050490359  0.011042839  0.012180470  -0.99728757  -0.057212435  0.031245997  -0.0013984180  -0.0082427660  0.0033558567  0.010299125  0.0036643774  0.0050490359  0.011042839  0.012180470  -0.99728757  -0.057212435  0.031245997  
-0.0028349385  -0.010208064  -0.0083593562  0.0027401948  -0.0020479800  0.0055433121  0.00096188617  -0.0035777417  0.057228258  -0.99795461  0.00038857143  -0.0028349385  -0.010208064  -0.0083593562  0.0027401948  -0.0020479800  0.0055433121  0.00096188617  -0.0035777417  0.057228258  -0.99795461  0.00038857143  
0.0016225850  0.0029098057  -0.0096691725  -0.0058710107  0.00052291279  -0.0018255118  -0.015235666  -0.017045841  -0.032112037  -0.0017948888  -0.99814127  0.0016225850  0.0029098057  -0.0096691725  -0.0058710107  0.00052291279  -0.0018255118  -0.015235666  -0.017045841  -0.032112037  -0.0017948888  -0.99814127  
-0.99925250  0.019884574  -0.022966335  -0.0045562225  8.2480718e-05  -0.00016950816  0.0048932893  0.0019632177  0.00096696438  0.0028526897  -0.0015035150  -0.99925250  0.019884574  -0.022966335  -0.0045562225  8.2480718e-05  -0.00016950816  0.0048932893  0.0019632177  0.00096696438  0.0028526897  -0.0015035150  
0.015734992  0.98604756  0.16203334  0.0074847208  0.0027557482  -0.0058501035  -0.0018294952  -0.0059846674  -0.0069762520  -0.011792213  0.0015372965  0.015734992  0.98604756  0.16203334  0.0074847208  0.0027557482  -0.0058501035  -0.0018294952  -0.0059846674  -0.0069762520  -0.011792213  0.0015372965  
-0.025661706  -0.16089150  0.98462723  -0.051638928  -0.0028372067  -0.0036667991  0.00069439624  0.0072639432  0.0040365779  -0.0063963341  -0.0095439501  -0.025661706  -0.16089150  0.98462723  -0.051638928  -0.0028372067  -0.0036667991  0.00069439624  0.0072639432  0.0040365779  -0.0063963341  -0.0095439501  
-0.0059261265  -0.015758927  0.049607905  0.99802063  -0.011009173  0.0052404898  -0.0032562206  -0.0032186577  0.0099855638  0.0032544279  -0.0065692464  -0.0059261265  -0.015758927  0.049607905  0.99802063  -0.011009173  0.0052404898  -0.0032562206  -0.0032186577  0.0099855638  0.0032544279  -0.0065692464  
-5.7399981e-05  -0.0034608001  0.0030462446  0.010846758  0.99948375  -0.0030448921  0.012070598  -0.013698892  0.0037716323  -0.0016718884  0.00041199739  -5.7399981e-05  -0.0034608001  0.0030462446  0.010846758  0.99948375  -0.0030448921  0.012070598  -0.013698892  0.0037716323  -0.0016718884  0.00041199739  
-0.00016565604  0.0053332540  0.0043532296  -0.0054105641  0.0029677819  0.99978004  0.0010072016  -0.0050163296  0.0045501264  0.0057699178  -0.0019511757  -0.00016565604  0.0053332540  0.0043532296  -0.0054105641  0.0029677819  0.99978004  0.0010072016  -0.0050163296  0.0045501264  0.0057699178  -0.0019511757  
0.0050374609  0.0024562892  -0.00082358369  0.0031680279  -0.011237355  -0.00078378238  0.99744210  0.062904152  0.010884844  0.0015613642  -0.016300852  0.0050374609  0.0024562892  -0.00082358369  0.0031680279  -0.011237355  -0.00078378238  0.99744210  0.062904152  0.010884844  0.0015613642  -0.016300852  
-0.0018422360  -0.0071711842  0.0062475536  -0.0034362459  -0.014443455  -0.0049667633  0.063114923  -0.99714388  -0.011042136  0.0031375749  0.016061679  -0.0018422360  -0.0071711842  0.0062475536  -0.0034362459  -0.014443455  -0.0049667633  0.063114923  -0.99714388  -0.011042136  0.0031375749  0.016061679  
-0.0013984180  -0.0082427660  0.0033558567  0.010299125  0.0036643774  0.0050490359  0.011042839  0.012180470  -0.99728757  -0.057212435  0.031245997  -0.0013984180  -0.0082427660  0.0033558567  0.010299125  0.0036643774  0.0050490359  0.011042839  0.012180470  -0.99728757  -0.057212435  0.031245997  
-0.0028349385  -0.010208064  -0.0083593562  0.0027401948  -0.0020479800  0.0055433121  0.00096188617  -0.0035777417  0.057228258  -0.99795461  0.00038857143  -0.0028349385  -0.010208064  -0.0083593562  0.0027401948  -0.0020479800  0.0055433121  0.00096188617  -0.0035777417  0.057228258  -0.99795461  0.00038857143  
0.0016225850  0.0029098057  -0.0096691725  -0.0058710107  0.00052291279  -0.0018255118  -0.015235666  -0.017045841  -0.032112037  -0.0017948888  -0.99814127  0.0016225850  0.0029098057  -0.0096691725  -0.0058710107  0.00052291279  -0.0018255118  -0.015235666  -0.017045841  -0.032112037  -0.0017948888  -0.99814127  
