-0.99711442  0.069451604  0.019300488  -0.0071148662  -0.00024609914  -0.0020928201  0.0033349603  -0.0025627202  -0.00064329975  -0.00043474848  0.0017944549  -0.99711442  0.069451604  0.019300488  -0.0071148662  -0.00024609914  -0.0020928201  0.0033349603  -0.0025627202  -0.00064329975  -0.00043474848  0.0017944549  
0.068208012  0.99542831  -0.059157432  0.015208410  0.0029525138  -0.0041265448  0.0011652845  0.0058103726  0.0021163209  -0.0090489564  -0.0014876832  0.068208012  0.99542831  -0.059157432  0.015208410  0.0029525138  -0.0041265448  0.0011652845  0.0058103726  0.0021163209  -0.0090489564  -0.0014876832  
-0.023314034  -0.057803973  -0.99760510  0.0036077618  -0.0078718384  -0.0030893687  -0.0037396474  -0.0020314531  -0.00014459160  -0.0084455911  0.0054890843  -0.023314034  -0.057803973  -0.99760510  0.0036077618  -0.0078718384  -0.0030893687  -0.0037396474  -0.0020314531  -0.00014459160  -0.0084455911  0.0054890843  
0.0080925853  0.014399448  -0.0046954772  -0.99935811  0.015597019  -0.0036441169  0.0047066387  -0.0054621447  0.0099622799  -0.0037232955  -0.0051606486  0.0080925853  0.014399448  -0.0046954772  -0.99935811  0.015597019  -0.0036441169  0.0047066387  -0.0054621447  0.0099622799  -0.0037232955  -0.0051606486  
0.00071369878  0.0038660475  0.0077794873  -0.015462732  -0.99924640  0.0032051547  -0.014588220  -0.011346287  0.0050803325  0.0020592972  -0.0013650230  0.00071369878  0.0038660475  0.0077794873  -0.015462732  -0.99924640  0.0032051547  -0.014588220  -0.011346287  0.0050803325  0.0020592972  -0.0013650230  
-0.0018854938  0.0041843959  -0.0034291627  -0.0036775510  0.0031471489  0.99983256  -7.1195534e-05  0.0038416919  -0.0049115431  0.0058001728  0.0011638543  -0.0018854938  0.0041843959  -0.0034291627  -0.0036775510  0.0031471489  0.99983256  -7.1195534e-05  0.0038416919  -0.0049115431  0.0058001728  0.0011638543  
-0.0031986957  0.0014473161  0.0035013670  -0.0047439233  0.014283065  -0.00027389478  -0.99911570  0.028430446  -0.016336386  -0.0017662678  -0.0084396419  -0.0031986957  0.0014473161  0.0035013670  -0.0047439233  0.014283065  -0.00027389478  -0.99911570  0.028430446  -0.016336386  -0.0017662678  -0.0084396419  
0.0027640452  0.0056872579  0.0017838048  0.0060941808  0.012175639  0.0040698961  -0.029027815  -0.99760697  0.053016615  -0.0035130188  0.010530855  0.0027640452  0.0056872579  0.0017838048  0.0060941808  0.012175639  0.0040698961  -0.029027815  -0.99760697  0.053016615  -0.0035130188  0.010530855  
0.0011045223  0.0025618417  -5.7024676e-05  -0.0098176672  -0.0046100052  -0.0048649182  0.014639745  -0.053656737  -0.99798155  0.020755943  0.0087601844  0.0011045223  0.0025618417  -5.7024676e-05  -0.0098176672  -0.0046100052  -0.0048649182  0.014639745  -0.053656737  -0.99798155  0.020755943  0.0087601844  
-1.7778948e-05  0.0085806571  -0.0089354550  -0.0032750884  0.0023005894  -0.0057393167  -0.0020829308  -0.0021353718  0.021018615  0.99940162  0.0064985845  -1.7778948e-05  0.0085806571  -0.0089354550  -0.0032750884  0.0023005894  -0.0057393167  -0.0020829308  -0.0021353718  0.021018615  0.99940162  0.0064985845  
0.0019924336  0.0019146514  0.0056763699  -0.0051511112  -0.00097035990  -0.0011183216  -0.0079562399  0.011999901  0.0077840314  -0.0066880788  0.99851913  0.0019924336  0.0019146514  0.0056763699  -0.0051511112  -0.00097035990  -0.0011183216  -0.0079562399  0.011999901  0.0077840314  -0.0066880788  0.99851913  
-0.99711442  0.069451604  0.019300488  -0.0071148662  -0.00024609914  -0.0020928201  0.0033349603  -0.0025627202  -0.00064329975  -0.00043474848  0.0017944549  -0.99711442  0.069451604  0.019300488  -0.0071148662  -0.00024609914  -0.0020928201  0.0033349603  -0.0025627202  -0.00064329975  -0.00043474848  0.0017944549  
0.068208012  0.99542831  -0.059157432  0.015208410  0.0029525138  -0.0041265448  0.0011652845  0.0058103726  0.0021163209  -0.0090489564  -0.0014876832  0.068208012  0.99542831  -0.059157432  0.015208410  0.0029525138  -0.0041265448  0.0011652845  0.0058103726  0.0021163209  -0.0090489564  -0.0014876832  
-0.023314034  -0.057803973  -0.99760510  0.0036077618  -0.0078718384  -0.0030893687  -0.0037396474  -0.0020314531  -0.00014459160  -0.0084455911  0.0054890843  -0.023314034  -0.057803973  -0.99760510  0.0036077618  -0.0078718384  -0.0030893687  -0.0037396474  -0.0020314531  -0.00014459160  -0.0084455911  0.0054890843  
0.0080925853  0.014399448  -0.0046954772  -0.99935811  0.015597019  -0.0036441169  0.0047066387  -0.0054621447  0.0099622799  -0.0037232955  -0.0051606486  0.0080925853  0.014399448  -0.0046954772  -0.99935811  0.015597019  -0.0036441169  0.0047066387  -0.0054621447  0.0099622799  -0.0037232955  -0.0051606486  
0.00071369878  0.0038660475  0.0077794873  -0.015462732  -0.99924640  0.0032051547  -0.014588220  -0.011346287  0.0050803325  0.0020592972  -0.0013650230  0.00071369878  0.0038660475  0.0077794873  -0.015462732  -0.99924640  0.0032051547  -0.014588220  -0.011346287  0.0050803325  0.0020592972  -0.0013650230  
-0.0018854938  0.0041843959  -0.0034291627  -0.0036775510  0.0031471489  0.99983256  -7.1195534e-05  0.0038416919  -0.0049115431  0.0058001728  0.0011638543  -0.0018854938  0.0041843959  -0.0034291627  -0.0036775510  0.0031471489  0.99983256  -7.1195534e-05  0.0038416919  -0.0049115431  0.0058001728  0.0011638543  
-0.0031986957  0.0014473161  0.0035013670  -0.0047439233  0.014283065  -0.00027389478  -0.99911570  0.028430446  -0.016336386  -0.0017662678  -0.0084396419  -0.0031986957  0.0014473161  0.0035013670  -0.0047439233  0.014283065  -0.00027389478  -0.99911570  0.028430446  -0.016336386  -0.0017662678  -0.0084396419  
0.0027640452  0.0056872579  0.0017838048  0.0060941808  0.012175639  0.0040698961  -0.029027815  -0.99760697  0.053016615  -0.0035130188  0.010530855  0.0027640452  0.0056872579  0.0017838048  0.0060941808  0.012175639  0.0040698961  -0.029027815  -0.99760697  0.053016615  -0.0035130188  0.010530855  
0.0011045223  0.0025618417  -5.7024676e-05  -0.0098176672  -0.0046100052  -0.0048649182  0.014639745  -0.053656737  -0.99798155  0.020755943  0.0087601844  0.0011045223  0.0025618417  -5.7024676e-05  -0.0098176672  -0.0046100052  -0.0048649182  0.014639745  -0.053656737  -0.99798155  0.020755943  0.0087601844  
-1.7778948e-05  0.0085806571  -0.0089354550  -0.0032750884  0.0023005894  -0.0057393167  -0.0020829308  -0.0021353718  0.021018615  0.99940162  0.0064985845  -1.7778948e-05  0.0085806571  -0.0089354550  -0.0032750884  0.0023005894  -0.0057393167  -0.0020829308  -0.0021353718  0.021018615  0.99940162  0.0064985845  
0.0019924336  0.0019146514  0.0056763699  -0.0051511112  -0.00097035990  -0.0011183216  -0.0079562399  0.011999901  0.0077840314  -0.0066880788  0.99851913  0.0019924336  0.0019146514  0.0056763699  -0.0051511112  -0.00097035990  -0.0011183216  -0.0079562399  0.011999901  0.0077840314  -0.0066880788  0.99851913  
