-0.99983708  0.00017226635  -0.0021806215  0.00027816078  0.0013531272  0.00033533345  -0.0013504561  0.0023678981  0.0012499820  0.0012680778  -0.00025569643  -0.99983708  0.00017226635  -0.0021806215  0.00027816078  0.0013531272  0.00033533345  -0.0013504561  0.0023678981  0.0012499820  0.0012680778  -0.00025569643  
-9.1421643e-05  -0.99963081  -0.018213098  -0.0019068143  -0.0037475983  -0.00023715377  0.0042280992  0.0099439604  0.00042276397  0.0018949553  0.0010415885  -9.1421643e-05  -0.99963081  -0.018213098  -0.0019068143  -0.0037475983  -0.00023715377  0.0042280992  0.0099439604  0.00042276397  0.0018949553  0.0010415885  
-0.0022032056  -0.017882949  0.99800466  0.017610624  -0.054608968  0.0021967175  1.7411921e-06  0.0062679559  -0.0047330146  0.0038271494  0.0034911448  -0.0022032056  -0.017882949  0.99800466  0.017610624  -0.054608968  0.0021967175  1.7411921e-06  0.0062679559  -0.0047330146  0.0038271494  0.0034911448  
9.0556488e-05  -0.00061416371  -0.027602702  0.98237002  -0.18355710  0.0079496984  0.0027480309  -0.0019550270  -0.0066673669  0.0010331415  0.0010658348  9.0556488e-05  -0.00061416371  -0.027602702  0.98237002  -0.18355710  0.0079496984  0.0027480309  -0.0019550270  -0.0066673669  0.0010331415  0.0010658348  
-0.0012346274  0.0049745588  -0.050308478  -0.18474825  -0.98130881  -0.0030723599  0.0035788297  0.0027801420  -0.0045549728  -0.0065512503  -0.0044373480  -0.0012346274  0.0049745588  -0.050308478  -0.18474825  -0.98130881  -0.0030723599  0.0035788297  0.0027801420  -0.0045549728  -0.0065512503  -0.0044373480  
0.00036654615  -0.00019703383  -0.0021876529  -0.0083859961  -0.0014698725  0.99969214  -0.013844423  0.0041103965  0.00073286932  -0.0097637074  0.010157101  0.00036654615  -0.00019703383  -0.0021876529  -0.0083859961  -0.0014698725  0.99969214  -0.013844423  0.0041103965  0.00073286932  -0.0097637074  0.010157101  
-0.0013267322  0.0042540683  0.00027163067  -0.0021447339  0.0039903528  0.013978131  0.99980189  0.0024827683  0.0017902387  0.0085552017  -0.0058779287  -0.0013267322  0.0042540683  0.00027163067  -0.0021447339  0.0039903528  0.013978131  0.99980189  0.0024827683  0.0017902387  0.0085552017  -0.0058779287  
0.0024147074  0.010106152  -0.0059941537  0.0023988598  0.0025806045  -0.0039787535  -0.0026193542  0.99964250  0.014729969  0.012990152  -0.00066128878  0.0024147074  0.010106152  -0.0059941537  0.0023988598  0.0025806045  -0.0039787535  -0.0026193542  0.99964250  0.014729969  0.012990152  -0.00066128878  
0.0012228278  0.00023896852  0.0042717040  0.0056729369  -0.0060566572  -0.00068579658  -0.0016862470  -0.014873377  0.99967325  0.0050010802  0.0086916779  0.0012228278  0.00023896852  0.0042717040  0.0056729369  -0.0060566572  -0.00068579658  -0.0016862470  -0.014873377  0.99967325  0.0050010802  0.0086916779  
-0.0012640380  -0.0018671442  0.0041475373  0.0024945567  0.0061326745  -0.0094220608  0.0085169490  0.012956641  0.0054229161  -0.99952979  -0.018921099  -0.0012640380  -0.0018671442  0.0041475373  0.0024945567  0.0061326745  -0.0094220608  0.0085169490  0.012956641  0.0054229161  -0.99952979  -0.018921099  
0.00031054032  -0.0011364918  0.0036448521  0.0018782641  0.0038317830  0.010340141  -0.0062191468  -0.00089545564  0.0087745562  0.018945982  -0.99948855  0.00031054032  -0.0011364918  0.0036448521  0.0018782641  0.0038317830  0.010340141  -0.0062191468  -0.00089545564  0.0087745562  0.018945982  -0.99948855  
-0.99983708  0.00017226635  -0.0021806215  0.00027816078  0.0013531272  0.00033533345  -0.0013504561  0.0023678981  0.0012499820  0.0012680778  -0.00025569643  -0.99983708  0.00017226635  -0.0021806215  0.00027816078  0.0013531272  0.00033533345  -0.0013504561  0.0023678981  0.0012499820  0.0012680778  -0.00025569643  
-9.1421643e-05  -0.99963081  -0.018213098  -0.0019068143  -0.0037475983  -0.00023715377  0.0042280992  0.0099439604  0.00042276397  0.0018949553  0.0010415885  -9.1421643e-05  -0.99963081  -0.018213098  -0.0019068143  -0.0037475983  -0.00023715377  0.0042280992  0.0099439604  0.00042276397  0.0018949553  0.0010415885  
-0.0022032056  -0.017882949  0.99800466  0.017610624  -0.054608968  0.0021967175  1.7411921e-06  0.0062679559  -0.0047330146  0.0038271494  0.0034911448  -0.0022032056  -0.017882949  0.99800466  0.017610624  -0.054608968  0.0021967175  1.7411921e-06  0.0062679559  -0.0047330146  0.0038271494  0.0034911448  
9.0556488e-05  -0.00061416371  -0.027602702  0.98237002  -0.18355710  0.0079496984  0.0027480309  -0.0019550270  -0.0066673669  0.0010331415  0.0010658348  9.0556488e-05  -0.00061416371  -0.027602702  0.98237002  -0.18355710  0.0079496984  0.0027480309  -0.0019550270  -0.0066673669  0.0010331415  0.0010658348  
-0.0012346274  0.0049745588  -0.050308478  -0.18474825  -0.98130881  -0.0030723599  0.0035788297  0.0027801420  -0.0045549728  -0.0065512503  -0.0044373480  -0.0012346274  0.0049745588  -0.050308478  -0.18474825  -0.98130881  -0.0030723599  0.0035788297  0.0027801420  -0.0045549728  -0.0065512503  -0.0044373480  
0.00036654615  -0.00019703383  -0.0021876529  -0.0083859961  -0.0014698725  0.99969214  -0.013844423  0.0041103965  0.00073286932  -0.0097637074  0.010157101  0.00036654615  -0.00019703383  -0.0021876529  -0.0083859961  -0.0014698725  0.99969214  -0.013844423  0.0041103965  0.00073286932  -0.0097637074  0.010157101  
-0.0013267322  0.0042540683  0.00027163067  -0.0021447339  0.0039903528  0.013978131  0.99980189  0.0024827683  0.0017902387  0.0085552017  -0.0058779287  -0.0013267322  0.0042540683  0.00027163067  -0.0021447339  0.0039903528  0.013978131  0.99980189  0.0024827683  0.0017902387  0.0085552017  -0.0058779287  
0.0024147074  0.010106152  -0.0059941537  0.0023988598  0.0025806045  -0.0039787535  -0.0026193542  0.99964250  0.014729969  0.012990152  -0.00066128878  0.0024147074  0.010106152  -0.0059941537  0.0023988598  0.0025806045  -0.0039787535  -0.0026193542  0.99964250  0.014729969  0.012990152  -0.00066128878  
0.0012228278  0.00023896852  0.0042717040  0.0056729369  -0.0060566572  -0.00068579658  -0.0016862470  -0.014873377  0.99967325  0.0050010802  0.0086916779  0.0012228278  0.00023896852  0.0042717040  0.0056729369  -0.0060566572  -0.00068579658  -0.0016862470  -0.014873377  0.99967325  0.0050010802  0.0086916779  
-0.0012640380  -0.0018671442  0.0041475373  0.0024945567  0.0061326745  -0.0094220608  0.0085169490  0.012956641  0.0054229161  -0.99952979  -0.018921099  -0.0012640380  -0.0018671442  0.0041475373  0.0024945567  0.0061326745  -0.0094220608  0.0085169490  0.012956641  0.0054229161  -0.99952979  -0.018921099  
0.00031054032  -0.0011364918  0.0036448521  0.0018782641  0.0038317830  0.010340141  -0.0062191468  -0.00089545564  0.0087745562  0.018945982  -0.99948855  0.00031054032  -0.0011364918  0.0036448521  0.0018782641  0.0038317830  0.010340141  -0.0062191468  -0.00089545564  0.0087745562  0.018945982  -0.99948855  
