-1.6403852e-18  -1.8295912e-18  8.9785492e-19  -5.4845383e-19  -1.3458930e-17  2.8968527e-18  -2.4906834e-16  6.8355559e-19  -1.2539476e-17  7.3115884e-18  2.1870391e-18  -1.6403852e-18  -1.8295912e-18  8.9785492e-19  -5.4845383e-19  -1.3458930e-17  2.8968527e-18  -2.4906834e-16  6.8355559e-19  -1.2539476e-17  7.3115884e-18  2.1870391e-18  
-6.2167136e-17  -2.3068413e-18  5.4896205e-18  6.2239981e-18  -4.6015065e-18  -1.2089595e-17  -1.1116672e-17  8.9723659e-17  1.2087160e-17  -3.0704944e-18  1.6899154e-17  -6.2167136e-17  -2.3068413e-18  5.4896205e-18  6.2239981e-18  -4.6015065e-18  -1.2089595e-17  -1.1116672e-17  8.9723659e-17  1.2087160e-17  -3.0704944e-18  1.6899154e-17  
-1.5788694e-18  6.9198357e-18  -5.9505123e-18  -2.4542780e-17  -1.5396730e-17  1.1438756e-17  9.8488756e-19  -8.7746790e-17  -8.2827117e-18  5.9133488e-17  -9.7298675e-18  -1.5788694e-18  6.9198357e-18  -5.9505123e-18  -2.4542780e-17  -1.5396730e-17  1.1438756e-17  9.8488756e-19  -8.7746790e-17  -8.2827117e-18  5.9133488e-17  -9.7298675e-18  
1.2380657e-17  1.1013122e-17  1.1534048e-17  -2.3505164e-19  1.6203317e-17  1.6223222e-17  1.6063133e-17  4.2857538e-17  4.7474503e-17  1.7138865e-17  -2.9747797e-18  1.2380657e-17  1.1013122e-17  1.1534048e-17  -2.3505164e-19  1.6203317e-17  1.6223222e-17  1.6063133e-17  4.2857538e-17  4.7474503e-17  1.7138865e-17  -2.9747797e-18  
-6.4840372e-18  -1.1643103e-17  9.3482791e-18  1.9065865e-17  -1.3360290e-18  -1.0113468e-17  -1.3870165e-20  -8.3268633e-17  2.9063818e-18  6.2065069e-17  2.0594547e-17  -6.4840372e-18  -1.1643103e-17  9.3482791e-18  1.9065865e-17  -1.3360290e-18  -1.0113468e-17  -1.3870165e-20  -8.3268633e-17  2.9063818e-18  6.2065069e-17  2.0594547e-17  
-2.7774210e-17  4.9894476e-17  4.4571932e-17  -8.5296218e-17  -3.1699149e-17  -7.6208878e-18  1.3383809e-17  -7.9849796e-18  -3.3142070e-17  4.1527484e-17  2.7443867e-18  -2.7774210e-17  4.9894476e-17  4.4571932e-17  -8.5296218e-17  -3.1699149e-17  -7.6208878e-18  1.3383809e-17  -7.9849796e-18  -3.3142070e-17  4.1527484e-17  2.7443867e-18  
-1.6546958e-16  2.4966296e-18  -2.5093245e-17  -5.6009207e-17  -1.8761780e-18  3.0454011e-18  9.5248855e-19  -3.3292312e-17  2.0349967e-18  4.6303056e-18  3.9046525e-17  -1.6546958e-16  2.4966296e-18  -2.5093245e-17  -5.6009207e-17  -1.8761780e-18  3.0454011e-18  9.5248855e-19  -3.3292312e-17  2.0349967e-18  4.6303056e-18  3.9046525e-17  
2.0503703e-17  -9.6331787e-17  5.9239261e-17  3.5197607e-17  1.3878582e-16  2.9600202e-17  1.4385266e-17  2.5409136e-18  -1.9455817e-17  1.8575856e-17  6.9033185e-19  2.0503703e-17  -9.6331787e-17  5.9239261e-17  3.5197607e-17  1.3878582e-16  2.9600202e-17  1.4385266e-17  2.5409136e-18  -1.9455817e-17  1.8575856e-17  6.9033185e-19  
3.2627709e-18  9.4574193e-17  -3.1031052e-18  4.4282882e-18  8.0154728e-18  2.0587136e-18  -3.6705114e-18  7.8647115e-17  -5.5305957e-18  -5.9008550e-18  2.1942388e-18  3.2627709e-18  9.4574193e-17  -3.1031052e-18  4.4282882e-18  8.0154728e-18  2.0587136e-18  -3.6705114e-18  7.8647115e-17  -5.5305957e-18  -5.9008550e-18  2.1942388e-18  
8.9861725e-18  2.2869890e-18  5.2243722e-17  -1.4297916e-18  3.0519868e-17  -3.6431734e-17  -1.8069330e-17  1.2394633e-17  -1.2470019e-17  -2.4352727e-18  -2.6698478e-18  8.9861725e-18  2.2869890e-18  5.2243722e-17  -1.4297916e-18  3.0519868e-17  -3.6431734e-17  -1.8069330e-17  1.2394633e-17  -1.2470019e-17  -2.4352727e-18  -2.6698478e-18  
-8.3568271e-18  7.1055053e-17  -1.8134975e-18  -4.8789098e-19  1.6939071e-17  -3.8048720e-18  -9.3098662e-17  -2.5948854e-18  7.1972390e-18  3.0061199e-18  1.8460024e-18  -8.3568271e-18  7.1055053e-17  -1.8134975e-18  -4.8789098e-19  1.6939071e-17  -3.8048720e-18  -9.3098662e-17  -2.5948854e-18  7.1972390e-18  3.0061199e-18  1.8460024e-18  
-1.6403852e-18  -1.8295912e-18  8.9785492e-19  -5.4845383e-19  -1.3458930e-17  2.8968527e-18  -2.4906834e-16  6.8355559e-19  -1.2539476e-17  7.3115884e-18  2.1870391e-18  -1.6403852e-18  -1.8295912e-18  8.9785492e-19  -5.4845383e-19  -1.3458930e-17  2.8968527e-18  -2.4906834e-16  6.8355559e-19  -1.2539476e-17  7.3115884e-18  2.1870391e-18  
-6.2167136e-17  -2.3068413e-18  5.4896205e-18  6.2239981e-18  -4.6015065e-18  -1.2089595e-17  -1.1116672e-17  8.9723659e-17  1.2087160e-17  -3.0704944e-18  1.6899154e-17  -6.2167136e-17  -2.3068413e-18  5.4896205e-18  6.2239981e-18  -4.6015065e-18  -1.2089595e-17  -1.1116672e-17  8.9723659e-17  1.2087160e-17  -3.0704944e-18  1.6899154e-17  
-1.5788694e-18  6.9198357e-18  -5.9505123e-18  -2.4542780e-17  -1.5396730e-17  1.1438756e-17  9.8488756e-19  -8.7746790e-17  -8.2827117e-18  5.9133488e-17  -9.7298675e-18  -1.5788694e-18  6.9198357e-18  -5.9505123e-18  -2.4542780e-17  -1.5396730e-17  1.1438756e-17  9.8488756e-19  -8.7746790e-17  -8.2827117e-18  5.9133488e-17  -9.7298675e-18  
1.2380657e-17  1.1013122e-17  1.1534048e-17  -2.3505164e-19  1.6203317e-17  1.6223222e-17  1.6063133e-17  4.2857538e-17  4.7474503e-17  1.7138865e-17  -2.9747797e-18  1.2380657e-17  1.1013122e-17  1.1534048e-17  -2.3505164e-19  1.6203317e-17  1.6223222e-17  1.6063133e-17  4.2857538e-17  4.7474503e-17  1.7138865e-17  -2.9747797e-18  
-6.4840372e-18  -1.1643103e-17  9.3482791e-18  1.9065865e-17  -1.3360290e-18  -1.0113468e-17  -1.3870165e-20  -8.3268633e-17  2.9063818e-18  6.2065069e-17  2.0594547e-17  -6.4840372e-18  -1.1643103e-17  9.3482791e-18  1.9065865e-17  -1.3360290e-18  -1.0113468e-17  -1.3870165e-20  -8.3268633e-17  2.9063818e-18  6.2065069e-17  2.0594547e-17  
-2.7774210e-17  4.9894476e-17  4.4571932e-17  -8.5296218e-17  -3.1699149e-17  -7.6208878e-18  1.3383809e-17  -7.9849796e-18  -3.3142070e-17  4.1527484e-17  2.7443867e-18  -2.7774210e-17  4.9894476e-17  4.4571932e-17  -8.5296218e-17  -3.1699149e-17  -7.6208878e-18  1.3383809e-17  -7.9849796e-18  -3.3142070e-17  4.1527484e-17  2.7443867e-18  
-1.6546958e-16  2.4966296e-18  -2.5093245e-17  -5.6009207e-17  -1.8761780e-18  3.0454011e-18  9.5248855e-19  -3.3292312e-17  2.0349967e-18  4.6303056e-18  3.9046525e-17  -1.6546958e-16  2.4966296e-18  -2.5093245e-17  -5.6009207e-17  -1.8761780e-18  3.0454011e-18  9.5248855e-19  -3.3292312e-17  2.0349967e-18  4.6303056e-18  3.9046525e-17  
2.0503703e-17  -9.6331787e-17  5.9239261e-17  3.5197607e-17  1.3878582e-16  2.9600202e-17  1.4385266e-17  2.5409136e-18  -1.9455817e-17  1.8575856e-17  6.9033185e-19  2.0503703e-17  -9.6331787e-17  5.9239261e-17  3.5197607e-17  1.3878582e-16  2.9600202e-17  1.4385266e-17  2.5409136e-18  -1.9455817e-17  1.8575856e-17  6.9033185e-19  
3.2627709e-18  9.4574193e-17  -3.1031052e-18  4.4282882e-18  8.0154728e-18  2.0587136e-18  -3.6705114e-18  7.8647115e-17  -5.5305957e-18  -5.9008550e-18  2.1942388e-18  3.2627709e-18  9.4574193e-17  -3.1031052e-18  4.4282882e-18  8.0154728e-18  2.0587136e-18  -3.6705114e-18  7.8647115e-17  -5.5305957e-18  -5.9008550e-18  2.1942388e-18  
8.9861725e-18  2.2869890e-18  5.2243722e-17  -1.4297916e-18  3.0519868e-17  -3.6431734e-17  -1.8069330e-17  1.2394633e-17  -1.2470019e-17  -2.4352727e-18  -2.6698478e-18  8.9861725e-18  2.2869890e-18  5.2243722e-17  -1.4297916e-18  3.0519868e-17  -3.6431734e-17  -1.8069330e-17  1.2394633e-17  -1.2470019e-17  -2.4352727e-18  -2.6698478e-18  
-8.3568271e-18  7.1055053e-17  -1.8134975e-18  -4.8789098e-19  1.6939071e-17  -3.8048720e-18  -9.3098662e-17  -2.5948854e-18  7.1972390e-18  3.0061199e-18  1.8460024e-18  -8.3568271e-18  7.1055053e-17  -1.8134975e-18  -4.8789098e-19  1.6939071e-17  -3.8048720e-18  -9.3098662e-17  -2.5948854e-18  7.1972390e-18  3.0061199e-18  1.8460024e-18  
