4.1811664e-18  -2.4237848e-17  2.9557215e-18  3.8222362e-18  7.7105409e-18  -1.6264727e-17  1.2603850e-16  -8.3619093e-17  1.9370796e-17  -1.1615193e-16  -2.3652972e-17  4.1811664e-18  -2.4237848e-17  2.9557215e-18  3.8222362e-18  7.7105409e-18  -1.6264727e-17  1.2603850e-16  -8.3619093e-17  1.9370796e-17  -1.1615193e-16  -2.3652972e-17  
-2.5645405e-17  -1.4556208e-17  -3.9080936e-17  3.6899508e-17  -3.6528296e-20  -4.5680910e-17  -6.4456666e-17  -1.0065716e-17  1.8766206e-16  2.0024282e-17  -1.9506481e-17  -2.5645405e-17  -1.4556208e-17  -3.9080936e-17  3.6899508e-17  -3.6528296e-20  -4.5680910e-17  -6.4456666e-17  -1.0065716e-17  1.8766206e-16  2.0024282e-17  -1.9506481e-17  
1.2858384e-17  2.7208022e-17  1.7240932e-17  1.2312407e-16  -4.4755103e-19  3.4797808e-17  4.2075621e-17  6.7187924e-17  2.3270536e-17  7.9594733e-17  1.4186637e-17  1.2858384e-17  2.7208022e-17  1.7240932e-17  1.2312407e-16  -4.4755103e-19  3.4797808e-17  4.2075621e-17  6.7187924e-17  2.3270536e-17  7.9594733e-17  1.4186637e-17  
1.8338263e-19  -9.9504666e-18  8.2577507e-17  3.3135135e-17  2.5516868e-20  -6.9126359e-18  -5.5476741e-17  -2.0480643e-16  -8.6179038e-17  -1.4744027e-16  1.3713834e-16  1.8338263e-19  -9.9504666e-18  8.2577507e-17  3.3135135e-17  2.5516868e-20  -6.9126359e-18  -5.5476741e-17  -2.0480643e-16  -8.6179038e-17  -1.4744027e-16  1.3713834e-16  
-1.5480586e-17  3.5437741e-19  -1.0977865e-17  5.1421385e-18  1.2503206e-17  1.5240981e-17  -8.3253545e-18  -1.1980633e-17  3.7662896e-17  -1.1875614e-17  3.5298298e-17  -1.5480586e-17  3.5437741e-19  -1.0977865e-17  5.1421385e-18  1.2503206e-17  1.5240981e-17  -8.3253545e-18  -1.1980633e-17  3.7662896e-17  -1.1875614e-17  3.5298298e-17  
7.1501439e-17  7.7060093e-17  1.2375829e-16  7.0045390e-18  1.6134495e-17  1.6315972e-17  -9.2682345e-18  1.3461048e-17  8.7608618e-18  9.1191567e-17  -2.9280023e-17  7.1501439e-17  7.7060093e-17  1.2375829e-16  7.0045390e-18  1.6134495e-17  1.6315972e-17  -9.2682345e-18  1.3461048e-17  8.7608618e-18  9.1191567e-17  -2.9280023e-17  
-7.3503825e-17  -1.0426552e-16  -1.5188148e-17  7.5703570e-18  -8.6469888e-18  1.4187802e-18  -2.6525684e-17  5.0061765e-18  -3.6424111e-17  1.2657213e-17  -1.8297606e-17  -7.3503825e-17  -1.0426552e-16  -1.5188148e-17  7.5703570e-18  -8.6469888e-18  1.4187802e-18  -2.6525684e-17  5.0061765e-18  -3.6424111e-17  1.2657213e-17  -1.8297606e-17  
3.8055496e-17  -1.5230076e-17  -6.0689064e-17  -4.5893727e-17  -9.6402937e-20  -1.8973538e-18  9.9488255e-18  3.8583145e-18  -2.4021854e-18  8.2323132e-18  -4.0158679e-17  3.8055496e-17  -1.5230076e-17  -6.0689064e-17  -4.5893727e-17  -9.6402937e-20  -1.8973538e-18  9.9488255e-18  3.8583145e-18  -2.4021854e-18  8.2323132e-18  -4.0158679e-17  
1.1716668e-16  -6.9387245e-17  4.1817170e-17  8.7766801e-17  -5.1355608e-18  -3.3196915e-17  -9.4338295e-18  6.1003313e-18  1.2928899e-18  4.9585309e-18  8.4987051e-18  1.1716668e-16  -6.9387245e-17  4.1817170e-17  8.7766801e-17  -5.1355608e-18  -3.3196915e-17  -9.4338295e-18  6.1003313e-18  1.2928899e-18  4.9585309e-18  8.4987051e-18  
-1.2319162e-16  2.1880132e-17  -2.5048458e-17  -2.6282188e-17  -3.9796043e-17  1.7173593e-18  -2.1468262e-17  -1.8938810e-17  -7.0471024e-18  7.1134886e-19  4.9927298e-18  -1.2319162e-16  2.1880132e-17  -2.5048458e-17  -2.6282188e-17  -3.9796043e-17  1.7173593e-18  -2.1468262e-17  -1.8938810e-17  -7.0471024e-18  7.1134886e-19  4.9927298e-18  
4.5164220e-17  2.0241229e-17  8.5520999e-17  5.4657951e-17  1.4754912e-16  2.8451837e-18  -9.2371060e-18  -6.4396950e-17  4.6470345e-18  -2.5709568e-18  -1.8248134e-18  4.5164220e-17  2.0241229e-17  8.5520999e-17  5.4657951e-17  1.4754912e-16  2.8451837e-18  -9.2371060e-18  -6.4396950e-17  4.6470345e-18  -2.5709568e-18  -1.8248134e-18  
4.1811664e-18  -2.4237848e-17  2.9557215e-18  3.8222362e-18  7.7105409e-18  -1.6264727e-17  1.2603850e-16  -8.3619093e-17  1.9370796e-17  -1.1615193e-16  -2.3652972e-17  4.1811664e-18  -2.4237848e-17  2.9557215e-18  3.8222362e-18  7.7105409e-18  -1.6264727e-17  1.2603850e-16  -8.3619093e-17  1.9370796e-17  -1.1615193e-16  -2.3652972e-17  
-2.5645405e-17  -1.4556208e-17  -3.9080936e-17  3.6899508e-17  -3.6528296e-20  -4.5680910e-17  -6.4456666e-17  -1.0065716e-17  1.8766206e-16  2.0024282e-17  -1.9506481e-17  -2.5645405e-17  -1.4556208e-17  -3.9080936e-17  3.6899508e-17  -3.6528296e-20  -4.5680910e-17  -6.4456666e-17  -1.0065716e-17  1.8766206e-16  2.0024282e-17  -1.9506481e-17  
1.2858384e-17  2.7208022e-17  1.7240932e-17  1.2312407e-16  -4.4755103e-19  3.4797808e-17  4.2075621e-17  6.7187924e-17  2.3270536e-17  7.9594733e-17  1.4186637e-17  1.2858384e-17  2.7208022e-17  1.7240932e-17  1.2312407e-16  -4.4755103e-19  3.4797808e-17  4.2075621e-17  6.7187924e-17  2.3270536e-17  7.9594733e-17  1.4186637e-17  
1.8338263e-19  -9.9504666e-18  8.2577507e-17  3.3135135e-17  2.5516868e-20  -6.9126359e-18  -5.5476741e-17  -2.0480643e-16  -8.6179038e-17  -1.4744027e-16  1.3713834e-16  1.8338263e-19  -9.9504666e-18  8.2577507e-17  3.3135135e-17  2.5516868e-20  -6.9126359e-18  -5.5476741e-17  -2.0480643e-16  -8.6179038e-17  -1.4744027e-16  1.3713834e-16  
-1.5480586e-17  3.5437741e-19  -1.0977865e-17  5.1421385e-18  1.2503206e-17  1.5240981e-17  -8.3253545e-18  -1.1980633e-17  3.7662896e-17  -1.1875614e-17  3.5298298e-17  -1.5480586e-17  3.5437741e-19  -1.0977865e-17  5.1421385e-18  1.2503206e-17  1.5240981e-17  -8.3253545e-18  -1.1980633e-17  3.7662896e-17  -1.1875614e-17  3.5298298e-17  
7.1501439e-17  7.7060093e-17  1.2375829e-16  7.0045390e-18  1.6134495e-17  1.6315972e-17  -9.2682345e-18  1.3461048e-17  8.7608618e-18  9.1191567e-17  -2.9280023e-17  7.1501439e-17  7.7060093e-17  1.2375829e-16  7.0045390e-18  1.6134495e-17  1.6315972e-17  -9.2682345e-18  1.3461048e-17  8.7608618e-18  9.1191567e-17  -2.9280023e-17  
-7.3503825e-17  -1.0426552e-16  -1.5188148e-17  7.5703570e-18  -8.6469888e-18  1.4187802e-18  -2.6525684e-17  5.0061765e-18  -3.6424111e-17  1.2657213e-17  -1.8297606e-17  -7.3503825e-17  -1.0426552e-16  -1.5188148e-17  7.5703570e-18  -8.6469888e-18  1.4187802e-18  -2.6525684e-17  5.0061765e-18  -3.6424111e-17  1.2657213e-17  -1.8297606e-17  
3.8055496e-17  -1.5230076e-17  -6.0689064e-17  -4.5893727e-17  -9.6402937e-20  -1.8973538e-18  9.9488255e-18  3.8583145e-18  -2.4021854e-18  8.2323132e-18  -4.0158679e-17  3.8055496e-17  -1.5230076e-17  -6.0689064e-17  -4.5893727e-17  -9.6402937e-20  -1.8973538e-18  9.9488255e-18  3.8583145e-18  -2.4021854e-18  8.2323132e-18  -4.0158679e-17  
1.1716668e-16  -6.9387245e-17  4.1817170e-17  8.7766801e-17  -5.1355608e-18  -3.3196915e-17  -9.4338295e-18  6.1003313e-18  1.2928899e-18  4.9585309e-18  8.4987051e-18  1.1716668e-16  -6.9387245e-17  4.1817170e-17  8.7766801e-17  -5.1355608e-18  -3.3196915e-17  -9.4338295e-18  6.1003313e-18  1.2928899e-18  4.9585309e-18  8.4987051e-18  
-1.2319162e-16  2.1880132e-17  -2.5048458e-17  -2.6282188e-17  -3.9796043e-17  1.7173593e-18  -2.1468262e-17  -1.8938810e-17  -7.0471024e-18  7.1134886e-19  4.9927298e-18  -1.2319162e-16  2.1880132e-17  -2.5048458e-17  -2.6282188e-17  -3.9796043e-17  1.7173593e-18  -2.1468262e-17  -1.8938810e-17  -7.0471024e-18  7.1134886e-19  4.9927298e-18  
4.5164220e-17  2.0241229e-17  8.5520999e-17  5.4657951e-17  1.4754912e-16  2.8451837e-18  -9.2371060e-18  -6.4396950e-17  4.6470345e-18  -2.5709568e-18  -1.8248134e-18  4.5164220e-17  2.0241229e-17  8.5520999e-17  5.4657951e-17  1.4754912e-16  2.8451837e-18  -9.2371060e-18  -6.4396950e-17  4.6470345e-18  -2.5709568e-18  -1.8248134e-18  
