0.99503660  -0.095849705  -0.0067884533  -0.013155591  0.0045487111  -0.0063972113  -0.0071533752  0.0056114592  0.00016114014  -3.7218977e-05  0.00042186538  0.99503660  -0.095849705  -0.0067884533  -0.013155591  0.0045487111  -0.0063972113  -0.0071533752  0.0056114592  0.00016114014  -3.7218977e-05  0.00042186538  
0.095125707  0.99326970  -0.058323192  -0.016787756  -0.0065724130  -0.0039274040  -0.0081656737  0.00062806065  -0.00093847560  0.00024618300  0.0010999562  0.095125707  0.99326970  -0.058323192  -0.016787756  -0.0065724130  -0.0039274040  -0.0081656737  0.00062806065  -0.00093847560  0.00024618300  0.0010999562  
-0.012609436  -0.057288560  -0.99762115  -0.0041577643  0.018601173  -0.0068635718  -0.0053171044  0.0025291098  -0.0023929967  0.0011692208  0.00049629678  -0.012609436  -0.057288560  -0.99762115  -0.0041577643  0.018601173  -0.0068635718  -0.0053171044  0.0025291098  -0.0023929967  0.0011692208  0.00049629678  
0.014516011  0.015177587  -0.0050245890  0.99925982  -0.0014689807  -0.0024895197  -0.0089675002  0.0027099627  -0.0014932095  -5.6107658e-05  -0.00093638379  0.014516011  0.015177587  -0.0050245890  0.99925982  -0.0014689807  -0.0024895197  -0.0089675002  0.0027099627  -0.0014932095  -5.6107658e-05  -0.00093638379  
-0.0036242906  0.0080307748  0.018031650  0.0015541159  0.99939907  0.0094283581  -0.0021873154  0.0071039873  0.0028508815  0.00092835412  -0.0013347122  -0.0036242906  0.0080307748  0.018031650  0.0015541159  0.99939907  0.0094283581  -0.0021873154  0.0071039873  0.0028508815  0.00092835412  -0.0013347122  
0.0070731704  0.0031139417  -0.0075905822  0.0027326547  -0.0092284573  0.99831517  0.048446901  0.015381630  -0.016424545  -0.0031759169  0.0043733329  0.0070731704  0.0031139417  -0.0075905822  0.0027326547  -0.0092284573  0.99831517  0.048446901  0.015381630  -0.016424545  -0.0031759169  0.0043733329  
0.0076013121  0.0072370320  -0.0054437580  0.0085989733  0.0027013262  -0.048221494  0.99850644  -0.0037256911  0.012521260  0.00037547632  0.0040382921  0.0076013121  0.0072370320  -0.0054437580  0.0085989733  0.0027013262  -0.048221494  0.99850644  -0.0037256911  0.012521260  0.00037547632  0.0040382921  
-0.0053699878  -0.00027736107  0.0033694757  -0.0029622336  -0.0055496279  -0.020622143  0.0071370852  0.93567185  -0.35089347  -0.013550012  -0.0052233473  -0.0053699878  -0.00027736107  0.0033694757  -0.0029622336  -0.0055496279  -0.020622143  0.0071370852  0.93567185  -0.35089347  -0.013550012  -0.0052233473  
0.0020224963  -0.00059231244  0.0017419062  -0.00046672517  0.0051649432  -0.010376354  0.0099761579  -0.35125996  -0.93573723  0.017560701  0.0017197337  0.0020224963  -0.00059231244  0.0017419062  -0.00046672517  0.0051649432  -0.010376354  0.0099761579  -0.35125996  -0.93573723  0.017560701  0.0017197337  
-0.00014007671  -0.00057609291  0.0013226508  0.00011254318  -0.00069501762  0.0019603695  -0.0013771757  0.019968408  0.010909574  0.96877684  0.24538162  -0.00014007671  -0.00057609291  0.0013226508  0.00011254318  -0.00069501762  0.0019603695  -0.0013771757  0.019968408  0.010909574  0.96877684  0.24538162  
-0.00049746302  -0.0011143876  0.00040627533  0.00090364919  0.0014712772  -0.0048852824  -0.0039626400  0.00055820553  -0.0029550771  -0.24537616  0.96924398  -0.00049746302  -0.0011143876  0.00040627533  0.00090364919  0.0014712772  -0.0048852824  -0.0039626400  0.00055820553  -0.0029550771  -0.24537616  0.96924398  
0.99503660  -0.095849705  -0.0067884533  -0.013155591  0.0045487111  -0.0063972113  -0.0071533752  0.0056114592  0.00016114014  -3.7218977e-05  0.00042186538  0.99503660  -0.095849705  -0.0067884533  -0.013155591  0.0045487111  -0.0063972113  -0.0071533752  0.0056114592  0.00016114014  -3.7218977e-05  0.00042186538  
0.095125707  0.99326970  -0.058323192  -0.016787756  -0.0065724130  -0.0039274040  -0.0081656737  0.00062806065  -0.00093847560  0.00024618300  0.0010999562  0.095125707  0.99326970  -0.058323192  -0.016787756  -0.0065724130  -0.0039274040  -0.0081656737  0.00062806065  -0.00093847560  0.00024618300  0.0010999562  
-0.012609436  -0.057288560  -0.99762115  -0.0041577643  0.018601173  -0.0068635718  -0.0053171044  0.0025291098  -0.0023929967  0.0011692208  0.00049629678  -0.012609436  -0.057288560  -0.99762115  -0.0041577643  0.018601173  -0.0068635718  -0.0053171044  0.0025291098  -0.0023929967  0.0011692208  0.00049629678  
0.014516011  0.015177587  -0.0050245890  0.99925982  -0.0014689807  -0.0024895197  -0.0089675002  0.0027099627  -0.0014932095  -5.6107658e-05  -0.00093638379  0.014516011  0.015177587  -0.0050245890  0.99925982  -0.0014689807  -0.0024895197  -0.0089675002  0.0027099627  -0.0014932095  -5.6107658e-05  -0.00093638379  
-0.0036242906  0.0080307748  0.018031650  0.0015541159  0.99939907  0.0094283581  -0.0021873154  0.0071039873  0.0028508815  0.00092835412  -0.0013347122  -0.0036242906  0.0080307748  0.018031650  0.0015541159  0.99939907  0.0094283581  -0.0021873154  0.0071039873  0.0028508815  0.00092835412  -0.0013347122  
0.0070731704  0.0031139417  -0.0075905822  0.0027326547  -0.0092284573  0.99831517  0.048446901  0.015381630  -0.016424545  -0.0031759169  0.0043733329  0.0070731704  0.0031139417  -0.0075905822  0.0027326547  -0.0092284573  0.99831517  0.048446901  0.015381630  -0.016424545  -0.0031759169  0.0043733329  
0.0076013121  0.0072370320  -0.0054437580  0.0085989733  0.0027013262  -0.048221494  0.99850644  -0.0037256911  0.012521260  0.00037547632  0.0040382921  0.0076013121  0.0072370320  -0.0054437580  0.0085989733  0.0027013262  -0.048221494  0.99850644  -0.0037256911  0.012521260  0.00037547632  0.0040382921  
-0.0053699878  -0.00027736107  0.0033694757  -0.0029622336  -0.0055496279  -0.020622143  0.0071370852  0.93567185  -0.35089347  -0.013550012  -0.0052233473  -0.0053699878  -0.00027736107  0.0033694757  -0.0029622336  -0.0055496279  -0.020622143  0.0071370852  0.93567185  -0.35089347  -0.013550012  -0.0052233473  
0.0020224963  -0.00059231244  0.0017419062  -0.00046672517  0.0051649432  -0.010376354  0.0099761579  -0.35125996  -0.93573723  0.017560701  0.0017197337  0.0020224963  -0.00059231244  0.0017419062  -0.00046672517  0.0051649432  -0.010376354  0.0099761579  -0.35125996  -0.93573723  0.017560701  0.0017197337  
-0.00014007671  -0.00057609291  0.0013226508  0.00011254318  -0.00069501762  0.0019603695  -0.0013771757  0.019968408  0.010909574  0.96877684  0.24538162  -0.00014007671  -0.00057609291  0.0013226508  0.00011254318  -0.00069501762  0.0019603695  -0.0013771757  0.019968408  0.010909574  0.96877684  0.24538162  
-0.00049746302  -0.0011143876  0.00040627533  0.00090364919  0.0014712772  -0.0048852824  -0.0039626400  0.00055820553  -0.0029550771  -0.24537616  0.96924398  -0.00049746302  -0.0011143876  0.00040627533  0.00090364919  0.0014712772  -0.0048852824  -0.0039626400  0.00055820553  -0.0029550771  -0.24537616  0.96924398  
