0.99597994  -0.081157846  0.019512055  -0.0041023851  0.0014787692  0.014002675  -0.0043311610  -0.00092965507  0.0022440534  -3.5852707e-05  0.00052422256  0.99597994  -0.081157846  0.019512055  -0.0041023851  0.0014787692  0.014002675  -0.0043311610  -0.00092965507  0.0022440534  -3.5852707e-05  0.00052422256  
0.081582060  0.99618967  -0.010640256  0.0022101342  0.0034686479  -0.0057506550  -0.0028152603  -0.0032419592  0.0012759991  0.0027408779  0.00037198768  0.081582060  0.99618967  -0.010640256  0.0022101342  0.0034686479  -0.0057506550  -0.0028152603  -0.0032419592  0.0012759991  0.0027408779  0.00037198768  
0.019227720  -0.012846828  -0.99695562  0.062988410  0.0044059895  0.0030499230  -0.010377193  0.0014713450  -0.0025160729  0.0013458328  -0.00036211253  0.019227720  -0.012846828  -0.99695562  0.062988410  0.0044059895  0.0030499230  -0.010377193  0.0014713450  -0.0025160729  0.0013458328  -0.00036211253  
0.0028439807  -0.0020117290  0.063445653  0.99754003  0.0010751759  -0.0068863846  -0.0055060190  -0.0032862666  0.0012409930  -0.0015126713  0.0021876051  0.0028439807  -0.0020117290  0.063445653  0.99754003  0.0010751759  -0.0068863846  -0.0055060190  -0.0032862666  0.0012409930  -0.0015126713  0.0021876051  
0.0018923963  0.0032119327  -0.0042145370  0.0011531475  -0.99956634  0.0042228262  0.0057343804  -0.0048385995  -0.00029186799  0.0021115430  0.0011456424  0.0018923963  0.0032119327  -0.0042145370  0.0011531475  -0.99956634  0.0042228262  0.0057343804  -0.0048385995  -0.00029186799  0.0021115430  0.0011456424  
0.013833336  -0.0064997317  -0.0045164251  -0.0060198912  -0.0035967973  -0.99186922  0.11684034  0.0060464222  0.0066398249  -0.039616878  0.0028920970  0.013833336  -0.0064997317  -0.0045164251  -0.0060198912  -0.0035967973  -0.99186922  0.11684034  0.0060464222  0.0066398249  -0.039616878  0.0028920970  
-0.0032087515  -0.0029646882  0.0093837185  -0.0068084030  -0.0062674283  -0.11739293  -0.99199489  0.016419181  -0.017691931  0.013628024  -0.021526928  -0.0032087515  -0.0029646882  0.0093837185  -0.0068084030  -0.0062674283  -0.11739293  -0.99199489  0.016419181  -0.017691931  0.013628024  -0.021526928  
0.00074857285  0.0031149230  0.0010779114  0.0031579343  -0.0045747449  0.0083412985  0.013269592  0.99192153  0.12363178  0.0042844128  0.0075404188  0.00074857285  0.0031149230  0.0010779114  0.0031579343  -0.0045747449  0.0083412985  0.013269592  0.99192153  0.12363178  0.0042844128  0.0075404188  
-0.0025601196  -0.0015348728  -0.0027355897  -0.0017298486  0.00042800760  0.0028136841  -0.020513624  -0.12401233  0.99041562  0.022268149  0.038976040  -0.0025601196  -0.0015348728  -0.0027355897  -0.0017298486  0.00042800760  0.0028136841  -0.020513624  -0.12401233  0.99041562  0.022268149  0.038976040  
-0.00037716713  0.0028346873  -0.0011979866  -0.0013301931  -0.0019960918  0.037896389  -0.018855897  0.0014775106  0.022123005  -0.99842107  0.0050398585  -0.00037716713  0.0028346873  -0.0011979866  -0.0013301931  -0.0019960918  0.037896389  -0.018855897  0.0014775106  0.022123005  -0.99842107  0.0050398585  
0.00073557900  0.00029178670  0.00051765557  0.0022429951  -0.0010845540  -0.00041117950  0.020460276  0.0027263979  0.041547825  -0.0041312659  -0.99751986  0.00073557900  0.00029178670  0.00051765557  0.0022429951  -0.0010845540  -0.00041117950  0.020460276  0.0027263979  0.041547825  -0.0041312659  -0.99751986  
0.99597994  -0.081157846  0.019512055  -0.0041023851  0.0014787692  0.014002675  -0.0043311610  -0.00092965507  0.0022440534  -3.5852707e-05  0.00052422256  0.99597994  -0.081157846  0.019512055  -0.0041023851  0.0014787692  0.014002675  -0.0043311610  -0.00092965507  0.0022440534  -3.5852707e-05  0.00052422256  
0.081582060  0.99618967  -0.010640256  0.0022101342  0.0034686479  -0.0057506550  -0.0028152603  -0.0032419592  0.0012759991  0.0027408779  0.00037198768  0.081582060  0.99618967  -0.010640256  0.0022101342  0.0034686479  -0.0057506550  -0.0028152603  -0.0032419592  0.0012759991  0.0027408779  0.00037198768  
0.019227720  -0.012846828  -0.99695562  0.062988410  0.0044059895  0.0030499230  -0.010377193  0.0014713450  -0.0025160729  0.0013458328  -0.00036211253  0.019227720  -0.012846828  -0.99695562  0.062988410  0.0044059895  0.0030499230  -0.010377193  0.0014713450  -0.0025160729  0.0013458328  -0.00036211253  
0.0028439807  -0.0020117290  0.063445653  0.99754003  0.0010751759  -0.0068863846  -0.0055060190  -0.0032862666  0.0012409930  -0.0015126713  0.0021876051  0.0028439807  -0.0020117290  0.063445653  0.99754003  0.0010751759  -0.0068863846  -0.0055060190  -0.0032862666  0.0012409930  -0.0015126713  0.0021876051  
0.0018923963  0.0032119327  -0.0042145370  0.0011531475  -0.99956634  0.0042228262  0.0057343804  -0.0048385995  -0.00029186799  0.0021115430  0.0011456424  0.0018923963  0.0032119327  -0.0042145370  0.0011531475  -0.99956634  0.0042228262  0.0057343804  -0.0048385995  -0.00029186799  0.0021115430  0.0011456424  
0.013833336  -0.0064997317  -0.0045164251  -0.0060198912  -0.0035967973  -0.99186922  0.11684034  0.0060464222  0.0066398249  -0.039616878  0.0028920970  0.013833336  -0.0064997317  -0.0045164251  -0.0060198912  -0.0035967973  -0.99186922  0.11684034  0.0060464222  0.0066398249  -0.039616878  0.0028920970  
-0.0032087515  -0.0029646882  0.0093837185  -0.0068084030  -0.0062674283  -0.11739293  -0.99199489  0.016419181  -0.017691931  0.013628024  -0.021526928  -0.0032087515  -0.0029646882  0.0093837185  -0.0068084030  -0.0062674283  -0.11739293  -0.99199489  0.016419181  -0.017691931  0.013628024  -0.021526928  
0.00074857285  0.0031149230  0.0010779114  0.0031579343  -0.0045747449  0.0083412985  0.013269592  0.99192153  0.12363178  0.0042844128  0.0075404188  0.00074857285  0.0031149230  0.0010779114  0.0031579343  -0.0045747449  0.0083412985  0.013269592  0.99192153  0.12363178  0.0042844128  0.0075404188  
-0.0025601196  -0.0015348728  -0.0027355897  -0.0017298486  0.00042800760  0.0028136841  -0.020513624  -0.12401233  0.99041562  0.022268149  0.038976040  -0.0025601196  -0.0015348728  -0.0027355897  -0.0017298486  0.00042800760  0.0028136841  -0.020513624  -0.12401233  0.99041562  0.022268149  0.038976040  
-0.00037716713  0.0028346873  -0.0011979866  -0.0013301931  -0.0019960918  0.037896389  -0.018855897  0.0014775106  0.022123005  -0.99842107  0.0050398585  -0.00037716713  0.0028346873  -0.0011979866  -0.0013301931  -0.0019960918  0.037896389  -0.018855897  0.0014775106  0.022123005  -0.99842107  0.0050398585  
0.00073557900  0.00029178670  0.00051765557  0.0022429951  -0.0010845540  -0.00041117950  0.020460276  0.0027263979  0.041547825  -0.0041312659  -0.99751986  0.00073557900  0.00029178670  0.00051765557  0.0022429951  -0.0010845540  -0.00041117950  0.020460276  0.0027263979  0.041547825  -0.0041312659  -0.99751986  
