-1.1482167e-17  -4.2478702e-18  -1.3908281e-17  4.5733003e-17  1.3755815e-17  8.1002608e-17  -7.2749119e-17  1.2384469e-17  2.5235981e-16  -9.0336064e-17  -2.1516754e-17  -1.1482167e-17  -4.2478702e-18  -1.3908281e-17  4.5733003e-17  1.3755815e-17  8.1002608e-17  -7.2749119e-17  1.2384469e-17  2.5235981e-16  -9.0336064e-17  -2.1516754e-17  
4.2381294e-18  -6.5920339e-18  -5.3398651e-17  2.3540740e-17  -4.5672017e-18  -2.4556332e-17  1.1188458e-17  4.5748249e-17  1.7628556e-17  7.7029176e-18  4.0862140e-17  4.2381294e-18  -6.5920339e-18  -5.3398651e-17  2.3540740e-17  -4.5672017e-18  -2.4556332e-17  1.1188458e-17  4.5748249e-17  1.7628556e-17  7.7029176e-18  4.0862140e-17  
-4.1584236e-17  -2.6034405e-17  -1.0069104e-19  -4.2614863e-17  2.0875127e-18  -1.2054973e-17  -1.0356142e-17  1.2085466e-17  2.3359316e-17  -1.0022094e-17  4.3127530e-17  -4.1584236e-17  -2.6034405e-17  -1.0069104e-19  -4.2614863e-17  2.0875127e-18  -1.2054973e-17  -1.0356142e-17  1.2085466e-17  2.3359316e-17  -1.0022094e-17  4.3127530e-17  
-1.3565233e-17  2.0142443e-17  5.2714460e-17  -3.2198369e-18  -4.2332801e-17  6.7326414e-18  -1.3903728e-16  -1.6437521e-17  -3.1805108e-17  -5.1647834e-17  2.9395855e-17  -1.3565233e-17  2.0142443e-17  5.2714460e-17  -3.2198369e-18  -4.2332801e-17  6.7326414e-18  -1.3903728e-16  -1.6437521e-17  -3.1805108e-17  -5.1647834e-17  2.9395855e-17  
1.6517990e-17  -5.4345634e-18  7.1586990e-18  -1.4945896e-18  -1.7771810e-19  -7.6893651e-18  -2.4356644e-17  1.9395360e-17  9.6483908e-17  1.1351936e-17  1.0121281e-16  1.6517990e-17  -5.4345634e-18  7.1586990e-18  -1.4945896e-18  -1.7771810e-19  -7.6893651e-18  -2.4356644e-17  1.9395360e-17  9.6483908e-17  1.1351936e-17  1.0121281e-16  
-1.1186341e-17  9.4481443e-17  -7.1537015e-17  -2.9568226e-17  1.8931186e-18  4.9138499e-19  -6.1846111e-18  4.7806540e-18  1.9336968e-17  -8.4356011e-17  4.7353377e-18  -1.1186341e-17  9.4481443e-17  -7.1537015e-17  -2.9568226e-17  1.8931186e-18  4.9138499e-19  -6.1846111e-18  4.7806540e-18  1.9336968e-17  -8.4356011e-17  4.7353377e-18  
1.6942353e-17  1.3520340e-17  -1.5693403e-17  5.3994009e-17  1.5799282e-18  -3.4622472e-18  9.2032777e-19  -6.8067568e-18  9.0607644e-18  1.2698718e-17  4.8530753e-18  1.6942353e-17  1.3520340e-17  -1.5693403e-17  5.3994009e-17  1.5799282e-18  -3.4622472e-18  9.2032777e-19  -6.8067568e-18  9.0607644e-18  1.2698718e-17  4.8530753e-18  
-2.5233111e-18  2.8284971e-17  -2.4983237e-17  4.0508080e-17  -3.2388846e-17  4.6163296e-19  -3.0274228e-17  -7.8067321e-19  3.1986770e-17  -1.1640350e-17  1.8392897e-17  -2.5233111e-18  2.8284971e-17  -2.4983237e-17  4.0508080e-17  -3.2388846e-17  4.6163296e-19  -3.0274228e-17  -7.8067321e-19  3.1986770e-17  -1.1640350e-17  1.8392897e-17  
3.7932253e-16  5.0458388e-17  -4.2727518e-18  -6.5958720e-17  -3.9530551e-17  3.8791171e-17  -1.0077574e-18  1.8955750e-17  -5.8965735e-19  2.3247878e-18  6.5859988e-18  3.7932253e-16  5.0458388e-17  -4.2727518e-18  -6.5958720e-17  -3.9530551e-17  3.8791171e-17  -1.0077574e-18  1.8955750e-17  -5.8965735e-19  2.3247878e-18  6.5859988e-18  
-3.1813710e-17  -3.0501656e-18  -6.5882223e-17  -4.1538496e-18  3.1255516e-18  1.3399638e-17  1.6595070e-17  -1.3611819e-18  -1.1404663e-17  -1.2561922e-17  -3.9433619e-18  -3.1813710e-17  -3.0501656e-18  -6.5882223e-17  -4.1538496e-18  3.1255516e-18  1.3399638e-17  1.6595070e-17  -1.3611819e-18  -1.1404663e-17  -1.2561922e-17  -3.9433619e-18  
1.6762359e-17  3.7935218e-17  5.4701388e-18  3.6462100e-16  3.3551822e-17  -8.9616086e-19  3.2051727e-17  7.5673924e-17  4.1420441e-18  7.6783537e-19  2.1604634e-18  1.6762359e-17  3.7935218e-17  5.4701388e-18  3.6462100e-16  3.3551822e-17  -8.9616086e-19  3.2051727e-17  7.5673924e-17  4.1420441e-18  7.6783537e-19  2.1604634e-18  
-1.1482167e-17  -4.2478702e-18  -1.3908281e-17  4.5733003e-17  1.3755815e-17  8.1002608e-17  -7.2749119e-17  1.2384469e-17  2.5235981e-16  -9.0336064e-17  -2.1516754e-17  -1.1482167e-17  -4.2478702e-18  -1.3908281e-17  4.5733003e-17  1.3755815e-17  8.1002608e-17  -7.2749119e-17  1.2384469e-17  2.5235981e-16  -9.0336064e-17  -2.1516754e-17  
4.2381294e-18  -6.5920339e-18  -5.3398651e-17  2.3540740e-17  -4.5672017e-18  -2.4556332e-17  1.1188458e-17  4.5748249e-17  1.7628556e-17  7.7029176e-18  4.0862140e-17  4.2381294e-18  -6.5920339e-18  -5.3398651e-17  2.3540740e-17  -4.5672017e-18  -2.4556332e-17  1.1188458e-17  4.5748249e-17  1.7628556e-17  7.7029176e-18  4.0862140e-17  
-4.1584236e-17  -2.6034405e-17  -1.0069104e-19  -4.2614863e-17  2.0875127e-18  -1.2054973e-17  -1.0356142e-17  1.2085466e-17  2.3359316e-17  -1.0022094e-17  4.3127530e-17  -4.1584236e-17  -2.6034405e-17  -1.0069104e-19  -4.2614863e-17  2.0875127e-18  -1.2054973e-17  -1.0356142e-17  1.2085466e-17  2.3359316e-17  -1.0022094e-17  4.3127530e-17  
-1.3565233e-17  2.0142443e-17  5.2714460e-17  -3.2198369e-18  -4.2332801e-17  6.7326414e-18  -1.3903728e-16  -1.6437521e-17  -3.1805108e-17  -5.1647834e-17  2.9395855e-17  -1.3565233e-17  2.0142443e-17  5.2714460e-17  -3.2198369e-18  -4.2332801e-17  6.7326414e-18  -1.3903728e-16  -1.6437521e-17  -3.1805108e-17  -5.1647834e-17  2.9395855e-17  
1.6517990e-17  -5.4345634e-18  7.1586990e-18  -1.4945896e-18  -1.7771810e-19  -7.6893651e-18  -2.4356644e-17  1.9395360e-17  9.6483908e-17  1.1351936e-17  1.0121281e-16  1.6517990e-17  -5.4345634e-18  7.1586990e-18  -1.4945896e-18  -1.7771810e-19  -7.6893651e-18  -2.4356644e-17  1.9395360e-17  9.6483908e-17  1.1351936e-17  1.0121281e-16  
-1.1186341e-17  9.4481443e-17  -7.1537015e-17  -2.9568226e-17  1.8931186e-18  4.9138499e-19  -6.1846111e-18  4.7806540e-18  1.9336968e-17  -8.4356011e-17  4.7353377e-18  -1.1186341e-17  9.4481443e-17  -7.1537015e-17  -2.9568226e-17  1.8931186e-18  4.9138499e-19  -6.1846111e-18  4.7806540e-18  1.9336968e-17  -8.4356011e-17  4.7353377e-18  
1.6942353e-17  1.3520340e-17  -1.5693403e-17  5.3994009e-17  1.5799282e-18  -3.4622472e-18  9.2032777e-19  -6.8067568e-18  9.0607644e-18  1.2698718e-17  4.8530753e-18  1.6942353e-17  1.3520340e-17  -1.5693403e-17  5.3994009e-17  1.5799282e-18  -3.4622472e-18  9.2032777e-19  -6.8067568e-18  9.0607644e-18  1.2698718e-17  4.8530753e-18  
-2.5233111e-18  2.8284971e-17  -2.4983237e-17  4.0508080e-17  -3.2388846e-17  4.6163296e-19  -3.0274228e-17  -7.8067321e-19  3.1986770e-17  -1.1640350e-17  1.8392897e-17  -2.5233111e-18  2.8284971e-17  -2.4983237e-17  4.0508080e-17  -3.2388846e-17  4.6163296e-19  -3.0274228e-17  -7.8067321e-19  3.1986770e-17  -1.1640350e-17  1.8392897e-17  
3.7932253e-16  5.0458388e-17  -4.2727518e-18  -6.5958720e-17  -3.9530551e-17  3.8791171e-17  -1.0077574e-18  1.8955750e-17  -5.8965735e-19  2.3247878e-18  6.5859988e-18  3.7932253e-16  5.0458388e-17  -4.2727518e-18  -6.5958720e-17  -3.9530551e-17  3.8791171e-17  -1.0077574e-18  1.8955750e-17  -5.8965735e-19  2.3247878e-18  6.5859988e-18  
-3.1813710e-17  -3.0501656e-18  -6.5882223e-17  -4.1538496e-18  3.1255516e-18  1.3399638e-17  1.6595070e-17  -1.3611819e-18  -1.1404663e-17  -1.2561922e-17  -3.9433619e-18  -3.1813710e-17  -3.0501656e-18  -6.5882223e-17  -4.1538496e-18  3.1255516e-18  1.3399638e-17  1.6595070e-17  -1.3611819e-18  -1.1404663e-17  -1.2561922e-17  -3.9433619e-18  
1.6762359e-17  3.7935218e-17  5.4701388e-18  3.6462100e-16  3.3551822e-17  -8.9616086e-19  3.2051727e-17  7.5673924e-17  4.1420441e-18  7.6783537e-19  2.1604634e-18  1.6762359e-17  3.7935218e-17  5.4701388e-18  3.6462100e-16  3.3551822e-17  -8.9616086e-19  3.2051727e-17  7.5673924e-17  4.1420441e-18  7.6783537e-19  2.1604634e-18  
