-6.1186484e-18  1.4155615e-17  -6.8551223e-17  7.3074379e-17  4.0682992e-18  4.0117174e-17  -1.6469709e-17  4.4130417e-18  -1.1350329e-16  3.4570167e-17  3.6558789e-17  -6.1186484e-18  1.4155615e-17  -6.8551223e-17  7.3074379e-17  4.0682992e-18  4.0117174e-17  -1.6469709e-17  4.4130417e-18  -1.1350329e-16  3.4570167e-17  3.6558789e-17  
-1.8739545e-17  4.6279763e-18  -6.4594733e-17  -1.5338073e-17  1.6025863e-17  -2.7838585e-17  1.3656712e-17  -1.2996874e-17  4.6008183e-18  9.1708257e-18  -5.9267742e-17  -1.8739545e-17  4.6279763e-18  -6.4594733e-17  -1.5338073e-17  1.6025863e-17  -2.7838585e-17  1.3656712e-17  -1.2996874e-17  4.6008183e-18  9.1708257e-18  -5.9267742e-17  
5.6181154e-17  -3.2543006e-18  4.2843985e-18  -6.8452968e-17  -1.3527116e-18  -4.4418408e-18  -7.9095301e-17  1.9087887e-17  1.2847002e-17  -4.0970984e-17  -3.4032090e-17  5.6181154e-17  -3.2543006e-18  4.2843985e-18  -6.8452968e-17  -1.3527116e-18  -4.4418408e-18  -7.9095301e-17  1.9087887e-17  1.2847002e-17  -4.0970984e-17  -3.4032090e-17  
5.1033312e-17  4.6738431e-17  6.2871868e-17  8.5816614e-18  9.6218708e-18  -6.2862974e-17  -9.3758077e-17  -2.6258021e-20  -4.2915692e-17  1.3632148e-17  1.9823197e-16  5.1033312e-17  4.6738431e-17  6.2871868e-17  8.5816614e-18  9.6218708e-18  -6.2862974e-17  -9.3758077e-17  -2.6258021e-20  -4.2915692e-17  1.3632148e-17  1.9823197e-16  
-5.6293810e-18  -5.2478773e-17  -1.2081231e-17  -4.5424048e-17  3.0309023e-18  -1.2040573e-17  4.2855632e-18  -1.2698718e-17  1.0620840e-17  -1.8194268e-18  -8.0167433e-17  -5.6293810e-18  -5.2478773e-17  -1.2081231e-17  -4.5424048e-17  3.0309023e-18  -1.2040573e-17  4.2855632e-18  -1.2698718e-17  1.0620840e-17  -1.8194268e-18  -8.0167433e-17  
-5.7920113e-18  7.3680008e-17  4.3132612e-17  7.8752888e-18  -1.1103331e-17  5.4146581e-19  -6.9244943e-19  2.9278647e-17  -1.4923344e-17  9.5812555e-17  -2.9264988e-19  -5.7920113e-18  7.3680008e-17  4.3132612e-17  7.8752888e-18  -1.1103331e-17  5.4146581e-19  -6.9244943e-19  2.9278647e-17  -1.4923344e-17  9.5812555e-17  -2.9264988e-19  
-1.0498550e-17  -3.7160182e-17  -8.9117395e-17  -9.4545394e-17  -7.1753220e-17  -4.0064658e-19  -5.2453309e-18  2.0752307e-19  7.8298137e-18  2.7283778e-17  -1.1561153e-17  -1.0498550e-17  -3.7160182e-17  -8.9117395e-17  -9.4545394e-17  -7.1753220e-17  -4.0064658e-19  -5.2453309e-18  2.0752307e-19  7.8298137e-18  2.7283778e-17  -1.1561153e-17  
1.5503244e-17  -9.9067279e-17  2.0906467e-17  2.5686274e-17  -3.5501692e-17  2.0684545e-18  1.9408066e-17  2.2914359e-18  -3.1873982e-18  -9.7413024e-18  1.2599403e-16  1.5503244e-17  -9.9067279e-17  2.0906467e-17  2.5686274e-17  -3.5501692e-17  2.0684545e-18  1.9408066e-17  2.2914359e-18  -3.1873982e-18  -9.7413024e-18  1.2599403e-16  
5.3160582e-18  -8.5008544e-17  -1.8330349e-17  2.4629594e-17  -7.8141304e-17  -4.9626602e-18  -3.2749642e-17  1.4552026e-17  -5.1130449e-18  -4.3429497e-18  1.1858461e-19  5.3160582e-18  -8.5008544e-17  -1.8330349e-17  2.4629594e-17  -7.8141304e-17  -4.9626602e-18  -3.2749642e-17  1.4552026e-17  -5.1130449e-18  -4.3429497e-18  1.1858461e-19  
1.3395403e-17  2.6084380e-17  -8.8581012e-17  1.3500858e-17  5.3303783e-18  -7.1498898e-17  1.2857113e-17  -6.1490357e-18  6.8599875e-18  -7.6061441e-18  -9.4003716e-18  1.3395403e-17  2.6084380e-17  -8.8581012e-17  1.3500858e-17  5.3303783e-18  -7.1498898e-17  1.2857113e-17  -6.1490357e-18  6.8599875e-18  -7.6061441e-18  -9.4003716e-18  
-1.6568811e-17  -1.7479372e-17  -3.6564718e-17  4.0045177e-17  6.4015362e-17  -2.0930184e-18  -1.9455500e-17  -3.5851093e-17  -6.3070338e-18  4.0314533e-18  3.4957050e-18  -1.6568811e-17  -1.7479372e-17  -3.6564718e-17  4.0045177e-17  6.4015362e-17  -2.0930184e-18  -1.9455500e-17  -3.5851093e-17  -6.3070338e-18  4.0314533e-18  3.4957050e-18  
-6.1186484e-18  1.4155615e-17  -6.8551223e-17  7.3074379e-17  4.0682992e-18  4.0117174e-17  -1.6469709e-17  4.4130417e-18  -1.1350329e-16  3.4570167e-17  3.6558789e-17  -6.1186484e-18  1.4155615e-17  -6.8551223e-17  7.3074379e-17  4.0682992e-18  4.0117174e-17  -1.6469709e-17  4.4130417e-18  -1.1350329e-16  3.4570167e-17  3.6558789e-17  
-1.8739545e-17  4.6279763e-18  -6.4594733e-17  -1.5338073e-17  1.6025863e-17  -2.7838585e-17  1.3656712e-17  -1.2996874e-17  4.6008183e-18  9.1708257e-18  -5.9267742e-17  -1.8739545e-17  4.6279763e-18  -6.4594733e-17  -1.5338073e-17  1.6025863e-17  -2.7838585e-17  1.3656712e-17  -1.2996874e-17  4.6008183e-18  9.1708257e-18  -5.9267742e-17  
5.6181154e-17  -3.2543006e-18  4.2843985e-18  -6.8452968e-17  -1.3527116e-18  -4.4418408e-18  -7.9095301e-17  1.9087887e-17  1.2847002e-17  -4.0970984e-17  -3.4032090e-17  5.6181154e-17  -3.2543006e-18  4.2843985e-18  -6.8452968e-17  -1.3527116e-18  -4.4418408e-18  -7.9095301e-17  1.9087887e-17  1.2847002e-17  -4.0970984e-17  -3.4032090e-17  
5.1033312e-17  4.6738431e-17  6.2871868e-17  8.5816614e-18  9.6218708e-18  -6.2862974e-17  -9.3758077e-17  -2.6258021e-20  -4.2915692e-17  1.3632148e-17  1.9823197e-16  5.1033312e-17  4.6738431e-17  6.2871868e-17  8.5816614e-18  9.6218708e-18  -6.2862974e-17  -9.3758077e-17  -2.6258021e-20  -4.2915692e-17  1.3632148e-17  1.9823197e-16  
-5.6293810e-18  -5.2478773e-17  -1.2081231e-17  -4.5424048e-17  3.0309023e-18  -1.2040573e-17  4.2855632e-18  -1.2698718e-17  1.0620840e-17  -1.8194268e-18  -8.0167433e-17  -5.6293810e-18  -5.2478773e-17  -1.2081231e-17  -4.5424048e-17  3.0309023e-18  -1.2040573e-17  4.2855632e-18  -1.2698718e-17  1.0620840e-17  -1.8194268e-18  -8.0167433e-17  
-5.7920113e-18  7.3680008e-17  4.3132612e-17  7.8752888e-18  -1.1103331e-17  5.4146581e-19  -6.9244943e-19  2.9278647e-17  -1.4923344e-17  9.5812555e-17  -2.9264988e-19  -5.7920113e-18  7.3680008e-17  4.3132612e-17  7.8752888e-18  -1.1103331e-17  5.4146581e-19  -6.9244943e-19  2.9278647e-17  -1.4923344e-17  9.5812555e-17  -2.9264988e-19  
-1.0498550e-17  -3.7160182e-17  -8.9117395e-17  -9.4545394e-17  -7.1753220e-17  -4.0064658e-19  -5.2453309e-18  2.0752307e-19  7.8298137e-18  2.7283778e-17  -1.1561153e-17  -1.0498550e-17  -3.7160182e-17  -8.9117395e-17  -9.4545394e-17  -7.1753220e-17  -4.0064658e-19  -5.2453309e-18  2.0752307e-19  7.8298137e-18  2.7283778e-17  -1.1561153e-17  
1.5503244e-17  -9.9067279e-17  2.0906467e-17  2.5686274e-17  -3.5501692e-17  2.0684545e-18  1.9408066e-17  2.2914359e-18  -3.1873982e-18  -9.7413024e-18  1.2599403e-16  1.5503244e-17  -9.9067279e-17  2.0906467e-17  2.5686274e-17  -3.5501692e-17  2.0684545e-18  1.9408066e-17  2.2914359e-18  -3.1873982e-18  -9.7413024e-18  1.2599403e-16  
5.3160582e-18  -8.5008544e-17  -1.8330349e-17  2.4629594e-17  -7.8141304e-17  -4.9626602e-18  -3.2749642e-17  1.4552026e-17  -5.1130449e-18  -4.3429497e-18  1.1858461e-19  5.3160582e-18  -8.5008544e-17  -1.8330349e-17  2.4629594e-17  -7.8141304e-17  -4.9626602e-18  -3.2749642e-17  1.4552026e-17  -5.1130449e-18  -4.3429497e-18  1.1858461e-19  
1.3395403e-17  2.6084380e-17  -8.8581012e-17  1.3500858e-17  5.3303783e-18  -7.1498898e-17  1.2857113e-17  -6.1490357e-18  6.8599875e-18  -7.6061441e-18  -9.4003716e-18  1.3395403e-17  2.6084380e-17  -8.8581012e-17  1.3500858e-17  5.3303783e-18  -7.1498898e-17  1.2857113e-17  -6.1490357e-18  6.8599875e-18  -7.6061441e-18  -9.4003716e-18  
-1.6568811e-17  -1.7479372e-17  -3.6564718e-17  4.0045177e-17  6.4015362e-17  -2.0930184e-18  -1.9455500e-17  -3.5851093e-17  -6.3070338e-18  4.0314533e-18  3.4957050e-18  -1.6568811e-17  -1.7479372e-17  -3.6564718e-17  4.0045177e-17  6.4015362e-17  -2.0930184e-18  -1.9455500e-17  -3.5851093e-17  -6.3070338e-18  4.0314533e-18  3.4957050e-18  
