1.3078189e-18  1.5399059e-18  5.7598240e-20  2.7232109e-18  -2.9263294e-17  1.2988064e-16  -5.4159287e-18  -6.0647559e-19  6.4388480e-17  -9.0674877e-18  1.5645969e-17  1.3078189e-18  1.5399059e-18  5.7598240e-20  2.7232109e-18  -2.9263294e-17  1.2988064e-16  -5.4159287e-18  -6.0647559e-19  6.4388480e-17  -9.0674877e-18  1.5645969e-17  
2.5580395e-19  1.0750966e-18  1.7160040e-17  7.1153732e-17  1.2082078e-17  -1.8444905e-16  -8.0976350e-19  -7.9154382e-17  -8.9890313e-18  -5.2795564e-18  -1.2060902e-16  2.5580395e-19  1.0750966e-18  1.7160040e-17  7.1153732e-17  1.2082078e-17  -1.8444905e-16  -8.0976350e-19  -7.9154382e-17  -8.9890313e-18  -5.2795564e-18  -1.2060902e-16  
3.6388535e-18  -1.3401247e-16  -5.7146666e-18  -7.8690208e-17  -1.1055898e-17  -1.8684869e-16  -4.2180123e-18  -3.6583353e-18  -2.4223025e-18  6.8504637e-17  1.0266039e-17  3.6388535e-18  -1.3401247e-16  -5.7146666e-18  -7.8690208e-17  -1.1055898e-17  -1.8684869e-16  -4.2180123e-18  -3.6583353e-18  -2.4223025e-18  6.8504637e-17  1.0266039e-17  
3.2382070e-17  4.5175655e-17  -4.7114514e-17  -2.7495748e-18  -1.6539165e-17  -6.6390019e-17  1.1158081e-16  -3.2864455e-17  -1.2122577e-17  8.5592679e-19  1.2127987e-16  3.2382070e-17  4.5175655e-17  -4.7114514e-17  -2.7495748e-18  -1.6539165e-17  -6.6390019e-17  1.1158081e-16  -3.2864455e-17  -1.2122577e-17  8.5592679e-19  1.2127987e-16  
8.7955901e-18  -2.0099245e-17  6.1282834e-18  1.5334684e-17  1.5232564e-17  7.9612627e-18  -7.3689749e-18  7.4361022e-18  -5.1098321e-18  -1.0765789e-17  1.2070474e-16  8.7955901e-18  -2.0099245e-17  6.1282834e-18  1.5334684e-17  1.5232564e-17  7.9612627e-18  -7.3689749e-18  7.4361022e-18  -5.1098321e-18  -1.0765789e-17  1.2070474e-16  
-1.0003629e-16  2.5682886e-17  1.0692775e-16  2.8674606e-17  -4.0234065e-18  -3.7548971e-18  4.0466999e-18  4.2233063e-18  2.9418248e-18  2.9955320e-17  3.8599291e-18  -1.0003629e-16  2.5682886e-17  1.0692775e-16  2.8674606e-17  -4.0234065e-18  -3.7548971e-18  4.0466999e-18  4.2233063e-18  2.9418248e-18  2.9955320e-17  3.8599291e-18  
4.9189744e-17  4.1644375e-18  -2.2581051e-17  -6.8715548e-20  1.1339230e-17  1.8118035e-18  3.3677236e-18  1.9995060e-17  -6.5568820e-18  1.2185416e-17  6.8940012e-18  4.9189744e-17  4.1644375e-18  -2.2581051e-17  -6.8715548e-20  1.1339230e-17  1.8118035e-18  3.3677236e-18  1.9995060e-17  -6.5568820e-18  1.2185416e-17  6.8940012e-18  
8.6727703e-18  1.2123667e-16  1.8910011e-17  1.9419077e-17  1.1664491e-17  -3.6367360e-18  4.5727074e-18  3.6976165e-18  -1.4488737e-17  1.2956216e-17  -9.4655297e-17  8.6727703e-18  1.2123667e-16  1.8910011e-17  1.9419077e-17  1.1664491e-17  -3.6367360e-18  4.5727074e-18  3.6976165e-18  -1.4488737e-17  1.2956216e-17  -9.4655297e-17  
-1.0490291e-17  -4.8323441e-17  -1.5894573e-18  1.1556367e-16  -2.2135936e-17  -1.3030861e-17  2.4438383e-17  -2.1676791e-17  -5.2160918e-18  -1.9752808e-18  3.0808600e-17  -1.0490291e-17  -4.8323441e-17  -1.5894573e-18  1.1556367e-16  -2.2135936e-17  -1.3030861e-17  2.4438383e-17  -2.1676791e-17  -5.2160918e-18  -1.9752808e-18  3.0808600e-17  
2.4233613e-17  1.4971307e-17  -7.1184649e-18  1.2420044e-17  -7.2794011e-18  1.7788539e-16  -2.6809440e-17  5.7547418e-18  5.0274582e-18  1.0321096e-18  1.1247327e-17  2.4233613e-17  1.4971307e-17  -7.1184649e-18  1.2420044e-17  -7.2794011e-18  1.7788539e-16  -2.6809440e-17  5.7547418e-18  5.0274582e-18  1.0321096e-18  1.1247327e-17  
-7.5491811e-18  -3.4281964e-17  1.8665218e-17  2.0473633e-17  2.0025553e-17  -5.0821977e-21  3.7519324e-17  1.2728534e-16  -5.4649825e-17  6.7046893e-18  7.7074704e-19  -7.5491811e-18  -3.4281964e-17  1.8665218e-17  2.0473633e-17  2.0025553e-17  -5.0821977e-21  3.7519324e-17  1.2728534e-16  -5.4649825e-17  6.7046893e-18  7.7074704e-19  
1.3078189e-18  1.5399059e-18  5.7598240e-20  2.7232109e-18  -2.9263294e-17  1.2988064e-16  -5.4159287e-18  -6.0647559e-19  6.4388480e-17  -9.0674877e-18  1.5645969e-17  1.3078189e-18  1.5399059e-18  5.7598240e-20  2.7232109e-18  -2.9263294e-17  1.2988064e-16  -5.4159287e-18  -6.0647559e-19  6.4388480e-17  -9.0674877e-18  1.5645969e-17  
2.5580395e-19  1.0750966e-18  1.7160040e-17  7.1153732e-17  1.2082078e-17  -1.8444905e-16  -8.0976350e-19  -7.9154382e-17  -8.9890313e-18  -5.2795564e-18  -1.2060902e-16  2.5580395e-19  1.0750966e-18  1.7160040e-17  7.1153732e-17  1.2082078e-17  -1.8444905e-16  -8.0976350e-19  -7.9154382e-17  -8.9890313e-18  -5.2795564e-18  -1.2060902e-16  
3.6388535e-18  -1.3401247e-16  -5.7146666e-18  -7.8690208e-17  -1.1055898e-17  -1.8684869e-16  -4.2180123e-18  -3.6583353e-18  -2.4223025e-18  6.8504637e-17  1.0266039e-17  3.6388535e-18  -1.3401247e-16  -5.7146666e-18  -7.8690208e-17  -1.1055898e-17  -1.8684869e-16  -4.2180123e-18  -3.6583353e-18  -2.4223025e-18  6.8504637e-17  1.0266039e-17  
3.2382070e-17  4.5175655e-17  -4.7114514e-17  -2.7495748e-18  -1.6539165e-17  -6.6390019e-17  1.1158081e-16  -3.2864455e-17  -1.2122577e-17  8.5592679e-19  1.2127987e-16  3.2382070e-17  4.5175655e-17  -4.7114514e-17  -2.7495748e-18  -1.6539165e-17  -6.6390019e-17  1.1158081e-16  -3.2864455e-17  -1.2122577e-17  8.5592679e-19  1.2127987e-16  
8.7955901e-18  -2.0099245e-17  6.1282834e-18  1.5334684e-17  1.5232564e-17  7.9612627e-18  -7.3689749e-18  7.4361022e-18  -5.1098321e-18  -1.0765789e-17  1.2070474e-16  8.7955901e-18  -2.0099245e-17  6.1282834e-18  1.5334684e-17  1.5232564e-17  7.9612627e-18  -7.3689749e-18  7.4361022e-18  -5.1098321e-18  -1.0765789e-17  1.2070474e-16  
-1.0003629e-16  2.5682886e-17  1.0692775e-16  2.8674606e-17  -4.0234065e-18  -3.7548971e-18  4.0466999e-18  4.2233063e-18  2.9418248e-18  2.9955320e-17  3.8599291e-18  -1.0003629e-16  2.5682886e-17  1.0692775e-16  2.8674606e-17  -4.0234065e-18  -3.7548971e-18  4.0466999e-18  4.2233063e-18  2.9418248e-18  2.9955320e-17  3.8599291e-18  
4.9189744e-17  4.1644375e-18  -2.2581051e-17  -6.8715548e-20  1.1339230e-17  1.8118035e-18  3.3677236e-18  1.9995060e-17  -6.5568820e-18  1.2185416e-17  6.8940012e-18  4.9189744e-17  4.1644375e-18  -2.2581051e-17  -6.8715548e-20  1.1339230e-17  1.8118035e-18  3.3677236e-18  1.9995060e-17  -6.5568820e-18  1.2185416e-17  6.8940012e-18  
8.6727703e-18  1.2123667e-16  1.8910011e-17  1.9419077e-17  1.1664491e-17  -3.6367360e-18  4.5727074e-18  3.6976165e-18  -1.4488737e-17  1.2956216e-17  -9.4655297e-17  8.6727703e-18  1.2123667e-16  1.8910011e-17  1.9419077e-17  1.1664491e-17  -3.6367360e-18  4.5727074e-18  3.6976165e-18  -1.4488737e-17  1.2956216e-17  -9.4655297e-17  
-1.0490291e-17  -4.8323441e-17  -1.5894573e-18  1.1556367e-16  -2.2135936e-17  -1.3030861e-17  2.4438383e-17  -2.1676791e-17  -5.2160918e-18  -1.9752808e-18  3.0808600e-17  -1.0490291e-17  -4.8323441e-17  -1.5894573e-18  1.1556367e-16  -2.2135936e-17  -1.3030861e-17  2.4438383e-17  -2.1676791e-17  -5.2160918e-18  -1.9752808e-18  3.0808600e-17  
2.4233613e-17  1.4971307e-17  -7.1184649e-18  1.2420044e-17  -7.2794011e-18  1.7788539e-16  -2.6809440e-17  5.7547418e-18  5.0274582e-18  1.0321096e-18  1.1247327e-17  2.4233613e-17  1.4971307e-17  -7.1184649e-18  1.2420044e-17  -7.2794011e-18  1.7788539e-16  -2.6809440e-17  5.7547418e-18  5.0274582e-18  1.0321096e-18  1.1247327e-17  
-7.5491811e-18  -3.4281964e-17  1.8665218e-17  2.0473633e-17  2.0025553e-17  -5.0821977e-21  3.7519324e-17  1.2728534e-16  -5.4649825e-17  6.7046893e-18  7.7074704e-19  -7.5491811e-18  -3.4281964e-17  1.8665218e-17  2.0473633e-17  2.0025553e-17  -5.0821977e-21  3.7519324e-17  1.2728534e-16  -5.4649825e-17  6.7046893e-18  7.7074704e-19  
