0.99953933  0.0059554778  0.00054431442  -0.0034424443  -0.0029459440  -0.0070141575  -0.0079108519  -0.0082499450  0.0030579861  0.00046400656  0.00040821882  0.99953933  0.0059554778  0.00054431442  -0.0034424443  -0.0029459440  -0.0070141575  -0.0079108519  -0.0082499450  0.0030579861  0.00046400656  0.00040821882  
0.0059373742  -0.99947721  0.012938433  -0.0033402882  0.0054023221  0.0010439932  -0.0018284632  -0.0033210686  0.0028024245  0.0046096902  0.0062533196  0.0059373742  -0.99947721  0.012938433  -0.0033402882  0.0054023221  0.0010439932  -0.0018284632  -0.0033210686  0.0028024245  0.0046096902  0.0062533196  
0.00011771046  -0.013152668  -0.99486049  -0.065131614  -0.069107134  0.0066639346  -0.0039814851  0.0017871460  0.0065555421  0.0064003188  -0.0033911255  0.00011771046  -0.013152668  -0.99486049  -0.065131614  -0.069107134  0.0066639346  -0.0039814851  0.0017871460  0.0065555421  0.0064003188  -0.0033911255  
-0.0031713679  0.0046998374  0.058156959  -0.99301854  0.095334198  0.016929401  0.0044872832  -0.00012720613  0.0019940851  -0.0073782480  0.0031485100  -0.0031713679  0.0046998374  0.058156959  -0.99301854  0.095334198  0.016929401  0.0044872832  -0.00012720613  0.0019940851  -0.0073782480  0.0031485100  
-0.0031529192  -0.0042895717  0.075185652  -0.090836640  -0.99239535  0.0038877637  0.00028880653  0.0049136960  -0.0069989938  0.0080420612  -0.0015981879  -0.0031529192  -0.0042895717  0.075185652  -0.090836640  -0.99239535  0.0038877637  0.00028880653  0.0049136960  -0.0069989938  0.0080420612  -0.0015981879  
-0.0071640096  -0.0010419243  -0.0053173862  -0.017602262  -0.0028737630  -0.99949050  -0.010147569  -0.010662245  -0.00043577323  -0.0088499776  0.0020700907  -0.0071640096  -0.0010419243  -0.0053173862  -0.017602262  -0.0028737630  -0.99949050  -0.010147569  -0.010662245  -0.00043577323  -0.0088499776  0.0020700907  
-0.0079857464  0.0019408187  0.0042673059  -0.0039602384  0.00035469279  0.010347806  -0.99967456  -0.014206887  0.011018013  0.0030287388  -0.0014438425  -0.0079857464  0.0019408187  0.0042673059  -0.0039602384  0.00035469279  0.010347806  -0.99967456  -0.014206887  0.011018013  0.0030287388  -0.0014438425  
0.0080214546  -0.0033026442  0.0015177622  0.00014107295  0.0049819347  -0.010587535  -0.014382851  0.99971661  -0.0010563951  0.00045650456  -0.0017326970  0.0080214546  -0.0033026442  0.0015177622  0.00014107295  0.0049819347  -0.010587535  -0.014382851  0.99971661  -0.0010563951  0.00045650456  -0.0017326970  
0.0030042398  -0.0028763816  -0.0071067939  -0.0017475564  0.0065945117  0.00075954645  -0.011120088  -0.0012713320  -0.99963405  -0.017238348  0.0051261816  0.0030042398  -0.0028763816  -0.0071067939  -0.0017475564  0.0065945117  0.00075954645  -0.011120088  -0.0012713320  -0.99963405  -0.017238348  0.0051261816  
0.00051179986  -0.0046747179  -0.0060560039  0.0063923958  -0.0093356958  0.0088192628  -0.0028032042  0.00055009727  0.017210787  -0.99953084  -0.0096207406  0.00051179986  -0.0046747179  -0.0060560039  0.0063923958  -0.0093356958  0.0088192628  -0.0028032042  0.00055009727  0.017210787  -0.99953084  -0.0096207406  
-0.00043453937  0.0061074134  -0.0034603977  0.0028593005  -0.0020929243  0.0021223492  -0.0014622698  0.0018177884  0.0052496214  -0.0094202113  0.99957283  -0.00043453937  0.0061074134  -0.0034603977  0.0028593005  -0.0020929243  0.0021223492  -0.0014622698  0.0018177884  0.0052496214  -0.0094202113  0.99957283  
0.99953933  0.0059554778  0.00054431442  -0.0034424443  -0.0029459440  -0.0070141575  -0.0079108519  -0.0082499450  0.0030579861  0.00046400656  0.00040821882  0.99953933  0.0059554778  0.00054431442  -0.0034424443  -0.0029459440  -0.0070141575  -0.0079108519  -0.0082499450  0.0030579861  0.00046400656  0.00040821882  
0.0059373742  -0.99947721  0.012938433  -0.0033402882  0.0054023221  0.0010439932  -0.0018284632  -0.0033210686  0.0028024245  0.0046096902  0.0062533196  0.0059373742  -0.99947721  0.012938433  -0.0033402882  0.0054023221  0.0010439932  -0.0018284632  -0.0033210686  0.0028024245  0.0046096902  0.0062533196  
0.00011771046  -0.013152668  -0.99486049  -0.065131614  -0.069107134  0.0066639346  -0.0039814851  0.0017871460  0.0065555421  0.0064003188  -0.0033911255  0.00011771046  -0.013152668  -0.99486049  -0.065131614  -0.069107134  0.0066639346  -0.0039814851  0.0017871460  0.0065555421  0.0064003188  -0.0033911255  
-0.0031713679  0.0046998374  0.058156959  -0.99301854  0.095334198  0.016929401  0.0044872832  -0.00012720613  0.0019940851  -0.0073782480  0.0031485100  -0.0031713679  0.0046998374  0.058156959  -0.99301854  0.095334198  0.016929401  0.0044872832  -0.00012720613  0.0019940851  -0.0073782480  0.0031485100  
-0.0031529192  -0.0042895717  0.075185652  -0.090836640  -0.99239535  0.0038877637  0.00028880653  0.0049136960  -0.0069989938  0.0080420612  -0.0015981879  -0.0031529192  -0.0042895717  0.075185652  -0.090836640  -0.99239535  0.0038877637  0.00028880653  0.0049136960  -0.0069989938  0.0080420612  -0.0015981879  
-0.0071640096  -0.0010419243  -0.0053173862  -0.017602262  -0.0028737630  -0.99949050  -0.010147569  -0.010662245  -0.00043577323  -0.0088499776  0.0020700907  -0.0071640096  -0.0010419243  -0.0053173862  -0.017602262  -0.0028737630  -0.99949050  -0.010147569  -0.010662245  -0.00043577323  -0.0088499776  0.0020700907  
-0.0079857464  0.0019408187  0.0042673059  -0.0039602384  0.00035469279  0.010347806  -0.99967456  -0.014206887  0.011018013  0.0030287388  -0.0014438425  -0.0079857464  0.0019408187  0.0042673059  -0.0039602384  0.00035469279  0.010347806  -0.99967456  -0.014206887  0.011018013  0.0030287388  -0.0014438425  
0.0080214546  -0.0033026442  0.0015177622  0.00014107295  0.0049819347  -0.010587535  -0.014382851  0.99971661  -0.0010563951  0.00045650456  -0.0017326970  0.0080214546  -0.0033026442  0.0015177622  0.00014107295  0.0049819347  -0.010587535  -0.014382851  0.99971661  -0.0010563951  0.00045650456  -0.0017326970  
0.0030042398  -0.0028763816  -0.0071067939  -0.0017475564  0.0065945117  0.00075954645  -0.011120088  -0.0012713320  -0.99963405  -0.017238348  0.0051261816  0.0030042398  -0.0028763816  -0.0071067939  -0.0017475564  0.0065945117  0.00075954645  -0.011120088  -0.0012713320  -0.99963405  -0.017238348  0.0051261816  
0.00051179986  -0.0046747179  -0.0060560039  0.0063923958  -0.0093356958  0.0088192628  -0.0028032042  0.00055009727  0.017210787  -0.99953084  -0.0096207406  0.00051179986  -0.0046747179  -0.0060560039  0.0063923958  -0.0093356958  0.0088192628  -0.0028032042  0.00055009727  0.017210787  -0.99953084  -0.0096207406  
-0.00043453937  0.0061074134  -0.0034603977  0.0028593005  -0.0020929243  0.0021223492  -0.0014622698  0.0018177884  0.0052496214  -0.0094202113  0.99957283  -0.00043453937  0.0061074134  -0.0034603977  0.0028593005  -0.0020929243  0.0021223492  -0.0014622698  0.0018177884  0.0052496214  -0.0094202113  0.99957283  
