-6.8800251e-18  4.3478201e-18  -7.1447229e-19  1.0009388e-17  -1.0360907e-17  1.2078520e-16  -2.4812983e-17  1.6178329e-17  -1.9070947e-17  9.6138240e-17  -1.5195348e-17  -6.8800251e-18  4.3478201e-18  -7.1447229e-19  1.0009388e-17  -1.0360907e-17  1.2078520e-16  -2.4812983e-17  1.6178329e-17  -1.9070947e-17  9.6138240e-17  -1.5195348e-17  
-7.0557845e-19  -8.3562447e-18  1.5610817e-17  4.0705227e-18  -1.2092666e-17  3.1207235e-17  1.5353467e-16  4.1369089e-18  5.5100340e-17  -2.8433202e-17  1.7332835e-17  -7.0557845e-19  -8.3562447e-18  1.5610817e-17  4.0705227e-18  -1.2092666e-17  3.1207235e-17  1.5353467e-16  4.1369089e-18  5.5100340e-17  -2.8433202e-17  1.7332835e-17  
-9.5206503e-18  2.4263047e-17  -1.6189023e-17  -1.3641190e-16  -4.1516473e-17  -1.4277799e-17  1.3506152e-17  1.1859054e-16  4.2978240e-17  -4.3964610e-17  7.0146292e-17  -9.5206503e-18  2.4263047e-17  -1.6189023e-17  -1.3641190e-16  -4.1516473e-17  -1.4277799e-17  1.3506152e-17  1.1859054e-16  4.2978240e-17  -4.3964610e-17  7.0146292e-17  
2.5694744e-18  9.3234505e-18  -9.7870316e-17  -1.5364701e-17  -1.4482040e-17  2.9377220e-17  1.8755851e-17  2.0426200e-17  -7.7073645e-18  -1.8715193e-18  -4.2254027e-17  2.5694744e-18  9.3234505e-18  -9.7870316e-17  -1.5364701e-17  -1.4482040e-17  2.9377220e-17  1.8755851e-17  2.0426200e-17  -7.7073645e-18  -1.8715193e-18  -4.2254027e-17  
-1.9413148e-17  2.0622288e-17  -1.2177581e-17  9.7727485e-18  -2.6216331e-18  -1.3604620e-17  2.0713555e-17  -4.4421161e-17  4.5303557e-18  -5.5141845e-18  -1.2464259e-16  -1.9413148e-17  2.0622288e-17  -1.2177581e-17  9.7727485e-18  -2.6216331e-18  -1.3604620e-17  2.0713555e-17  -4.4421161e-17  4.5303557e-18  -5.5141845e-18  -1.2464259e-16  
6.2810881e-17  -6.5977090e-17  -2.5580924e-17  4.2632015e-17  5.1677480e-18  -3.4095194e-18  -1.1262997e-17  8.0967879e-18  -4.5951537e-19  1.6266082e-16  -3.9725845e-18  6.2810881e-17  -6.5977090e-17  -2.5580924e-17  4.2632015e-17  5.1677480e-18  -3.4095194e-18  -1.1262997e-17  8.0967879e-18  -4.5951537e-19  1.6266082e-16  -3.9725845e-18  
2.9798619e-18  -7.4382436e-17  1.7354223e-17  8.5640113e-17  9.3872426e-19  -1.8779567e-17  -1.0217335e-18  -6.1172719e-18  -1.7198580e-17  -3.1848439e-19  -4.9210497e-17  2.9798619e-18  -7.4382436e-17  1.7354223e-17  8.5640113e-17  9.3872426e-19  -1.8779567e-17  -1.0217335e-18  -6.1172719e-18  -1.7198580e-17  -3.1848439e-19  -4.9210497e-17  
-4.6541072e-17  1.4907780e-18  -7.9004828e-17  4.4931710e-17  1.5037376e-17  5.8241985e-18  1.0144067e-17  -2.0536314e-18  4.3592974e-17  -2.3882941e-17  2.3469165e-17  -4.6541072e-17  1.4907780e-18  -7.9004828e-17  4.4931710e-17  1.5037376e-17  5.8241985e-18  1.0144067e-17  -2.0536314e-18  4.3592974e-17  -2.3882941e-17  2.3469165e-17  
-3.0596524e-17  5.8030227e-18  2.0226088e-17  2.5313580e-17  2.0488456e-17  -1.8766438e-17  -8.3593682e-18  2.3879553e-17  8.7498503e-19  3.9259977e-19  2.1997446e-18  -3.0596524e-17  5.8030227e-18  2.0226088e-17  2.5313580e-17  2.0488456e-17  -1.8766438e-17  -8.3593682e-18  2.3879553e-17  8.7498503e-19  3.9259977e-19  2.1997446e-18  
-1.5521879e-17  2.7249897e-17  1.1108625e-16  -1.1043616e-17  3.4630942e-17  3.7278767e-17  -1.2796974e-17  -1.7296413e-18  -1.1095920e-17  -5.2181465e-18  -9.9356965e-19  -1.5521879e-17  2.7249897e-17  1.1108625e-16  -1.1043616e-17  3.4630942e-17  3.7278767e-17  -1.2796974e-17  -1.7296413e-18  -1.1095920e-17  -5.2181465e-18  -9.9356965e-19  
-1.7365446e-17  -3.0196725e-18  1.3546513e-16  -8.9754999e-17  1.1526721e-16  -3.4872346e-18  1.1764441e-17  -2.9705022e-17  -7.5002650e-18  -1.3342887e-18  -1.0747525e-18  -1.7365446e-17  -3.0196725e-18  1.3546513e-16  -8.9754999e-17  1.1526721e-16  -3.4872346e-18  1.1764441e-17  -2.9705022e-17  -7.5002650e-18  -1.3342887e-18  -1.0747525e-18  
-6.8800251e-18  4.3478201e-18  -7.1447229e-19  1.0009388e-17  -1.0360907e-17  1.2078520e-16  -2.4812983e-17  1.6178329e-17  -1.9070947e-17  9.6138240e-17  -1.5195348e-17  -6.8800251e-18  4.3478201e-18  -7.1447229e-19  1.0009388e-17  -1.0360907e-17  1.2078520e-16  -2.4812983e-17  1.6178329e-17  -1.9070947e-17  9.6138240e-17  -1.5195348e-17  
-7.0557845e-19  -8.3562447e-18  1.5610817e-17  4.0705227e-18  -1.2092666e-17  3.1207235e-17  1.5353467e-16  4.1369089e-18  5.5100340e-17  -2.8433202e-17  1.7332835e-17  -7.0557845e-19  -8.3562447e-18  1.5610817e-17  4.0705227e-18  -1.2092666e-17  3.1207235e-17  1.5353467e-16  4.1369089e-18  5.5100340e-17  -2.8433202e-17  1.7332835e-17  
-9.5206503e-18  2.4263047e-17  -1.6189023e-17  -1.3641190e-16  -4.1516473e-17  -1.4277799e-17  1.3506152e-17  1.1859054e-16  4.2978240e-17  -4.3964610e-17  7.0146292e-17  -9.5206503e-18  2.4263047e-17  -1.6189023e-17  -1.3641190e-16  -4.1516473e-17  -1.4277799e-17  1.3506152e-17  1.1859054e-16  4.2978240e-17  -4.3964610e-17  7.0146292e-17  
2.5694744e-18  9.3234505e-18  -9.7870316e-17  -1.5364701e-17  -1.4482040e-17  2.9377220e-17  1.8755851e-17  2.0426200e-17  -7.7073645e-18  -1.8715193e-18  -4.2254027e-17  2.5694744e-18  9.3234505e-18  -9.7870316e-17  -1.5364701e-17  -1.4482040e-17  2.9377220e-17  1.8755851e-17  2.0426200e-17  -7.7073645e-18  -1.8715193e-18  -4.2254027e-17  
-1.9413148e-17  2.0622288e-17  -1.2177581e-17  9.7727485e-18  -2.6216331e-18  -1.3604620e-17  2.0713555e-17  -4.4421161e-17  4.5303557e-18  -5.5141845e-18  -1.2464259e-16  -1.9413148e-17  2.0622288e-17  -1.2177581e-17  9.7727485e-18  -2.6216331e-18  -1.3604620e-17  2.0713555e-17  -4.4421161e-17  4.5303557e-18  -5.5141845e-18  -1.2464259e-16  
6.2810881e-17  -6.5977090e-17  -2.5580924e-17  4.2632015e-17  5.1677480e-18  -3.4095194e-18  -1.1262997e-17  8.0967879e-18  -4.5951537e-19  1.6266082e-16  -3.9725845e-18  6.2810881e-17  -6.5977090e-17  -2.5580924e-17  4.2632015e-17  5.1677480e-18  -3.4095194e-18  -1.1262997e-17  8.0967879e-18  -4.5951537e-19  1.6266082e-16  -3.9725845e-18  
2.9798619e-18  -7.4382436e-17  1.7354223e-17  8.5640113e-17  9.3872426e-19  -1.8779567e-17  -1.0217335e-18  -6.1172719e-18  -1.7198580e-17  -3.1848439e-19  -4.9210497e-17  2.9798619e-18  -7.4382436e-17  1.7354223e-17  8.5640113e-17  9.3872426e-19  -1.8779567e-17  -1.0217335e-18  -6.1172719e-18  -1.7198580e-17  -3.1848439e-19  -4.9210497e-17  
-4.6541072e-17  1.4907780e-18  -7.9004828e-17  4.4931710e-17  1.5037376e-17  5.8241985e-18  1.0144067e-17  -2.0536314e-18  4.3592974e-17  -2.3882941e-17  2.3469165e-17  -4.6541072e-17  1.4907780e-18  -7.9004828e-17  4.4931710e-17  1.5037376e-17  5.8241985e-18  1.0144067e-17  -2.0536314e-18  4.3592974e-17  -2.3882941e-17  2.3469165e-17  
-3.0596524e-17  5.8030227e-18  2.0226088e-17  2.5313580e-17  2.0488456e-17  -1.8766438e-17  -8.3593682e-18  2.3879553e-17  8.7498503e-19  3.9259977e-19  2.1997446e-18  -3.0596524e-17  5.8030227e-18  2.0226088e-17  2.5313580e-17  2.0488456e-17  -1.8766438e-17  -8.3593682e-18  2.3879553e-17  8.7498503e-19  3.9259977e-19  2.1997446e-18  
-1.5521879e-17  2.7249897e-17  1.1108625e-16  -1.1043616e-17  3.4630942e-17  3.7278767e-17  -1.2796974e-17  -1.7296413e-18  -1.1095920e-17  -5.2181465e-18  -9.9356965e-19  -1.5521879e-17  2.7249897e-17  1.1108625e-16  -1.1043616e-17  3.4630942e-17  3.7278767e-17  -1.2796974e-17  -1.7296413e-18  -1.1095920e-17  -5.2181465e-18  -9.9356965e-19  
-1.7365446e-17  -3.0196725e-18  1.3546513e-16  -8.9754999e-17  1.1526721e-16  -3.4872346e-18  1.1764441e-17  -2.9705022e-17  -7.5002650e-18  -1.3342887e-18  -1.0747525e-18  -1.7365446e-17  -3.0196725e-18  1.3546513e-16  -8.9754999e-17  1.1526721e-16  -3.4872346e-18  1.1764441e-17  -2.9705022e-17  -7.5002650e-18  -1.3342887e-18  -1.0747525e-18  
