-2.4536427e-18  -1.2336188e-17  -4.2224592e-19  -1.8811755e-17  9.0115835e-18  -1.0757318e-18  2.5015424e-17  6.7923996e-17  -3.5559714e-17  -3.2017845e-19  1.4823077e-18  -2.4536427e-18  -1.2336188e-17  -4.2224592e-19  -1.8811755e-17  9.0115835e-18  -1.0757318e-18  2.5015424e-17  6.7923996e-17  -3.5559714e-17  -3.2017845e-19  1.4823077e-18  
3.4193026e-17  -5.7877761e-18  3.3017344e-18  6.5729757e-19  1.5248711e-17  -1.0554878e-17  -2.4829077e-17  9.2902574e-17  5.0081670e-17  2.2827538e-19  2.8104553e-17  3.4193026e-17  -5.7877761e-18  3.3017344e-18  6.5729757e-19  1.5248711e-17  -1.0554878e-17  -2.4829077e-17  9.2902574e-17  5.0081670e-17  2.2827538e-19  2.8104553e-17  
2.0900538e-18  -6.4814961e-18  -1.3830407e-17  4.1959471e-17  7.4219541e-17  1.0379595e-18  -1.8065360e-17  -5.4722140e-17  3.9759197e-18  2.2367176e-17  1.3718969e-17  2.0900538e-18  -6.4814961e-18  -1.3830407e-17  4.1959471e-17  7.4219541e-17  1.0379595e-18  -1.8065360e-17  -5.4722140e-17  3.9759197e-18  2.2367176e-17  1.3718969e-17  
2.1014887e-18  -1.4475793e-17  3.7036516e-17  -4.7916654e-18  1.0919949e-17  -2.4861603e-16  9.5452143e-18  -1.2151111e-17  9.1852253e-18  -7.8892649e-18  3.5050223e-18  2.1014887e-18  -1.4475793e-17  3.7036516e-17  -4.7916654e-18  1.0919949e-17  -2.4861603e-16  9.5452143e-18  -1.2151111e-17  9.1852253e-18  -7.8892649e-18  3.5050223e-18  
-2.9912969e-18  1.0041999e-17  -2.0641055e-17  1.0575630e-17  5.3702418e-18  -2.6610069e-19  -1.7411821e-18  4.7186300e-17  2.7885913e-18  -8.7377801e-17  3.6905226e-18  -2.9912969e-18  1.0041999e-17  -2.0641055e-17  1.0575630e-17  5.3702418e-18  -2.6610069e-19  -1.7411821e-18  4.7186300e-17  2.7885913e-18  -8.7377801e-17  3.6905226e-18  
1.8332334e-17  3.2864878e-19  -9.1739492e-18  -2.1806016e-17  7.2666162e-18  -4.7209911e-18  -1.5152361e-18  -7.5625219e-18  -9.8883685e-18  -1.3599114e-17  1.2686859e-17  1.8332334e-17  3.2864878e-19  -9.1739492e-18  -2.1806016e-17  7.2666162e-18  -4.7209911e-18  -1.5152361e-18  -7.5625219e-18  -9.8883685e-18  -1.3599114e-17  1.2686859e-17  
-4.0296322e-17  7.3884990e-17  4.4877394e-18  1.2143911e-17  2.1487108e-18  -6.8481026e-18  -1.4823077e-21  3.6295362e-17  -7.9737564e-19  -1.1061403e-17  -6.7956606e-17  -4.0296322e-17  7.3884990e-17  4.4877394e-18  1.2143911e-17  2.1487108e-18  -6.8481026e-18  -1.4823077e-21  3.6295362e-17  -7.9737564e-19  -1.1061403e-17  -6.7956606e-17  
-3.6732431e-17  1.5029647e-16  -1.2557899e-17  -1.4054712e-17  2.8637019e-17  -2.6922942e-18  -8.5423273e-18  -8.0574803e-18  4.5432306e-17  1.6547212e-17  6.3423710e-18  -3.6732431e-17  1.5029647e-16  -1.2557899e-17  -1.4054712e-17  2.8637019e-17  -2.6922942e-18  -8.5423273e-18  -8.0574803e-18  4.5432306e-17  1.6547212e-17  6.3423710e-18  
-3.3856330e-17  -7.0972891e-18  2.1741642e-17  1.5962336e-17  1.9662864e-17  -1.7028221e-17  -4.9515429e-18  6.2079680e-17  1.4590143e-19  2.1412993e-18  -1.0681085e-17  -3.3856330e-17  -7.0972891e-18  2.1741642e-17  1.5962336e-17  1.9662864e-17  -1.7028221e-17  -4.9515429e-18  6.2079680e-17  1.4590143e-19  2.1412993e-18  -1.0681085e-17  
1.0628569e-17  -7.2899891e-18  -3.0569843e-17  -1.2337882e-17  -1.5975888e-17  7.3022710e-18  -6.0681440e-18  2.3716075e-17  6.7788047e-18  -2.8994467e-18  -3.3436626e-18  1.0628569e-17  -7.2899891e-18  -3.0569843e-17  -1.2337882e-17  -1.5975888e-17  7.3022710e-18  -6.0681440e-18  2.3716075e-17  6.7788047e-18  -2.8994467e-18  -3.3436626e-18  
-2.2007610e-17  -1.9523262e-17  6.3989104e-18  -4.4062654e-18  -9.2453646e-19  -9.5414026e-18  2.4765930e-16  5.3788710e-18  1.4873899e-18  4.0162067e-18  -9.4237709e-19  -2.2007610e-17  -1.9523262e-17  6.3989104e-18  -4.4062654e-18  -9.2453646e-19  -9.5414026e-18  2.4765930e-16  5.3788710e-18  1.4873899e-18  4.0162067e-18  -9.4237709e-19  
-2.4536427e-18  -1.2336188e-17  -4.2224592e-19  -1.8811755e-17  9.0115835e-18  -1.0757318e-18  2.5015424e-17  6.7923996e-17  -3.5559714e-17  -3.2017845e-19  1.4823077e-18  -2.4536427e-18  -1.2336188e-17  -4.2224592e-19  -1.8811755e-17  9.0115835e-18  -1.0757318e-18  2.5015424e-17  6.7923996e-17  -3.5559714e-17  -3.2017845e-19  1.4823077e-18  
3.4193026e-17  -5.7877761e-18  3.3017344e-18  6.5729757e-19  1.5248711e-17  -1.0554878e-17  -2.4829077e-17  9.2902574e-17  5.0081670e-17  2.2827538e-19  2.8104553e-17  3.4193026e-17  -5.7877761e-18  3.3017344e-18  6.5729757e-19  1.5248711e-17  -1.0554878e-17  -2.4829077e-17  9.2902574e-17  5.0081670e-17  2.2827538e-19  2.8104553e-17  
2.0900538e-18  -6.4814961e-18  -1.3830407e-17  4.1959471e-17  7.4219541e-17  1.0379595e-18  -1.8065360e-17  -5.4722140e-17  3.9759197e-18  2.2367176e-17  1.3718969e-17  2.0900538e-18  -6.4814961e-18  -1.3830407e-17  4.1959471e-17  7.4219541e-17  1.0379595e-18  -1.8065360e-17  -5.4722140e-17  3.9759197e-18  2.2367176e-17  1.3718969e-17  
2.1014887e-18  -1.4475793e-17  3.7036516e-17  -4.7916654e-18  1.0919949e-17  -2.4861603e-16  9.5452143e-18  -1.2151111e-17  9.1852253e-18  -7.8892649e-18  3.5050223e-18  2.1014887e-18  -1.4475793e-17  3.7036516e-17  -4.7916654e-18  1.0919949e-17  -2.4861603e-16  9.5452143e-18  -1.2151111e-17  9.1852253e-18  -7.8892649e-18  3.5050223e-18  
-2.9912969e-18  1.0041999e-17  -2.0641055e-17  1.0575630e-17  5.3702418e-18  -2.6610069e-19  -1.7411821e-18  4.7186300e-17  2.7885913e-18  -8.7377801e-17  3.6905226e-18  -2.9912969e-18  1.0041999e-17  -2.0641055e-17  1.0575630e-17  5.3702418e-18  -2.6610069e-19  -1.7411821e-18  4.7186300e-17  2.7885913e-18  -8.7377801e-17  3.6905226e-18  
1.8332334e-17  3.2864878e-19  -9.1739492e-18  -2.1806016e-17  7.2666162e-18  -4.7209911e-18  -1.5152361e-18  -7.5625219e-18  -9.8883685e-18  -1.3599114e-17  1.2686859e-17  1.8332334e-17  3.2864878e-19  -9.1739492e-18  -2.1806016e-17  7.2666162e-18  -4.7209911e-18  -1.5152361e-18  -7.5625219e-18  -9.8883685e-18  -1.3599114e-17  1.2686859e-17  
-4.0296322e-17  7.3884990e-17  4.4877394e-18  1.2143911e-17  2.1487108e-18  -6.8481026e-18  -1.4823077e-21  3.6295362e-17  -7.9737564e-19  -1.1061403e-17  -6.7956606e-17  -4.0296322e-17  7.3884990e-17  4.4877394e-18  1.2143911e-17  2.1487108e-18  -6.8481026e-18  -1.4823077e-21  3.6295362e-17  -7.9737564e-19  -1.1061403e-17  -6.7956606e-17  
-3.6732431e-17  1.5029647e-16  -1.2557899e-17  -1.4054712e-17  2.8637019e-17  -2.6922942e-18  -8.5423273e-18  -8.0574803e-18  4.5432306e-17  1.6547212e-17  6.3423710e-18  -3.6732431e-17  1.5029647e-16  -1.2557899e-17  -1.4054712e-17  2.8637019e-17  -2.6922942e-18  -8.5423273e-18  -8.0574803e-18  4.5432306e-17  1.6547212e-17  6.3423710e-18  
-3.3856330e-17  -7.0972891e-18  2.1741642e-17  1.5962336e-17  1.9662864e-17  -1.7028221e-17  -4.9515429e-18  6.2079680e-17  1.4590143e-19  2.1412993e-18  -1.0681085e-17  -3.3856330e-17  -7.0972891e-18  2.1741642e-17  1.5962336e-17  1.9662864e-17  -1.7028221e-17  -4.9515429e-18  6.2079680e-17  1.4590143e-19  2.1412993e-18  -1.0681085e-17  
1.0628569e-17  -7.2899891e-18  -3.0569843e-17  -1.2337882e-17  -1.5975888e-17  7.3022710e-18  -6.0681440e-18  2.3716075e-17  6.7788047e-18  -2.8994467e-18  -3.3436626e-18  1.0628569e-17  -7.2899891e-18  -3.0569843e-17  -1.2337882e-17  -1.5975888e-17  7.3022710e-18  -6.0681440e-18  2.3716075e-17  6.7788047e-18  -2.8994467e-18  -3.3436626e-18  
-2.2007610e-17  -1.9523262e-17  6.3989104e-18  -4.4062654e-18  -9.2453646e-19  -9.5414026e-18  2.4765930e-16  5.3788710e-18  1.4873899e-18  4.0162067e-18  -9.4237709e-19  -2.2007610e-17  -1.9523262e-17  6.3989104e-18  -4.4062654e-18  -9.2453646e-19  -9.5414026e-18  2.4765930e-16  5.3788710e-18  1.4873899e-18  4.0162067e-18  -9.4237709e-19  
