-1.0065928e-18  8.9339741e-18  5.1753713e-19  1.5341884e-18  2.2715306e-18  -1.0219717e-18  -6.1435300e-17  3.3914352e-17  5.8526059e-17  -2.1841126e-16  -4.2177159e-17  -1.0065928e-18  8.9339741e-18  5.1753713e-19  1.5341884e-18  2.2715306e-18  -1.0219717e-18  -6.1435300e-17  3.3914352e-17  5.8526059e-17  -2.1841126e-16  -4.2177159e-17  
6.3770993e-18  -2.8486777e-18  -1.4567471e-17  5.7379997e-18  -7.2461617e-18  5.9210955e-17  2.1113567e-17  1.3279804e-16  4.6289292e-17  1.0861662e-17  1.0921325e-17  6.3770993e-18  -2.8486777e-18  -1.4567471e-17  5.7379997e-18  -7.2461617e-18  5.9210955e-17  2.1113567e-17  1.3279804e-16  4.6289292e-17  1.0861662e-17  1.0921325e-17  
8.0012850e-19  -1.2514052e-18  -3.0409125e-17  -4.4608196e-19  4.8662837e-18  -2.8663939e-17  1.1846179e-17  -4.1078769e-17  -1.1656947e-17  -1.9756149e-16  9.7255899e-17  8.0012850e-19  -1.2514052e-18  -3.0409125e-17  -4.4608196e-19  4.8662837e-18  -2.8663939e-17  1.1846179e-17  -4.1078769e-17  -1.1656947e-17  -1.9756149e-16  9.7255899e-17  
1.9239824e-18  -1.0026541e-17  -8.9547264e-19  -3.0990305e-18  2.1607413e-17  -1.4791358e-17  2.9583684e-18  -2.6682597e-18  -6.6635089e-18  2.1930541e-16  1.4751862e-16  1.9239824e-18  -1.0026541e-17  -8.9547264e-19  -3.0990305e-18  2.1607413e-17  -1.4791358e-17  2.9583684e-18  -2.6682597e-18  -6.6635089e-18  2.1930541e-16  1.4751862e-16  
-1.7011598e-18  -6.7664301e-18  -1.0494526e-16  8.0530334e-19  -7.0532566e-18  2.7831914e-18  -1.0801364e-17  -5.5586537e-19  -4.2015058e-17  8.1440100e-18  -1.8426566e-17  -1.7011598e-18  -6.7664301e-18  -1.0494526e-16  8.0530334e-19  -7.0532566e-18  2.7831914e-18  -1.0801364e-17  -5.5586537e-19  -4.2015058e-17  8.1440100e-18  -1.8426566e-17  
2.0105386e-17  -1.4401539e-17  4.2318077e-17  8.7278540e-18  -4.4032743e-18  -1.4212630e-18  -9.2315474e-18  -2.9705181e-18  -2.9056539e-19  -1.5888366e-17  -3.8919046e-18  2.0105386e-17  -1.4401539e-17  4.2318077e-17  8.7278540e-18  -4.4032743e-18  -1.4212630e-18  -9.2315474e-18  -2.9705181e-18  -2.9056539e-19  -1.5888366e-17  -3.8919046e-18  
8.6143251e-17  -1.7108880e-16  -1.9765937e-17  2.2356376e-18  2.7094890e-17  -2.8198256e-19  1.1391534e-18  -3.5134927e-18  -1.4776490e-18  -1.1624680e-17  -1.3171362e-19  8.6143251e-17  -1.7108880e-16  -1.9765937e-17  2.2356376e-18  2.7094890e-17  -2.8198256e-19  1.1391534e-18  -3.5134927e-18  -1.4776490e-18  -1.1624680e-17  -1.3171362e-19  
2.3563610e-17  2.0181248e-16  -9.9318848e-18  2.8266284e-18  -2.5923443e-18  5.7355645e-18  8.9827844e-19  3.2836291e-18  -1.1900389e-17  4.0238300e-18  -9.4274767e-18  2.3563610e-17  2.0181248e-16  -9.9318848e-18  2.8266284e-18  -2.5923443e-18  5.7355645e-18  8.9827844e-19  3.2836291e-18  -1.1900389e-17  4.0238300e-18  -9.4274767e-18  
5.4860206e-17  -2.9240901e-17  1.6311313e-17  4.0365752e-18  -4.5940632e-17  1.9971846e-18  1.2112571e-19  3.6610882e-18  -2.0114915e-18  -1.3193809e-17  -1.2123159e-18  5.4860206e-17  -2.9240901e-17  1.6311313e-17  4.0365752e-18  -4.5940632e-17  1.9971846e-18  1.2112571e-19  3.6610882e-18  -2.0114915e-18  -1.3193809e-17  -1.2123159e-18  
2.0859033e-16  6.3630174e-18  7.9208168e-18  -2.6063151e-17  -2.2657814e-17  -2.5847078e-18  -5.1552543e-18  -5.9504065e-19  1.2853725e-19  5.7120726e-18  4.5249029e-18  2.0859033e-16  6.3630174e-18  7.9208168e-18  -2.6063151e-17  -2.2657814e-17  -2.5847078e-18  -5.1552543e-18  -5.9504065e-19  1.2853725e-19  5.7120726e-18  4.5249029e-18  
-1.1533201e-17  7.7218700e-18  -1.3699784e-16  1.2370599e-16  -2.8017309e-17  6.1891639e-19  4.7167030e-18  3.1640916e-18  -1.9926450e-19  -1.7157499e-17  -5.8592181e-19  -1.1533201e-17  7.7218700e-18  -1.3699784e-16  1.2370599e-16  -2.8017309e-17  6.1891639e-19  4.7167030e-18  3.1640916e-18  -1.9926450e-19  -1.7157499e-17  -5.8592181e-19  
-1.0065928e-18  8.9339741e-18  5.1753713e-19  1.5341884e-18  2.2715306e-18  -1.0219717e-18  -6.1435300e-17  3.3914352e-17  5.8526059e-17  -2.1841126e-16  -4.2177159e-17  -1.0065928e-18  8.9339741e-18  5.1753713e-19  1.5341884e-18  2.2715306e-18  -1.0219717e-18  -6.1435300e-17  3.3914352e-17  5.8526059e-17  -2.1841126e-16  -4.2177159e-17  
6.3770993e-18  -2.8486777e-18  -1.4567471e-17  5.7379997e-18  -7.2461617e-18  5.9210955e-17  2.1113567e-17  1.3279804e-16  4.6289292e-17  1.0861662e-17  1.0921325e-17  6.3770993e-18  -2.8486777e-18  -1.4567471e-17  5.7379997e-18  -7.2461617e-18  5.9210955e-17  2.1113567e-17  1.3279804e-16  4.6289292e-17  1.0861662e-17  1.0921325e-17  
8.0012850e-19  -1.2514052e-18  -3.0409125e-17  -4.4608196e-19  4.8662837e-18  -2.8663939e-17  1.1846179e-17  -4.1078769e-17  -1.1656947e-17  -1.9756149e-16  9.7255899e-17  8.0012850e-19  -1.2514052e-18  -3.0409125e-17  -4.4608196e-19  4.8662837e-18  -2.8663939e-17  1.1846179e-17  -4.1078769e-17  -1.1656947e-17  -1.9756149e-16  9.7255899e-17  
1.9239824e-18  -1.0026541e-17  -8.9547264e-19  -3.0990305e-18  2.1607413e-17  -1.4791358e-17  2.9583684e-18  -2.6682597e-18  -6.6635089e-18  2.1930541e-16  1.4751862e-16  1.9239824e-18  -1.0026541e-17  -8.9547264e-19  -3.0990305e-18  2.1607413e-17  -1.4791358e-17  2.9583684e-18  -2.6682597e-18  -6.6635089e-18  2.1930541e-16  1.4751862e-16  
-1.7011598e-18  -6.7664301e-18  -1.0494526e-16  8.0530334e-19  -7.0532566e-18  2.7831914e-18  -1.0801364e-17  -5.5586537e-19  -4.2015058e-17  8.1440100e-18  -1.8426566e-17  -1.7011598e-18  -6.7664301e-18  -1.0494526e-16  8.0530334e-19  -7.0532566e-18  2.7831914e-18  -1.0801364e-17  -5.5586537e-19  -4.2015058e-17  8.1440100e-18  -1.8426566e-17  
2.0105386e-17  -1.4401539e-17  4.2318077e-17  8.7278540e-18  -4.4032743e-18  -1.4212630e-18  -9.2315474e-18  -2.9705181e-18  -2.9056539e-19  -1.5888366e-17  -3.8919046e-18  2.0105386e-17  -1.4401539e-17  4.2318077e-17  8.7278540e-18  -4.4032743e-18  -1.4212630e-18  -9.2315474e-18  -2.9705181e-18  -2.9056539e-19  -1.5888366e-17  -3.8919046e-18  
8.6143251e-17  -1.7108880e-16  -1.9765937e-17  2.2356376e-18  2.7094890e-17  -2.8198256e-19  1.1391534e-18  -3.5134927e-18  -1.4776490e-18  -1.1624680e-17  -1.3171362e-19  8.6143251e-17  -1.7108880e-16  -1.9765937e-17  2.2356376e-18  2.7094890e-17  -2.8198256e-19  1.1391534e-18  -3.5134927e-18  -1.4776490e-18  -1.1624680e-17  -1.3171362e-19  
2.3563610e-17  2.0181248e-16  -9.9318848e-18  2.8266284e-18  -2.5923443e-18  5.7355645e-18  8.9827844e-19  3.2836291e-18  -1.1900389e-17  4.0238300e-18  -9.4274767e-18  2.3563610e-17  2.0181248e-16  -9.9318848e-18  2.8266284e-18  -2.5923443e-18  5.7355645e-18  8.9827844e-19  3.2836291e-18  -1.1900389e-17  4.0238300e-18  -9.4274767e-18  
5.4860206e-17  -2.9240901e-17  1.6311313e-17  4.0365752e-18  -4.5940632e-17  1.9971846e-18  1.2112571e-19  3.6610882e-18  -2.0114915e-18  -1.3193809e-17  -1.2123159e-18  5.4860206e-17  -2.9240901e-17  1.6311313e-17  4.0365752e-18  -4.5940632e-17  1.9971846e-18  1.2112571e-19  3.6610882e-18  -2.0114915e-18  -1.3193809e-17  -1.2123159e-18  
2.0859033e-16  6.3630174e-18  7.9208168e-18  -2.6063151e-17  -2.2657814e-17  -2.5847078e-18  -5.1552543e-18  -5.9504065e-19  1.2853725e-19  5.7120726e-18  4.5249029e-18  2.0859033e-16  6.3630174e-18  7.9208168e-18  -2.6063151e-17  -2.2657814e-17  -2.5847078e-18  -5.1552543e-18  -5.9504065e-19  1.2853725e-19  5.7120726e-18  4.5249029e-18  
-1.1533201e-17  7.7218700e-18  -1.3699784e-16  1.2370599e-16  -2.8017309e-17  6.1891639e-19  4.7167030e-18  3.1640916e-18  -1.9926450e-19  -1.7157499e-17  -5.8592181e-19  -1.1533201e-17  7.7218700e-18  -1.3699784e-16  1.2370599e-16  -2.8017309e-17  6.1891639e-19  4.7167030e-18  3.1640916e-18  -1.9926450e-19  -1.7157499e-17  -5.8592181e-19  
