0.99947046  -0.0067908996  -0.0048593698  0.0025894633  -0.0010838273  -0.0079615869  0.0032522313  0.00099317342  0.0018543506  -0.0018615276  0.00080878268  0.99947046  -0.0067908996  -0.0048593698  0.0025894633  -0.0010838273  -0.0079615869  0.0032522313  0.00099317342  0.0018543506  -0.0018615276  0.00080878268  
0.0068654800  0.99897212  -0.025351393  -0.0081417826  0.0044227682  -0.0011569675  -0.0059735403  0.00029561209  -0.019651672  -0.0039516143  0.0057590215  0.0068654800  0.99897212  -0.025351393  -0.0081417826  0.0044227682  -0.0011569675  -0.0059735403  0.00029561209  -0.019651672  -0.0039516143  0.0057590215  
-0.0053070914  -0.024383521  -0.99462286  0.084922422  -0.047530429  -0.0020550975  -0.0034435247  0.0018351224  -0.0064844419  0.0095839382  -0.0078683422  -0.0053070914  -0.024383521  -0.99462286  0.084922422  -0.047530429  -0.0020550975  -0.0034435247  0.0018351224  -0.0064844419  0.0095839382  -0.0078683422  
-0.0020429408  0.010598454  0.086351688  0.99518647  -0.025862960  0.014540980  -0.0093462991  0.0093206339  -0.0078661007  0.0074839765  -0.010025070  -0.0020429408  0.010598454  0.086351688  0.99518647  -0.025862960  0.014540980  -0.0093462991  0.0093206339  -0.0078661007  0.0074839765  -0.010025070  
0.00081350576  -0.0054521633  -0.045004198  0.030298825  0.99770313  -0.0045539275  -0.0060702337  -0.024844168  -0.0035621110  0.0088945674  -0.0010088861  0.00081350576  -0.0054521633  -0.045004198  0.030298825  0.99770313  -0.0045539275  -0.0060702337  -0.024844168  -0.0035621110  0.0088945674  -0.0010088861  
-0.0085456068  0.00095645859  0.0024588846  0.016868504  -0.0036716677  -0.94959215  0.31067293  -0.029397149  -0.0017753672  0.0046490267  0.011873062  -0.0085456068  0.00095645859  0.0024588846  0.016868504  -0.0036716677  -0.94959215  0.31067293  -0.029397149  -0.0017753672  0.0046490267  0.011873062  
-0.00052430263  0.0060617191  -0.0039686954  0.0048799945  0.0069033494  0.31117864  0.95015790  -0.0017821564  0.0022415994  0.0069496588  0.0065733700  -0.00052430263  0.0060617191  -0.0039686954  0.0048799945  0.0069033494  0.31117864  0.95015790  -0.0017821564  0.0022415994  0.0069496588  0.0065733700  
-0.0013099162  0.00034122241  -0.00036702804  -0.0077237075  0.025192463  -0.027766102  0.010724330  0.99808004  0.042510355  -0.0050553325  0.0015816585  -0.0013099162  0.00034122241  -0.00036702804  -0.0077237075  0.025192463  -0.027766102  0.010724330  0.99808004  0.042510355  -0.0050553325  0.0015816585  
-0.0015171416  0.019924866  -0.0055264241  0.0078225768  0.0012593846  -0.00094091908  -0.0029533579  -0.041825179  0.99426585  0.093323741  0.0011438574  -0.0015171416  0.019924866  -0.0055264241  0.0078225768  0.0012593846  -0.00094091908  -0.0029533579  -0.041825179  0.99426585  0.093323741  0.0011438574  
-0.0022319409  -0.0024392342  -0.0098593844  0.0096755440  0.0082632887  -0.0019433940  0.0073923888  -0.0094566873  0.093043900  -0.99507595  0.018514720  -0.0022319409  -0.0024392342  -0.0098593844  0.0096755440  0.0082632887  -0.0019433940  0.0073923888  -0.0094566873  0.093043900  -0.99507595  0.018514720  
0.00073224913  0.0060184029  0.0068066668  -0.010475910  -0.00037274046  -0.0096065325  0.010365328  0.0013317168  0.0027187769  -0.018773035  -0.99860329  0.00073224913  0.0060184029  0.0068066668  -0.010475910  -0.00037274046  -0.0096065325  0.010365328  0.0013317168  0.0027187769  -0.018773035  -0.99860329  
0.99947046  -0.0067908996  -0.0048593698  0.0025894633  -0.0010838273  -0.0079615869  0.0032522313  0.00099317342  0.0018543506  -0.0018615276  0.00080878268  0.99947046  -0.0067908996  -0.0048593698  0.0025894633  -0.0010838273  -0.0079615869  0.0032522313  0.00099317342  0.0018543506  -0.0018615276  0.00080878268  
0.0068654800  0.99897212  -0.025351393  -0.0081417826  0.0044227682  -0.0011569675  -0.0059735403  0.00029561209  -0.019651672  -0.0039516143  0.0057590215  0.0068654800  0.99897212  -0.025351393  -0.0081417826  0.0044227682  -0.0011569675  -0.0059735403  0.00029561209  -0.019651672  -0.0039516143  0.0057590215  
-0.0053070914  -0.024383521  -0.99462286  0.084922422  -0.047530429  -0.0020550975  -0.0034435247  0.0018351224  -0.0064844419  0.0095839382  -0.0078683422  -0.0053070914  -0.024383521  -0.99462286  0.084922422  -0.047530429  -0.0020550975  -0.0034435247  0.0018351224  -0.0064844419  0.0095839382  -0.0078683422  
-0.0020429408  0.010598454  0.086351688  0.99518647  -0.025862960  0.014540980  -0.0093462991  0.0093206339  -0.0078661007  0.0074839765  -0.010025070  -0.0020429408  0.010598454  0.086351688  0.99518647  -0.025862960  0.014540980  -0.0093462991  0.0093206339  -0.0078661007  0.0074839765  -0.010025070  
0.00081350576  -0.0054521633  -0.045004198  0.030298825  0.99770313  -0.0045539275  -0.0060702337  -0.024844168  -0.0035621110  0.0088945674  -0.0010088861  0.00081350576  -0.0054521633  -0.045004198  0.030298825  0.99770313  -0.0045539275  -0.0060702337  -0.024844168  -0.0035621110  0.0088945674  -0.0010088861  
-0.0085456068  0.00095645859  0.0024588846  0.016868504  -0.0036716677  -0.94959215  0.31067293  -0.029397149  -0.0017753672  0.0046490267  0.011873062  -0.0085456068  0.00095645859  0.0024588846  0.016868504  -0.0036716677  -0.94959215  0.31067293  -0.029397149  -0.0017753672  0.0046490267  0.011873062  
-0.00052430263  0.0060617191  -0.0039686954  0.0048799945  0.0069033494  0.31117864  0.95015790  -0.0017821564  0.0022415994  0.0069496588  0.0065733700  -0.00052430263  0.0060617191  -0.0039686954  0.0048799945  0.0069033494  0.31117864  0.95015790  -0.0017821564  0.0022415994  0.0069496588  0.0065733700  
-0.0013099162  0.00034122241  -0.00036702804  -0.0077237075  0.025192463  -0.027766102  0.010724330  0.99808004  0.042510355  -0.0050553325  0.0015816585  -0.0013099162  0.00034122241  -0.00036702804  -0.0077237075  0.025192463  -0.027766102  0.010724330  0.99808004  0.042510355  -0.0050553325  0.0015816585  
-0.0015171416  0.019924866  -0.0055264241  0.0078225768  0.0012593846  -0.00094091908  -0.0029533579  -0.041825179  0.99426585  0.093323741  0.0011438574  -0.0015171416  0.019924866  -0.0055264241  0.0078225768  0.0012593846  -0.00094091908  -0.0029533579  -0.041825179  0.99426585  0.093323741  0.0011438574  
-0.0022319409  -0.0024392342  -0.0098593844  0.0096755440  0.0082632887  -0.0019433940  0.0073923888  -0.0094566873  0.093043900  -0.99507595  0.018514720  -0.0022319409  -0.0024392342  -0.0098593844  0.0096755440  0.0082632887  -0.0019433940  0.0073923888  -0.0094566873  0.093043900  -0.99507595  0.018514720  
0.00073224913  0.0060184029  0.0068066668  -0.010475910  -0.00037274046  -0.0096065325  0.010365328  0.0013317168  0.0027187769  -0.018773035  -0.99860329  0.00073224913  0.0060184029  0.0068066668  -0.010475910  -0.00037274046  -0.0096065325  0.010365328  0.0013317168  0.0027187769  -0.018773035  -0.99860329  
