0.99786817  0.0024709238  0.054960522  -0.0042037136  0.0025231273  0.0095593780  0.0018317645  -0.0024622700  0.0020147218  0.00062569981  0.0013588483  0.99786817  0.0024709238  0.054960522  -0.0042037136  0.0025231273  0.0095593780  0.0018317645  -0.0024622700  0.0020147218  0.00062569981  0.0013588483  
-0.016056449  0.96663552  0.25366099  -0.020328103  -0.0023279139  0.0017671625  -0.0027573135  -0.00078916011  -0.0043982629  -0.0018824964  -0.0016079135  -0.016056449  0.96663552  0.25366099  -0.020328103  -0.0023279139  0.0017671625  -0.0027573135  -0.00078916011  -0.0043982629  -0.0018824964  -0.0016079135  
-0.052947834  -0.25392333  0.96517308  0.0034269877  -0.0069210709  -0.0035044165  0.0074083049  -0.0025150298  -0.0011182270  -0.0047266048  -0.00023821790  -0.052947834  -0.25392333  0.96517308  0.0034269877  -0.0069210709  -0.0035044165  0.0074083049  -0.0025150298  -0.0011182270  -0.0047266048  -0.00023821790  
0.0038157923  0.020588545  0.0017733132  0.99908987  -0.021814907  0.0077697937  0.0039615515  -0.0013870749  -0.0032836895  0.00096176234  0.0030333569  0.0038157923  0.020588545  0.0017733132  0.99908987  -0.021814907  0.0077697937  0.0039615515  -0.0013870749  -0.0032836895  0.00096176234  0.0030333569  
-0.0030859041  0.0010801528  0.0070589318  0.021612121  0.99921815  -0.0042390218  -0.012998381  0.00098487052  -0.0034238502  -0.00099395609  -0.0017285671  -0.0030859041  0.0010801528  0.0070589318  0.021612121  0.99921815  -0.0042390218  -0.012998381  0.00098487052  -0.0034238502  -0.00099395609  -0.0017285671  
0.0097765101  0.0030082772  -0.0028298879  0.0075088257  -0.0038477073  -0.99859290  0.037741829  -0.0072182069  0.0013675017  -0.024533414  -0.0052892955  0.0097765101  0.0030082772  -0.0028298879  0.0075088257  -0.0038477073  -0.99859290  0.037741829  -0.0072182069  0.0013675017  -0.024533414  -0.0052892955  
-0.0018395481  0.0043322250  -0.0063833164  -0.0040973695  0.013215470  0.037819864  0.99876785  0.0016451922  0.010952146  -0.0043176308  -0.0052876250  -0.0018395481  0.0043322250  -0.0063833164  -0.0040973695  0.013215470  0.037819864  0.99876785  0.0016451922  0.010952146  -0.0043176308  -0.0052876250  
-0.0026786392  0.00034373613  -0.0025874715  -0.00094868840  0.0015638960  0.0072568067  0.00025903173  -0.99395631  0.10538282  0.0053494162  -0.011146171  -0.0026786392  0.00034373613  -0.0025874715  -0.00094868840  0.0015638960  0.0072568067  0.00025903173  -0.99395631  0.10538282  0.0053494162  -0.011146171  
-0.0018056586  0.0039632357  0.0025318574  0.0035354634  0.0031803571  -9.1900183e-05  -0.011085260  0.10610916  0.99345007  0.016292983  -0.018975750  -0.0018056586  0.0039632357  0.0025318574  0.0035354634  0.0031803571  -9.1900183e-05  -0.011085260  0.10610916  0.99345007  0.016292983  -0.018975750  
0.00062735726  -0.00064337895  -0.0048391213  0.00087592807  -0.00088178225  0.024438865  -0.0056140139  -0.0032549804  0.016449156  -0.99889724  -0.018268594  0.00062735726  -0.00064337895  -0.0048391213  0.00087592807  -0.00088178225  0.024438865  -0.0056140139  -0.0032549804  0.016449156  -0.99889724  -0.018268594  
-0.0011663297  0.0011930318  0.00048164453  -0.0032928785  0.0013096063  -0.0050004796  0.0037496547  -0.010758860  0.022813760  -0.016931587  0.99165704  -0.0011663297  0.0011930318  0.00048164453  -0.0032928785  0.0013096063  -0.0050004796  0.0037496547  -0.010758860  0.022813760  -0.016931587  0.99165704  
0.99786817  0.0024709238  0.054960522  -0.0042037136  0.0025231273  0.0095593780  0.0018317645  -0.0024622700  0.0020147218  0.00062569981  0.0013588483  0.99786817  0.0024709238  0.054960522  -0.0042037136  0.0025231273  0.0095593780  0.0018317645  -0.0024622700  0.0020147218  0.00062569981  0.0013588483  
-0.016056449  0.96663552  0.25366099  -0.020328103  -0.0023279139  0.0017671625  -0.0027573135  -0.00078916011  -0.0043982629  -0.0018824964  -0.0016079135  -0.016056449  0.96663552  0.25366099  -0.020328103  -0.0023279139  0.0017671625  -0.0027573135  -0.00078916011  -0.0043982629  -0.0018824964  -0.0016079135  
-0.052947834  -0.25392333  0.96517308  0.0034269877  -0.0069210709  -0.0035044165  0.0074083049  -0.0025150298  -0.0011182270  -0.0047266048  -0.00023821790  -0.052947834  -0.25392333  0.96517308  0.0034269877  -0.0069210709  -0.0035044165  0.0074083049  -0.0025150298  -0.0011182270  -0.0047266048  -0.00023821790  
0.0038157923  0.020588545  0.0017733132  0.99908987  -0.021814907  0.0077697937  0.0039615515  -0.0013870749  -0.0032836895  0.00096176234  0.0030333569  0.0038157923  0.020588545  0.0017733132  0.99908987  -0.021814907  0.0077697937  0.0039615515  -0.0013870749  -0.0032836895  0.00096176234  0.0030333569  
-0.0030859041  0.0010801528  0.0070589318  0.021612121  0.99921815  -0.0042390218  -0.012998381  0.00098487052  -0.0034238502  -0.00099395609  -0.0017285671  -0.0030859041  0.0010801528  0.0070589318  0.021612121  0.99921815  -0.0042390218  -0.012998381  0.00098487052  -0.0034238502  -0.00099395609  -0.0017285671  
0.0097765101  0.0030082772  -0.0028298879  0.0075088257  -0.0038477073  -0.99859290  0.037741829  -0.0072182069  0.0013675017  -0.024533414  -0.0052892955  0.0097765101  0.0030082772  -0.0028298879  0.0075088257  -0.0038477073  -0.99859290  0.037741829  -0.0072182069  0.0013675017  -0.024533414  -0.0052892955  
-0.0018395481  0.0043322250  -0.0063833164  -0.0040973695  0.013215470  0.037819864  0.99876785  0.0016451922  0.010952146  -0.0043176308  -0.0052876250  -0.0018395481  0.0043322250  -0.0063833164  -0.0040973695  0.013215470  0.037819864  0.99876785  0.0016451922  0.010952146  -0.0043176308  -0.0052876250  
-0.0026786392  0.00034373613  -0.0025874715  -0.00094868840  0.0015638960  0.0072568067  0.00025903173  -0.99395631  0.10538282  0.0053494162  -0.011146171  -0.0026786392  0.00034373613  -0.0025874715  -0.00094868840  0.0015638960  0.0072568067  0.00025903173  -0.99395631  0.10538282  0.0053494162  -0.011146171  
-0.0018056586  0.0039632357  0.0025318574  0.0035354634  0.0031803571  -9.1900183e-05  -0.011085260  0.10610916  0.99345007  0.016292983  -0.018975750  -0.0018056586  0.0039632357  0.0025318574  0.0035354634  0.0031803571  -9.1900183e-05  -0.011085260  0.10610916  0.99345007  0.016292983  -0.018975750  
0.00062735726  -0.00064337895  -0.0048391213  0.00087592807  -0.00088178225  0.024438865  -0.0056140139  -0.0032549804  0.016449156  -0.99889724  -0.018268594  0.00062735726  -0.00064337895  -0.0048391213  0.00087592807  -0.00088178225  0.024438865  -0.0056140139  -0.0032549804  0.016449156  -0.99889724  -0.018268594  
-0.0011663297  0.0011930318  0.00048164453  -0.0032928785  0.0013096063  -0.0050004796  0.0037496547  -0.010758860  0.022813760  -0.016931587  0.99165704  -0.0011663297  0.0011930318  0.00048164453  -0.0032928785  0.0013096063  -0.0050004796  0.0037496547  -0.010758860  0.022813760  -0.016931587  0.99165704  
