-0.99971107  -0.0095989505  0.0011537928  0.0040424622  0.00015802661  0.00019128887  0.0010454350  0.00029761424  0.00024622638  0.00020342750  -0.0019292746  -0.99971107  -0.0095989505  0.0011537928  0.0040424622  0.00015802661  0.00019128887  0.0010454350  0.00029761424  0.00024622638  0.00020342750  -0.0019292746  
0.0096310238  -0.99913288  0.038334128  -1.3400574e-05  0.0024615909  -0.00055461236  -0.0038299567  6.8895145e-05  0.00053621736  0.00038844471  0.00018286471  0.0096310238  -0.99913288  0.038334128  -1.3400574e-05  0.0024615909  -0.00055461236  -0.0038299567  6.8895145e-05  0.00053621736  0.00038844471  0.00018286471  
-0.00078656646  -0.038276450  -0.99898836  -0.0056677345  0.014685711  0.0014497869  0.0030181639  0.00011423804  0.0017878487  0.00081970605  3.7977270e-05  -0.00078656646  -0.038276450  -0.99898836  -0.0056677345  0.014685711  0.0014497869  0.0030181639  0.00011423804  0.0017878487  0.00081970605  3.7977270e-05  
0.0040349879  -0.00024050225  -0.0057723009  0.99976550  0.00028326969  0.0020513666  -0.0022036528  0.0068290510  -0.0029496285  0.0033564975  0.00032035849  0.0040349879  -0.00024050225  -0.0057723009  0.99976550  0.00028326969  0.0020513666  -0.0022036528  0.0068290510  -0.0029496285  0.0033564975  0.00032035849  
-0.00013217198  -0.0030172607  -0.014530520  0.00017071250  -0.99973169  -0.0021433599  0.0031823490  0.0026692395  0.0012581678  -0.00071399564  0.00030497004  -0.00013217198  -0.0030172607  -0.014530520  0.00017071250  -0.99973169  -0.0021433599  0.0031823490  0.0026692395  0.0012581678  -0.00071399564  0.00030497004  
4.6051931e-05  -0.00024939922  -0.00072051478  0.0026384273  0.0027622221  -0.97784943  0.20723240  -0.023113445  0.013092520  -0.0047006326  0.0028086359  4.6051931e-05  -0.00024939922  -0.00072051478  0.0026384273  0.0027622221  -0.97784943  0.20723240  -0.023113445  0.013092520  -0.0047006326  0.0028086359  
-0.0011300655  0.0036971699  -0.0034326521  -0.0018154548  -0.0026301187  -0.20758478  -0.97804896  0.0061457877  -0.010837040  0.0043517849  0.0085518426  -0.0011300655  0.0036971699  -0.0034326521  -0.0018154548  -0.0026301187  -0.20758478  -0.97804896  0.0061457877  -0.010837040  0.0043517849  0.0085518426  
-0.00019704158  2.1559634e-05  4.5088836e-05  0.0071861749  -0.0027156618  0.022286656  -0.012145293  -0.99429805  0.10189331  -0.0030035323  -0.0023129375  -0.00019704158  2.1559634e-05  4.5088836e-05  0.0071861749  -0.0027156618  0.022286656  -0.012145293  -0.99429805  0.10189331  -0.0030035323  -0.0023129375  
0.00030445463  0.00068278772  0.0018794344  0.0022202201  0.0013615659  0.0082091202  -0.012048868  0.10227764  0.99429291  0.022396059  -0.0026699487  0.00030445463  0.00068278772  0.0018794344  0.0022202201  0.0013615659  0.0082091202  -0.012048868  0.10227764  0.99429291  0.022396059  -0.0026699487  
0.00018130066  0.00041306434  0.00084464584  -0.0033597929  -0.00076599546  -0.0038897193  0.0053608027  -0.0054164033  -0.021923536  0.99953485  -0.014242986  0.00018130066  0.00041306434  0.00084464584  -0.0033597929  -0.00076599546  -0.0038897193  0.0053608027  -0.0054164033  -0.021923536  0.99953485  -0.014242986  
0.0020019268  -0.00015606787  -7.0400475e-05  0.00034342130  -0.00031123334  -0.0045178957  -0.0077699218  0.0020749369  -0.0026344250  -0.014265254  -0.99972580  0.0020019268  -0.00015606787  -7.0400475e-05  0.00034342130  -0.00031123334  -0.0045178957  -0.0077699218  0.0020749369  -0.0026344250  -0.014265254  -0.99972580  
-0.99971107  -0.0095989505  0.0011537928  0.0040424622  0.00015802661  0.00019128887  0.0010454350  0.00029761424  0.00024622638  0.00020342750  -0.0019292746  -0.99971107  -0.0095989505  0.0011537928  0.0040424622  0.00015802661  0.00019128887  0.0010454350  0.00029761424  0.00024622638  0.00020342750  -0.0019292746  
0.0096310238  -0.99913288  0.038334128  -1.3400574e-05  0.0024615909  -0.00055461236  -0.0038299567  6.8895145e-05  0.00053621736  0.00038844471  0.00018286471  0.0096310238  -0.99913288  0.038334128  -1.3400574e-05  0.0024615909  -0.00055461236  -0.0038299567  6.8895145e-05  0.00053621736  0.00038844471  0.00018286471  
-0.00078656646  -0.038276450  -0.99898836  -0.0056677345  0.014685711  0.0014497869  0.0030181639  0.00011423804  0.0017878487  0.00081970605  3.7977270e-05  -0.00078656646  -0.038276450  -0.99898836  -0.0056677345  0.014685711  0.0014497869  0.0030181639  0.00011423804  0.0017878487  0.00081970605  3.7977270e-05  
0.0040349879  -0.00024050225  -0.0057723009  0.99976550  0.00028326969  0.0020513666  -0.0022036528  0.0068290510  -0.0029496285  0.0033564975  0.00032035849  0.0040349879  -0.00024050225  -0.0057723009  0.99976550  0.00028326969  0.0020513666  -0.0022036528  0.0068290510  -0.0029496285  0.0033564975  0.00032035849  
-0.00013217198  -0.0030172607  -0.014530520  0.00017071250  -0.99973169  -0.0021433599  0.0031823490  0.0026692395  0.0012581678  -0.00071399564  0.00030497004  -0.00013217198  -0.0030172607  -0.014530520  0.00017071250  -0.99973169  -0.0021433599  0.0031823490  0.0026692395  0.0012581678  -0.00071399564  0.00030497004  
4.6051931e-05  -0.00024939922  -0.00072051478  0.0026384273  0.0027622221  -0.97784943  0.20723240  -0.023113445  0.013092520  -0.0047006326  0.0028086359  4.6051931e-05  -0.00024939922  -0.00072051478  0.0026384273  0.0027622221  -0.97784943  0.20723240  -0.023113445  0.013092520  -0.0047006326  0.0028086359  
-0.0011300655  0.0036971699  -0.0034326521  -0.0018154548  -0.0026301187  -0.20758478  -0.97804896  0.0061457877  -0.010837040  0.0043517849  0.0085518426  -0.0011300655  0.0036971699  -0.0034326521  -0.0018154548  -0.0026301187  -0.20758478  -0.97804896  0.0061457877  -0.010837040  0.0043517849  0.0085518426  
-0.00019704158  2.1559634e-05  4.5088836e-05  0.0071861749  -0.0027156618  0.022286656  -0.012145293  -0.99429805  0.10189331  -0.0030035323  -0.0023129375  -0.00019704158  2.1559634e-05  4.5088836e-05  0.0071861749  -0.0027156618  0.022286656  -0.012145293  -0.99429805  0.10189331  -0.0030035323  -0.0023129375  
0.00030445463  0.00068278772  0.0018794344  0.0022202201  0.0013615659  0.0082091202  -0.012048868  0.10227764  0.99429291  0.022396059  -0.0026699487  0.00030445463  0.00068278772  0.0018794344  0.0022202201  0.0013615659  0.0082091202  -0.012048868  0.10227764  0.99429291  0.022396059  -0.0026699487  
0.00018130066  0.00041306434  0.00084464584  -0.0033597929  -0.00076599546  -0.0038897193  0.0053608027  -0.0054164033  -0.021923536  0.99953485  -0.014242986  0.00018130066  0.00041306434  0.00084464584  -0.0033597929  -0.00076599546  -0.0038897193  0.0053608027  -0.0054164033  -0.021923536  0.99953485  -0.014242986  
0.0020019268  -0.00015606787  -7.0400475e-05  0.00034342130  -0.00031123334  -0.0045178957  -0.0077699218  0.0020749369  -0.0026344250  -0.014265254  -0.99972580  0.0020019268  -0.00015606787  -7.0400475e-05  0.00034342130  -0.00031123334  -0.0045178957  -0.0077699218  0.0020749369  -0.0026344250  -0.014265254  -0.99972580  
