-1.1600116e-17  -2.4547015e-17  -7.6334609e-18  -1.9265764e-18  -4.4359115e-18  -2.3445872e-17  -2.5548081e-16  1.5232193e-17  -2.8248549e-19  4.3664548e-18  2.6325784e-18  -1.1600116e-17  -2.4547015e-17  -7.6334609e-18  -1.9265764e-18  -4.4359115e-18  -2.3445872e-17  -2.5548081e-16  1.5232193e-17  -2.8248549e-19  4.3664548e-18  2.6325784e-18  
4.8985609e-17  6.7906631e-18  4.4829219e-18  9.8476050e-18  -1.3107411e-17  1.7150088e-17  3.5013166e-17  3.7407198e-17  -3.9035090e-17  -1.2572510e-17  1.9745185e-17  4.8985609e-17  6.7906631e-18  4.4829219e-18  9.8476050e-18  -1.3107411e-17  1.7150088e-17  3.5013166e-17  3.7407198e-17  -3.9035090e-17  -1.2572510e-17  1.9745185e-17  
-4.1614729e-18  -2.6800122e-18  2.6572747e-18  -5.9332964e-17  -4.1812723e-17  -3.5202478e-17  6.1992224e-18  -7.3227057e-18  3.6836192e-17  4.1356384e-18  -2.1336760e-18  -4.1614729e-18  -2.6800122e-18  2.6572747e-18  -5.9332964e-17  -4.1812723e-17  -3.5202478e-17  6.1992224e-18  -7.3227057e-18  3.6836192e-17  4.1356384e-18  -2.1336760e-18  
-1.8228149e-18  5.4125405e-18  4.3921623e-17  -4.4894864e-18  -8.5334334e-18  3.2105090e-17  -3.4435066e-17  2.6864020e-17  -3.0582548e-17  1.6330795e-18  -6.2578794e-18  -1.8228149e-18  5.4125405e-18  4.3921623e-17  -4.4894864e-18  -8.5334334e-18  3.2105090e-17  -3.4435066e-17  2.6864020e-17  -3.0582548e-17  1.6330795e-18  -6.2578794e-18  
7.3137060e-18  -1.1614833e-17  -1.5734696e-17  -8.6117840e-18  -3.0931129e-18  -8.8269303e-18  -1.9076770e-18  -7.1206354e-18  -1.9729515e-18  -3.5341603e-17  -1.5782765e-17  7.3137060e-18  -1.1614833e-17  -1.5734696e-17  -8.6117840e-18  -3.0931129e-18  -8.8269303e-18  -1.9076770e-18  -7.1206354e-18  -1.9729515e-18  -3.5341603e-17  -1.5782765e-17  
4.9259201e-17  1.4390454e-17  -6.9267813e-17  -7.9467784e-17  2.0440811e-17  3.5826847e-19  -9.0320182e-19  -8.2414188e-18  -3.2467620e-17  -3.1975070e-17  4.4769926e-17  4.9259201e-17  1.4390454e-17  -6.9267813e-17  -7.9467784e-17  2.0440811e-17  3.5826847e-19  -9.0320182e-19  -8.2414188e-18  -3.2467620e-17  -3.1975070e-17  4.4769926e-17  
2.0277969e-18  7.3905742e-18  1.5429658e-17  5.0837647e-17  -8.3055286e-18  4.1435793e-18  1.3692235e-17  -1.1948162e-16  -1.1839191e-17  4.0064658e-19  6.8233163e-17  2.0277969e-18  7.3905742e-18  1.5429658e-17  5.0837647e-17  -8.3055286e-18  4.1435793e-18  1.3692235e-17  -1.1948162e-16  -1.1839191e-17  4.0064658e-19  6.8233163e-17  
-5.1654187e-18  2.9837943e-16  2.6099626e-17  -1.5989547e-17  7.3783981e-18  -1.6793487e-17  -4.7933594e-17  -2.0498594e-18  1.0448824e-16  1.0239781e-17  1.0433328e-18  -5.1654187e-18  2.9837943e-16  2.6099626e-17  -1.5989547e-17  7.3783981e-18  -1.6793487e-17  -4.7933594e-17  -2.0498594e-18  1.0448824e-16  1.0239781e-17  1.0433328e-18  
3.0408483e-18  -8.8674185e-17  -7.9906971e-19  -3.1193047e-17  -3.3392156e-17  2.0088657e-17  -2.2899536e-18  -1.0767562e-17  -6.9685930e-18  -3.9446324e-18  2.3816872e-17  3.0408483e-18  -8.8674185e-17  -7.9906971e-19  -3.1193047e-17  -3.3392156e-17  2.0088657e-17  -2.2899536e-18  -1.0767562e-17  -6.9685930e-18  -3.9446324e-18  2.3816872e-17  
2.3064707e-18  -6.3070073e-18  1.9895533e-17  -1.6449380e-18  1.0691673e-16  2.0784494e-17  -2.8100318e-18  -1.9924333e-18  -4.9284612e-18  1.2276684e-18  -1.4607083e-18  2.3064707e-18  -6.3070073e-18  1.9895533e-17  -1.6449380e-18  1.0691673e-16  2.0784494e-17  -2.8100318e-18  -1.9924333e-18  -4.9284612e-18  1.2276684e-18  -1.4607083e-18  
-1.8197656e-17  -1.6852568e-17  -4.5655076e-19  -1.4958602e-18  -2.2287766e-17  7.8145566e-17  -1.4909897e-17  9.4677108e-19  5.9465948e-18  -6.8059097e-19  1.2154923e-19  -1.8197656e-17  -1.6852568e-17  -4.5655076e-19  -1.4958602e-18  -2.2287766e-17  7.8145566e-17  -1.4909897e-17  9.4677108e-19  5.9465948e-18  -6.8059097e-19  1.2154923e-19  
-1.1600116e-17  -2.4547015e-17  -7.6334609e-18  -1.9265764e-18  -4.4359115e-18  -2.3445872e-17  -2.5548081e-16  1.5232193e-17  -2.8248549e-19  4.3664548e-18  2.6325784e-18  -1.1600116e-17  -2.4547015e-17  -7.6334609e-18  -1.9265764e-18  -4.4359115e-18  -2.3445872e-17  -2.5548081e-16  1.5232193e-17  -2.8248549e-19  4.3664548e-18  2.6325784e-18  
4.8985609e-17  6.7906631e-18  4.4829219e-18  9.8476050e-18  -1.3107411e-17  1.7150088e-17  3.5013166e-17  3.7407198e-17  -3.9035090e-17  -1.2572510e-17  1.9745185e-17  4.8985609e-17  6.7906631e-18  4.4829219e-18  9.8476050e-18  -1.3107411e-17  1.7150088e-17  3.5013166e-17  3.7407198e-17  -3.9035090e-17  -1.2572510e-17  1.9745185e-17  
-4.1614729e-18  -2.6800122e-18  2.6572747e-18  -5.9332964e-17  -4.1812723e-17  -3.5202478e-17  6.1992224e-18  -7.3227057e-18  3.6836192e-17  4.1356384e-18  -2.1336760e-18  -4.1614729e-18  -2.6800122e-18  2.6572747e-18  -5.9332964e-17  -4.1812723e-17  -3.5202478e-17  6.1992224e-18  -7.3227057e-18  3.6836192e-17  4.1356384e-18  -2.1336760e-18  
-1.8228149e-18  5.4125405e-18  4.3921623e-17  -4.4894864e-18  -8.5334334e-18  3.2105090e-17  -3.4435066e-17  2.6864020e-17  -3.0582548e-17  1.6330795e-18  -6.2578794e-18  -1.8228149e-18  5.4125405e-18  4.3921623e-17  -4.4894864e-18  -8.5334334e-18  3.2105090e-17  -3.4435066e-17  2.6864020e-17  -3.0582548e-17  1.6330795e-18  -6.2578794e-18  
7.3137060e-18  -1.1614833e-17  -1.5734696e-17  -8.6117840e-18  -3.0931129e-18  -8.8269303e-18  -1.9076770e-18  -7.1206354e-18  -1.9729515e-18  -3.5341603e-17  -1.5782765e-17  7.3137060e-18  -1.1614833e-17  -1.5734696e-17  -8.6117840e-18  -3.0931129e-18  -8.8269303e-18  -1.9076770e-18  -7.1206354e-18  -1.9729515e-18  -3.5341603e-17  -1.5782765e-17  
4.9259201e-17  1.4390454e-17  -6.9267813e-17  -7.9467784e-17  2.0440811e-17  3.5826847e-19  -9.0320182e-19  -8.2414188e-18  -3.2467620e-17  -3.1975070e-17  4.4769926e-17  4.9259201e-17  1.4390454e-17  -6.9267813e-17  -7.9467784e-17  2.0440811e-17  3.5826847e-19  -9.0320182e-19  -8.2414188e-18  -3.2467620e-17  -3.1975070e-17  4.4769926e-17  
2.0277969e-18  7.3905742e-18  1.5429658e-17  5.0837647e-17  -8.3055286e-18  4.1435793e-18  1.3692235e-17  -1.1948162e-16  -1.1839191e-17  4.0064658e-19  6.8233163e-17  2.0277969e-18  7.3905742e-18  1.5429658e-17  5.0837647e-17  -8.3055286e-18  4.1435793e-18  1.3692235e-17  -1.1948162e-16  -1.1839191e-17  4.0064658e-19  6.8233163e-17  
-5.1654187e-18  2.9837943e-16  2.6099626e-17  -1.5989547e-17  7.3783981e-18  -1.6793487e-17  -4.7933594e-17  -2.0498594e-18  1.0448824e-16  1.0239781e-17  1.0433328e-18  -5.1654187e-18  2.9837943e-16  2.6099626e-17  -1.5989547e-17  7.3783981e-18  -1.6793487e-17  -4.7933594e-17  -2.0498594e-18  1.0448824e-16  1.0239781e-17  1.0433328e-18  
3.0408483e-18  -8.8674185e-17  -7.9906971e-19  -3.1193047e-17  -3.3392156e-17  2.0088657e-17  -2.2899536e-18  -1.0767562e-17  -6.9685930e-18  -3.9446324e-18  2.3816872e-17  3.0408483e-18  -8.8674185e-17  -7.9906971e-19  -3.1193047e-17  -3.3392156e-17  2.0088657e-17  -2.2899536e-18  -1.0767562e-17  -6.9685930e-18  -3.9446324e-18  2.3816872e-17  
2.3064707e-18  -6.3070073e-18  1.9895533e-17  -1.6449380e-18  1.0691673e-16  2.0784494e-17  -2.8100318e-18  -1.9924333e-18  -4.9284612e-18  1.2276684e-18  -1.4607083e-18  2.3064707e-18  -6.3070073e-18  1.9895533e-17  -1.6449380e-18  1.0691673e-16  2.0784494e-17  -2.8100318e-18  -1.9924333e-18  -4.9284612e-18  1.2276684e-18  -1.4607083e-18  
-1.8197656e-17  -1.6852568e-17  -4.5655076e-19  -1.4958602e-18  -2.2287766e-17  7.8145566e-17  -1.4909897e-17  9.4677108e-19  5.9465948e-18  -6.8059097e-19  1.2154923e-19  -1.8197656e-17  -1.6852568e-17  -4.5655076e-19  -1.4958602e-18  -2.2287766e-17  7.8145566e-17  -1.4909897e-17  9.4677108e-19  5.9465948e-18  -6.8059097e-19  1.2154923e-19  
