-3.6589706e-18  4.1508003e-17  -3.3039579e-17  -4.5735544e-18  4.5519551e-18  2.4660517e-17  -7.4090184e-17  -1.6225213e-16  -1.0915957e-16  -5.0940561e-18  1.6791581e-17  -3.6589706e-18  4.1508003e-17  -3.3039579e-17  -4.5735544e-18  4.5519551e-18  2.4660517e-17  -7.4090184e-17  -1.6225213e-16  -1.0915957e-16  -5.0940561e-18  1.6791581e-17  
2.8267184e-17  2.6025087e-18  1.6449380e-18  1.1135095e-17  -2.7921594e-17  2.1605269e-17  -7.2657639e-17  4.8808580e-17  -6.6257246e-17  1.1421816e-17  3.7984345e-17  2.8267184e-17  2.6025087e-18  1.6449380e-18  1.1135095e-17  -2.7921594e-17  2.1605269e-17  -7.2657639e-17  4.8808580e-17  -6.6257246e-17  1.1421816e-17  3.7984345e-17  
4.2206805e-17  6.2875256e-18  4.3971598e-19  9.8981517e-17  -2.6417264e-17  -5.9262660e-18  8.7010189e-17  -7.5850106e-17  -2.8899044e-17  7.4471137e-18  3.9865606e-17  4.2206805e-17  6.2875256e-18  4.3971598e-19  9.8981517e-17  -2.6417264e-17  -5.9262660e-18  8.7010189e-17  -7.5850106e-17  -2.8899044e-17  7.4471137e-18  3.9865606e-17  
3.1535037e-18  1.0421046e-17  2.5189701e-17  -8.5406332e-18  -2.2642038e-17  -4.6732502e-17  2.5694744e-18  -4.7433845e-20  2.4092846e-17  -1.5141561e-17  -2.1136013e-17  3.1535037e-18  1.0421046e-17  2.5189701e-17  -8.5406332e-18  -2.2642038e-17  -4.6732502e-17  2.5694744e-18  -4.7433845e-20  2.4092846e-17  -1.5141561e-17  -2.1136013e-17  
5.0173997e-18  -9.0293712e-19  -3.1128461e-17  -7.5489694e-18  -4.7439139e-19  2.8813943e-17  -7.9195463e-18  -9.3784282e-18  4.8782983e-17  1.1306196e-17  5.8851849e-18  5.0173997e-18  -9.0293712e-19  -3.1128461e-17  -7.5489694e-18  -4.7439139e-19  2.8813943e-17  -7.9195463e-18  -9.3784282e-18  4.8782983e-17  1.1306196e-17  5.8851849e-18  
-2.0657016e-17  1.4524921e-17  8.7822494e-18  -1.2744034e-17  1.1352783e-17  -8.6050607e-18  3.3629326e-18  -5.5412895e-18  -1.5482703e-18  1.7760587e-17  -4.8551929e-18  -2.0657016e-17  1.4524921e-17  8.7822494e-18  -1.2744034e-17  1.1352783e-17  -8.6050607e-18  3.3629326e-18  -5.5412895e-18  -1.5482703e-18  1.7760587e-17  -4.8551929e-18  
-5.9464572e-17  -3.6476627e-17  6.3932988e-18  3.9835960e-18  2.3446084e-17  1.0617558e-18  6.7812399e-18  -7.2351437e-18  -6.8728253e-18  -7.8748653e-18  1.1744789e-16  -5.9464572e-17  -3.6476627e-17  6.3932988e-18  3.9835960e-18  2.3446084e-17  1.0617558e-18  6.7812399e-18  -7.2351437e-18  -6.8728253e-18  -7.8748653e-18  1.1744789e-16  
1.1241144e-16  9.9886360e-17  1.0738472e-17  -4.2071279e-17  -1.7039444e-17  -8.3936730e-18  -2.8290689e-17  7.7503515e-19  4.9692776e-18  8.9277273e-18  9.1695552e-18  1.1241144e-16  9.9886360e-17  1.0738472e-17  -4.2071279e-17  -1.7039444e-17  -8.3936730e-18  -2.8290689e-17  7.7503515e-19  4.9692776e-18  8.9277273e-18  9.1695552e-18  
-6.9549081e-17  -1.8292047e-17  -3.9010870e-17  -1.3338201e-17  -4.0898033e-17  -4.1072098e-18  -4.3827735e-18  4.0908912e-18  1.2307455e-18  5.5417660e-18  4.3304559e-20  -6.9549081e-17  -1.8292047e-17  -3.9010870e-17  -1.3338201e-17  -4.0898033e-17  -4.1072098e-18  -4.3827735e-18  4.0908912e-18  1.2307455e-18  5.5417660e-18  4.3304559e-20  
1.9363173e-18  1.0354131e-17  -1.2248096e-18  -1.3876094e-17  -2.7017810e-17  3.5471622e-17  2.0718426e-18  1.1580634e-17  -9.1968720e-18  9.0076660e-19  -2.4890063e-18  1.9363173e-18  1.0354131e-17  -1.2248096e-18  -1.3876094e-17  -2.7017810e-17  3.5471622e-17  2.0718426e-18  1.1580634e-17  -9.1968720e-18  9.0076660e-19  -2.4890063e-18  
1.7128700e-17  -7.8215022e-18  5.1159096e-17  -1.9680811e-17  4.0403472e-18  -1.8473789e-18  -2.2902839e-16  -2.7426927e-17  1.4254717e-17  4.1718490e-18  4.0276417e-19  1.7128700e-17  -7.8215022e-18  5.1159096e-17  -1.9680811e-17  4.0403472e-18  -1.8473789e-18  -2.2902839e-16  -2.7426927e-17  1.4254717e-17  4.1718490e-18  4.0276417e-19  
-3.6589706e-18  4.1508003e-17  -3.3039579e-17  -4.5735544e-18  4.5519551e-18  2.4660517e-17  -7.4090184e-17  -1.6225213e-16  -1.0915957e-16  -5.0940561e-18  1.6791581e-17  -3.6589706e-18  4.1508003e-17  -3.3039579e-17  -4.5735544e-18  4.5519551e-18  2.4660517e-17  -7.4090184e-17  -1.6225213e-16  -1.0915957e-16  -5.0940561e-18  1.6791581e-17  
2.8267184e-17  2.6025087e-18  1.6449380e-18  1.1135095e-17  -2.7921594e-17  2.1605269e-17  -7.2657639e-17  4.8808580e-17  -6.6257246e-17  1.1421816e-17  3.7984345e-17  2.8267184e-17  2.6025087e-18  1.6449380e-18  1.1135095e-17  -2.7921594e-17  2.1605269e-17  -7.2657639e-17  4.8808580e-17  -6.6257246e-17  1.1421816e-17  3.7984345e-17  
4.2206805e-17  6.2875256e-18  4.3971598e-19  9.8981517e-17  -2.6417264e-17  -5.9262660e-18  8.7010189e-17  -7.5850106e-17  -2.8899044e-17  7.4471137e-18  3.9865606e-17  4.2206805e-17  6.2875256e-18  4.3971598e-19  9.8981517e-17  -2.6417264e-17  -5.9262660e-18  8.7010189e-17  -7.5850106e-17  -2.8899044e-17  7.4471137e-18  3.9865606e-17  
3.1535037e-18  1.0421046e-17  2.5189701e-17  -8.5406332e-18  -2.2642038e-17  -4.6732502e-17  2.5694744e-18  -4.7433845e-20  2.4092846e-17  -1.5141561e-17  -2.1136013e-17  3.1535037e-18  1.0421046e-17  2.5189701e-17  -8.5406332e-18  -2.2642038e-17  -4.6732502e-17  2.5694744e-18  -4.7433845e-20  2.4092846e-17  -1.5141561e-17  -2.1136013e-17  
5.0173997e-18  -9.0293712e-19  -3.1128461e-17  -7.5489694e-18  -4.7439139e-19  2.8813943e-17  -7.9195463e-18  -9.3784282e-18  4.8782983e-17  1.1306196e-17  5.8851849e-18  5.0173997e-18  -9.0293712e-19  -3.1128461e-17  -7.5489694e-18  -4.7439139e-19  2.8813943e-17  -7.9195463e-18  -9.3784282e-18  4.8782983e-17  1.1306196e-17  5.8851849e-18  
-2.0657016e-17  1.4524921e-17  8.7822494e-18  -1.2744034e-17  1.1352783e-17  -8.6050607e-18  3.3629326e-18  -5.5412895e-18  -1.5482703e-18  1.7760587e-17  -4.8551929e-18  -2.0657016e-17  1.4524921e-17  8.7822494e-18  -1.2744034e-17  1.1352783e-17  -8.6050607e-18  3.3629326e-18  -5.5412895e-18  -1.5482703e-18  1.7760587e-17  -4.8551929e-18  
-5.9464572e-17  -3.6476627e-17  6.3932988e-18  3.9835960e-18  2.3446084e-17  1.0617558e-18  6.7812399e-18  -7.2351437e-18  -6.8728253e-18  -7.8748653e-18  1.1744789e-16  -5.9464572e-17  -3.6476627e-17  6.3932988e-18  3.9835960e-18  2.3446084e-17  1.0617558e-18  6.7812399e-18  -7.2351437e-18  -6.8728253e-18  -7.8748653e-18  1.1744789e-16  
1.1241144e-16  9.9886360e-17  1.0738472e-17  -4.2071279e-17  -1.7039444e-17  -8.3936730e-18  -2.8290689e-17  7.7503515e-19  4.9692776e-18  8.9277273e-18  9.1695552e-18  1.1241144e-16  9.9886360e-17  1.0738472e-17  -4.2071279e-17  -1.7039444e-17  -8.3936730e-18  -2.8290689e-17  7.7503515e-19  4.9692776e-18  8.9277273e-18  9.1695552e-18  
-6.9549081e-17  -1.8292047e-17  -3.9010870e-17  -1.3338201e-17  -4.0898033e-17  -4.1072098e-18  -4.3827735e-18  4.0908912e-18  1.2307455e-18  5.5417660e-18  4.3304559e-20  -6.9549081e-17  -1.8292047e-17  -3.9010870e-17  -1.3338201e-17  -4.0898033e-17  -4.1072098e-18  -4.3827735e-18  4.0908912e-18  1.2307455e-18  5.5417660e-18  4.3304559e-20  
1.9363173e-18  1.0354131e-17  -1.2248096e-18  -1.3876094e-17  -2.7017810e-17  3.5471622e-17  2.0718426e-18  1.1580634e-17  -9.1968720e-18  9.0076660e-19  -2.4890063e-18  1.9363173e-18  1.0354131e-17  -1.2248096e-18  -1.3876094e-17  -2.7017810e-17  3.5471622e-17  2.0718426e-18  1.1580634e-17  -9.1968720e-18  9.0076660e-19  -2.4890063e-18  
1.7128700e-17  -7.8215022e-18  5.1159096e-17  -1.9680811e-17  4.0403472e-18  -1.8473789e-18  -2.2902839e-16  -2.7426927e-17  1.4254717e-17  4.1718490e-18  4.0276417e-19  1.7128700e-17  -7.8215022e-18  5.1159096e-17  -1.9680811e-17  4.0403472e-18  -1.8473789e-18  -2.2902839e-16  -2.7426927e-17  1.4254717e-17  4.1718490e-18  4.0276417e-19  
