0.99968123  0.012946129  -0.0017372331  0.0038877124  -0.00013350324  -0.00026379278  -0.0012235329  -0.00041454896  0.00020900418  0.00033506732  0.0019129055  0.99968123  0.012946129  -0.0017372331  0.0038877124  -0.00013350324  -0.00026379278  -0.0012235329  -0.00041454896  0.00020900418  0.00033506732  0.0019129055  
0.012958761  -0.99943096  0.027887941  0.00069924878  0.0021115392  0.00021254631  -0.0043138751  6.0026981e-06  -0.00060191789  -0.00042400735  0.00035468171  0.012958761  -0.99943096  0.027887941  0.00069924878  0.0021115392  0.00021254631  -0.0043138751  6.0026981e-06  -0.00060191789  -0.00042400735  0.00035468171  
-0.0014013106  -0.027868237  -0.99933665  0.010804852  0.013407357  0.0011111239  0.0033021167  -0.00012689908  -0.0016083447  -0.00076842074  -6.2594833e-05  -0.0014013106  -0.027868237  -0.99933665  0.010804852  0.013407357  0.0011111239  0.0033021167  -0.00012689908  -0.0016083447  -0.00076842074  -6.2594833e-05  
-0.0038816012  0.00099222102  0.010848607  0.99974774  -0.00064859326  -0.0018136205  0.0014842608  -0.0068127248  -0.0021503678  0.0036174289  -0.00032664912  -0.0038816012  0.00099222102  0.010848607  0.99974774  -0.00064859326  -0.0018136205  0.0014842608  -0.0068127248  -0.0021503678  0.0036174289  -0.00032664912  
0.00011120223  0.0024914054  0.013340777  0.00049573310  0.99974955  0.0036339954  -0.0031132653  -0.0024297387  0.0012824818  -0.0011696418  -0.00034019474  0.00011120223  0.0024914054  0.013340777  0.00049573310  0.99974955  0.0036339954  -0.0031132653  -0.0024297387  0.0012824818  -0.0011696418  -0.00034019474  
0.00012859866  0.00060510152  0.00071873129  0.0021274747  -0.0039089319  0.99514167  -0.093433425  0.026175645  0.010178688  -0.0059362571  -0.0024740312  0.00012859866  0.00060510152  0.00071873129  0.0021274747  -0.0039089319  0.99514167  -0.093433425  0.026175645  0.010178688  -0.0059362571  -0.0024740312  
-0.0013290964  0.0041410476  -0.0035335618  0.0013946564  -0.0027230192  -0.093707620  -0.99543919  0.0050922575  0.0094581460  -0.0041042323  0.010108565  -0.0013290964  0.0041410476  -0.0035335618  0.0013946564  -0.0027230192  -0.093707620  -0.99543919  0.0050922575  0.0094581460  -0.0041042323  0.010108565  
0.00031960121  -7.1262277e-05  -0.00018461339  0.0070171731  0.0025501131  -0.026130453  0.0082454528  0.99709560  0.068966319  -0.00063312967  0.0023041976  0.00031960121  -7.1262277e-05  -0.00018461339  0.0070171731  0.0025501131  -0.026130453  0.0082454528  0.99709560  0.068966319  -0.00063312967  0.0023041976  
-0.00026090711  -0.00071190669  -0.0016630740  0.0016324480  -0.0012870957  -0.0072927149  0.0097371256  -0.069307089  0.99711524  0.024981905  0.0024240175  -0.00026090711  -0.00071190669  -0.0016630740  0.0016324480  -0.0012870957  -0.0072927149  0.0097371256  -0.069307089  0.99711524  0.024981905  0.0024240175  
-0.00031203036  -0.00043074657  -0.00079806296  -0.0036386108  0.0012098035  0.0057451803  -0.0047301171  0.0025479199  -0.024825705  0.99946018  0.015330042  -0.00031203036  -0.00043074657  -0.00079806296  -0.0036386108  0.0012098035  0.0057451803  -0.0047301171  0.0025479199  -0.024825705  0.99946018  0.015330042  
0.0019918656  -0.00031802810  2.4079372e-05  -0.00035609273  -0.00034284717  -0.0033826483  -0.0098240220  0.0021388597  0.0022643213  0.015362196  -0.99969832  0.0019918656  -0.00031802810  2.4079372e-05  -0.00035609273  -0.00034284717  -0.0033826483  -0.0098240220  0.0021388597  0.0022643213  0.015362196  -0.99969832  
0.99968123  0.012946129  -0.0017372331  0.0038877124  -0.00013350324  -0.00026379278  -0.0012235329  -0.00041454896  0.00020900418  0.00033506732  0.0019129055  0.99968123  0.012946129  -0.0017372331  0.0038877124  -0.00013350324  -0.00026379278  -0.0012235329  -0.00041454896  0.00020900418  0.00033506732  0.0019129055  
0.012958761  -0.99943096  0.027887941  0.00069924878  0.0021115392  0.00021254631  -0.0043138751  6.0026981e-06  -0.00060191789  -0.00042400735  0.00035468171  0.012958761  -0.99943096  0.027887941  0.00069924878  0.0021115392  0.00021254631  -0.0043138751  6.0026981e-06  -0.00060191789  -0.00042400735  0.00035468171  
-0.0014013106  -0.027868237  -0.99933665  0.010804852  0.013407357  0.0011111239  0.0033021167  -0.00012689908  -0.0016083447  -0.00076842074  -6.2594833e-05  -0.0014013106  -0.027868237  -0.99933665  0.010804852  0.013407357  0.0011111239  0.0033021167  -0.00012689908  -0.0016083447  -0.00076842074  -6.2594833e-05  
-0.0038816012  0.00099222102  0.010848607  0.99974774  -0.00064859326  -0.0018136205  0.0014842608  -0.0068127248  -0.0021503678  0.0036174289  -0.00032664912  -0.0038816012  0.00099222102  0.010848607  0.99974774  -0.00064859326  -0.0018136205  0.0014842608  -0.0068127248  -0.0021503678  0.0036174289  -0.00032664912  
0.00011120223  0.0024914054  0.013340777  0.00049573310  0.99974955  0.0036339954  -0.0031132653  -0.0024297387  0.0012824818  -0.0011696418  -0.00034019474  0.00011120223  0.0024914054  0.013340777  0.00049573310  0.99974955  0.0036339954  -0.0031132653  -0.0024297387  0.0012824818  -0.0011696418  -0.00034019474  
0.00012859866  0.00060510152  0.00071873129  0.0021274747  -0.0039089319  0.99514167  -0.093433425  0.026175645  0.010178688  -0.0059362571  -0.0024740312  0.00012859866  0.00060510152  0.00071873129  0.0021274747  -0.0039089319  0.99514167  -0.093433425  0.026175645  0.010178688  -0.0059362571  -0.0024740312  
-0.0013290964  0.0041410476  -0.0035335618  0.0013946564  -0.0027230192  -0.093707620  -0.99543919  0.0050922575  0.0094581460  -0.0041042323  0.010108565  -0.0013290964  0.0041410476  -0.0035335618  0.0013946564  -0.0027230192  -0.093707620  -0.99543919  0.0050922575  0.0094581460  -0.0041042323  0.010108565  
0.00031960121  -7.1262277e-05  -0.00018461339  0.0070171731  0.0025501131  -0.026130453  0.0082454528  0.99709560  0.068966319  -0.00063312967  0.0023041976  0.00031960121  -7.1262277e-05  -0.00018461339  0.0070171731  0.0025501131  -0.026130453  0.0082454528  0.99709560  0.068966319  -0.00063312967  0.0023041976  
-0.00026090711  -0.00071190669  -0.0016630740  0.0016324480  -0.0012870957  -0.0072927149  0.0097371256  -0.069307089  0.99711524  0.024981905  0.0024240175  -0.00026090711  -0.00071190669  -0.0016630740  0.0016324480  -0.0012870957  -0.0072927149  0.0097371256  -0.069307089  0.99711524  0.024981905  0.0024240175  
-0.00031203036  -0.00043074657  -0.00079806296  -0.0036386108  0.0012098035  0.0057451803  -0.0047301171  0.0025479199  -0.024825705  0.99946018  0.015330042  -0.00031203036  -0.00043074657  -0.00079806296  -0.0036386108  0.0012098035  0.0057451803  -0.0047301171  0.0025479199  -0.024825705  0.99946018  0.015330042  
0.0019918656  -0.00031802810  2.4079372e-05  -0.00035609273  -0.00034284717  -0.0033826483  -0.0098240220  0.0021388597  0.0022643213  0.015362196  -0.99969832  0.0019918656  -0.00031802810  2.4079372e-05  -0.00035609273  -0.00034284717  -0.0033826483  -0.0098240220  0.0021388597  0.0022643213  0.015362196  -0.99969832  
