-2.4328904e-18  -9.0022662e-18  -1.7389586e-18  -5.2219581e-18  1.5407529e-18  -1.4676540e-17  6.4117006e-17  -1.2112571e-17  2.2948664e-17  -1.0830079e-16  -1.4547367e-16  -2.4328904e-18  -9.0022662e-18  -1.7389586e-18  -5.2219581e-18  1.5407529e-18  -1.4676540e-17  6.4117006e-17  -1.2112571e-17  2.2948664e-17  -1.0830079e-16  -1.4547367e-16  
2.7528571e-17  4.8188234e-19  3.7061927e-18  -1.7523418e-17  -1.8036296e-17  1.0270063e-17  1.1801287e-16  1.8414073e-16  -1.5187301e-17  4.7676176e-18  -7.9864090e-18  2.7528571e-17  4.8188234e-19  3.7061927e-18  -1.7523418e-17  -1.8036296e-17  1.0270063e-17  1.1801287e-16  1.8414073e-16  -1.5187301e-17  4.7676176e-18  -7.9864090e-18  
-1.3821884e-17  8.0897999e-18  5.8821144e-19  7.8447956e-18  4.5049024e-17  1.1993987e-18  -7.8710537e-18  -7.0803484e-18  -1.7278413e-17  -6.8348677e-17  -6.0077612e-17  -1.3821884e-17  8.0897999e-18  5.8821144e-19  7.8447956e-18  4.5049024e-17  1.1993987e-18  -7.8710537e-18  -7.0803484e-18  -1.7278413e-17  -6.8348677e-17  -6.0077612e-17  
-1.3264536e-18  6.0158397e-18  -1.1022016e-17  -1.0979135e-18  -3.9086335e-18  6.2996170e-17  -3.6467945e-18  2.7071597e-17  -2.8172104e-17  8.5268054e-17  -2.1746650e-16  -1.3264536e-18  6.0158397e-18  -1.1022016e-17  -1.0979135e-18  -3.9086335e-18  6.2996170e-17  -3.6467945e-18  2.7071597e-17  -2.8172104e-17  8.5268054e-17  -2.1746650e-16  
1.4018395e-18  -1.9776102e-18  4.1998223e-17  -1.3206091e-17  7.1871804e-18  -3.9254048e-17  -9.2885633e-18  -1.2595380e-17  1.0430268e-16  5.0623242e-17  -1.3834123e-16  1.4018395e-18  -1.9776102e-18  4.1998223e-17  -1.3206091e-17  7.1871804e-18  -3.9254048e-17  -9.2885633e-18  -1.2595380e-17  1.0430268e-16  5.0623242e-17  -1.3834123e-16  
3.2712412e-18  -3.3464154e-18  6.6109863e-18  -7.7434852e-17  -6.0319757e-17  -1.1592175e-18  1.2722011e-17  -2.6997058e-18  8.1332104e-18  3.5887198e-18  1.0477162e-17  3.2712412e-18  -3.3464154e-18  6.6109863e-18  -7.7434852e-17  -6.0319757e-17  -1.1592175e-18  1.2722011e-17  -2.6997058e-18  8.1332104e-18  3.5887198e-18  1.0477162e-17  
-7.4809950e-17  4.5292546e-17  -1.3978161e-18  1.8841189e-18  -7.1963919e-18  3.0392177e-17  -2.2252614e-18  -3.7396505e-18  -1.1690749e-17  -1.6150907e-17  -4.4168110e-17  -7.4809950e-17  4.5292546e-17  -1.3978161e-18  1.8841189e-18  -7.1963919e-18  3.0392177e-17  -2.2252614e-18  -3.7396505e-18  -1.1690749e-17  -1.6150907e-17  -4.4168110e-17  
-1.0342272e-17  3.7015340e-18  5.7444927e-17  5.6293810e-18  -1.8499200e-18  5.5685005e-18  3.9387032e-19  1.3387356e-18  -4.4105006e-18  -3.5986195e-18  -9.2123303e-18  -1.0342272e-17  3.7015340e-18  5.7444927e-17  5.6293810e-18  -1.8499200e-18  5.5685005e-18  3.9387032e-19  1.3387356e-18  -4.4105006e-18  -3.5986195e-18  -9.2123303e-18  
-1.0172866e-18  -1.0269851e-17  1.4323115e-17  1.1648609e-17  3.8917141e-17  2.5091233e-18  3.2598063e-18  1.9710457e-18  -2.2441079e-19  4.4094682e-18  6.6445500e-18  -1.0172866e-18  -1.0269851e-17  1.4323115e-17  1.1648609e-17  3.8917141e-17  2.5091233e-18  3.2598063e-18  1.9710457e-18  -2.2441079e-19  4.4094682e-18  6.6445500e-18  
-2.2798104e-16  5.0654555e-19  1.2880219e-16  -8.3457521e-17  -8.4275067e-17  -1.0100391e-17  -4.2024799e-17  3.5956549e-18  -7.0563138e-18  1.2778021e-18  -1.0169425e-18  -2.2798104e-16  5.0654555e-19  1.2880219e-16  -8.3457521e-17  -8.4275067e-17  -1.0100391e-17  -4.2024799e-17  3.5956549e-18  -7.0563138e-18  1.2778021e-18  -1.0169425e-18  
5.9292306e-21  -4.0355826e-19  7.7430670e-17  2.2958839e-16  -1.0810322e-16  -1.0385471e-17  2.9526510e-17  9.4444174e-19  -2.1904272e-18  -4.6466110e-18  1.1456121e-19  5.9292306e-21  -4.0355826e-19  7.7430670e-17  2.2958839e-16  -1.0810322e-16  -1.0385471e-17  2.9526510e-17  9.4444174e-19  -2.1904272e-18  -4.6466110e-18  1.1456121e-19  
-2.4328904e-18  -9.0022662e-18  -1.7389586e-18  -5.2219581e-18  1.5407529e-18  -1.4676540e-17  6.4117006e-17  -1.2112571e-17  2.2948664e-17  -1.0830079e-16  -1.4547367e-16  -2.4328904e-18  -9.0022662e-18  -1.7389586e-18  -5.2219581e-18  1.5407529e-18  -1.4676540e-17  6.4117006e-17  -1.2112571e-17  2.2948664e-17  -1.0830079e-16  -1.4547367e-16  
2.7528571e-17  4.8188234e-19  3.7061927e-18  -1.7523418e-17  -1.8036296e-17  1.0270063e-17  1.1801287e-16  1.8414073e-16  -1.5187301e-17  4.7676176e-18  -7.9864090e-18  2.7528571e-17  4.8188234e-19  3.7061927e-18  -1.7523418e-17  -1.8036296e-17  1.0270063e-17  1.1801287e-16  1.8414073e-16  -1.5187301e-17  4.7676176e-18  -7.9864090e-18  
-1.3821884e-17  8.0897999e-18  5.8821144e-19  7.8447956e-18  4.5049024e-17  1.1993987e-18  -7.8710537e-18  -7.0803484e-18  -1.7278413e-17  -6.8348677e-17  -6.0077612e-17  -1.3821884e-17  8.0897999e-18  5.8821144e-19  7.8447956e-18  4.5049024e-17  1.1993987e-18  -7.8710537e-18  -7.0803484e-18  -1.7278413e-17  -6.8348677e-17  -6.0077612e-17  
-1.3264536e-18  6.0158397e-18  -1.1022016e-17  -1.0979135e-18  -3.9086335e-18  6.2996170e-17  -3.6467945e-18  2.7071597e-17  -2.8172104e-17  8.5268054e-17  -2.1746650e-16  -1.3264536e-18  6.0158397e-18  -1.1022016e-17  -1.0979135e-18  -3.9086335e-18  6.2996170e-17  -3.6467945e-18  2.7071597e-17  -2.8172104e-17  8.5268054e-17  -2.1746650e-16  
1.4018395e-18  -1.9776102e-18  4.1998223e-17  -1.3206091e-17  7.1871804e-18  -3.9254048e-17  -9.2885633e-18  -1.2595380e-17  1.0430268e-16  5.0623242e-17  -1.3834123e-16  1.4018395e-18  -1.9776102e-18  4.1998223e-17  -1.3206091e-17  7.1871804e-18  -3.9254048e-17  -9.2885633e-18  -1.2595380e-17  1.0430268e-16  5.0623242e-17  -1.3834123e-16  
3.2712412e-18  -3.3464154e-18  6.6109863e-18  -7.7434852e-17  -6.0319757e-17  -1.1592175e-18  1.2722011e-17  -2.6997058e-18  8.1332104e-18  3.5887198e-18  1.0477162e-17  3.2712412e-18  -3.3464154e-18  6.6109863e-18  -7.7434852e-17  -6.0319757e-17  -1.1592175e-18  1.2722011e-17  -2.6997058e-18  8.1332104e-18  3.5887198e-18  1.0477162e-17  
-7.4809950e-17  4.5292546e-17  -1.3978161e-18  1.8841189e-18  -7.1963919e-18  3.0392177e-17  -2.2252614e-18  -3.7396505e-18  -1.1690749e-17  -1.6150907e-17  -4.4168110e-17  -7.4809950e-17  4.5292546e-17  -1.3978161e-18  1.8841189e-18  -7.1963919e-18  3.0392177e-17  -2.2252614e-18  -3.7396505e-18  -1.1690749e-17  -1.6150907e-17  -4.4168110e-17  
-1.0342272e-17  3.7015340e-18  5.7444927e-17  5.6293810e-18  -1.8499200e-18  5.5685005e-18  3.9387032e-19  1.3387356e-18  -4.4105006e-18  -3.5986195e-18  -9.2123303e-18  -1.0342272e-17  3.7015340e-18  5.7444927e-17  5.6293810e-18  -1.8499200e-18  5.5685005e-18  3.9387032e-19  1.3387356e-18  -4.4105006e-18  -3.5986195e-18  -9.2123303e-18  
-1.0172866e-18  -1.0269851e-17  1.4323115e-17  1.1648609e-17  3.8917141e-17  2.5091233e-18  3.2598063e-18  1.9710457e-18  -2.2441079e-19  4.4094682e-18  6.6445500e-18  -1.0172866e-18  -1.0269851e-17  1.4323115e-17  1.1648609e-17  3.8917141e-17  2.5091233e-18  3.2598063e-18  1.9710457e-18  -2.2441079e-19  4.4094682e-18  6.6445500e-18  
-2.2798104e-16  5.0654555e-19  1.2880219e-16  -8.3457521e-17  -8.4275067e-17  -1.0100391e-17  -4.2024799e-17  3.5956549e-18  -7.0563138e-18  1.2778021e-18  -1.0169425e-18  -2.2798104e-16  5.0654555e-19  1.2880219e-16  -8.3457521e-17  -8.4275067e-17  -1.0100391e-17  -4.2024799e-17  3.5956549e-18  -7.0563138e-18  1.2778021e-18  -1.0169425e-18  
5.9292306e-21  -4.0355826e-19  7.7430670e-17  2.2958839e-16  -1.0810322e-16  -1.0385471e-17  2.9526510e-17  9.4444174e-19  -2.1904272e-18  -4.6466110e-18  1.1456121e-19  5.9292306e-21  -4.0355826e-19  7.7430670e-17  2.2958839e-16  -1.0810322e-16  -1.0385471e-17  2.9526510e-17  9.4444174e-19  -2.1904272e-18  -4.6466110e-18  1.1456121e-19  
