3.4593355e-19  1.6898043e-18  2.6586247e-19  -2.1513313e-19  1.5605920e-18  -3.4406611e-18  1.0890938e-17  -9.3443828e-17  -1.4821383e-16  7.2429787e-17  1.5050081e-17  3.4593355e-19  1.6898043e-18  2.6586247e-19  -2.1513313e-19  1.5605920e-18  -3.4406611e-18  1.0890938e-17  -9.3443828e-17  -1.4821383e-16  7.2429787e-17  1.5050081e-17  
4.1279621e-20  -3.9292663e-18  4.0371609e-18  3.3055643e-18  -4.0805647e-20  -3.6929805e-18  1.3530857e-17  8.6728901e-17  3.2359190e-16  1.2032378e-16  9.8341849e-19  4.1279621e-20  -3.9292663e-18  4.0371609e-18  3.3055643e-18  -4.0805647e-20  -3.6929805e-18  1.3530857e-17  8.6728901e-17  3.2359190e-16  1.2032378e-16  9.8341849e-19  
4.8947916e-19  1.4090583e-18  -6.5229412e-18  6.1772194e-20  1.1373274e-16  1.6366116e-18  -7.3626288e-17  1.5128593e-16  -7.3890919e-18  -4.9806596e-17  5.2216458e-17  4.8947916e-19  1.4090583e-18  -6.5229412e-18  6.1772194e-20  1.1373274e-16  1.6366116e-18  -7.3626288e-17  1.5128593e-16  -7.3890919e-18  -4.9806596e-17  5.2216458e-17  
1.8178584e-18  -2.6380841e-18  2.3685787e-18  1.3315358e-18  -4.0243290e-17  -2.2015115e-17  -8.2934584e-18  1.4167354e-16  2.6800122e-18  -3.2134207e-17  7.3025251e-17  1.8178584e-18  -2.6380841e-18  2.3685787e-18  1.3315358e-18  -4.0243290e-17  -2.2015115e-17  -8.2934584e-18  1.4167354e-16  2.6800122e-18  -3.2134207e-17  7.3025251e-17  
-2.3122544e-18  -3.1321541e-18  -7.7371222e-17  -1.0140465e-17  8.2289780e-18  7.0203480e-19  -2.0570605e-17  -6.5647700e-19  -2.2091678e-19  -6.9250237e-18  1.0955207e-17  -2.3122544e-18  -3.1321541e-18  -7.7371222e-17  -1.0140465e-17  8.2289780e-18  7.0203480e-19  -2.0570605e-17  -6.5647700e-19  -2.2091678e-19  -6.9250237e-18  1.0955207e-17  
-1.3931601e-17  2.9005172e-17  -2.1383446e-20  4.5477569e-17  -3.5046691e-19  -1.8266273e-19  -5.6417688e-19  -7.4197439e-18  8.5902376e-19  1.4714352e-18  4.3122249e-18  -1.3931601e-17  2.9005172e-17  -2.1383446e-20  4.5477569e-17  -3.5046691e-19  -1.8266273e-19  -5.6417688e-19  -7.4197439e-18  8.5902376e-19  1.4714352e-18  4.3122249e-18  
-3.7487931e-17  1.1770524e-17  2.1170658e-16  1.3714267e-17  1.8165548e-19  1.1635453e-19  -3.8316660e-19  5.6159608e-19  -9.0526646e-20  -5.2171936e-19  -5.4580686e-20  -3.7487931e-17  1.1770524e-17  2.1170658e-16  1.3714267e-17  1.8165548e-19  1.1635453e-19  -3.8316660e-19  5.6159608e-19  -9.0526646e-20  -5.2171936e-19  -5.4580686e-20  
1.9342421e-17  4.6271729e-17  -4.5822735e-17  -8.1739778e-17  2.0760248e-18  -1.2075778e-18  -3.7923253e-19  -2.5366519e-18  -1.4957543e-18  5.4633625e-19  -2.7536512e-19  1.9342421e-17  4.6271729e-17  -4.5822735e-17  -8.1739778e-17  2.0760248e-18  -1.2075778e-18  -3.7923253e-19  -2.5366519e-18  -1.4957543e-18  5.4633625e-19  -2.7536512e-19  
-1.8491407e-16  -3.6500820e-17  8.9847961e-18  8.4188722e-18  -1.8382733e-18  6.9633520e-18  1.2017280e-19  -1.8662253e-18  -2.4801257e-18  2.6480368e-18  5.7465892e-19  -1.8491407e-16  -3.6500820e-17  8.9847961e-18  8.4188722e-18  -1.8382733e-18  6.9633520e-18  1.2017280e-19  -1.8662253e-18  -2.4801257e-18  2.6480368e-18  5.7465892e-19  
1.2671613e-18  -4.8129683e-17  2.8652372e-17  -3.4773667e-17  3.0413777e-18  2.3556383e-18  4.3992774e-19  2.9688505e-19  6.2083809e-18  8.8901402e-19  5.0821977e-21  1.2671613e-18  -4.8129683e-17  2.8652372e-17  -3.4773667e-17  3.0413777e-18  2.3556383e-18  4.3992774e-19  2.9688505e-19  6.2083809e-18  8.8901402e-19  5.0821977e-21  
1.8012918e-16  -3.6421887e-18  2.2400972e-16  -2.7969388e-16  -1.4143597e-17  -6.1053738e-18  -8.3649797e-19  -1.9481758e-20  2.0349437e-18  7.6847064e-19  -2.4908063e-20  1.8012918e-16  -3.6421887e-18  2.2400972e-16  -2.7969388e-16  -1.4143597e-17  -6.1053738e-18  -8.3649797e-19  -1.9481758e-20  2.0349437e-18  7.6847064e-19  -2.4908063e-20  
3.4593355e-19  1.6898043e-18  2.6586247e-19  -2.1513313e-19  1.5605920e-18  -3.4406611e-18  1.0890938e-17  -9.3443828e-17  -1.4821383e-16  7.2429787e-17  1.5050081e-17  3.4593355e-19  1.6898043e-18  2.6586247e-19  -2.1513313e-19  1.5605920e-18  -3.4406611e-18  1.0890938e-17  -9.3443828e-17  -1.4821383e-16  7.2429787e-17  1.5050081e-17  
4.1279621e-20  -3.9292663e-18  4.0371609e-18  3.3055643e-18  -4.0805647e-20  -3.6929805e-18  1.3530857e-17  8.6728901e-17  3.2359190e-16  1.2032378e-16  9.8341849e-19  4.1279621e-20  -3.9292663e-18  4.0371609e-18  3.3055643e-18  -4.0805647e-20  -3.6929805e-18  1.3530857e-17  8.6728901e-17  3.2359190e-16  1.2032378e-16  9.8341849e-19  
4.8947916e-19  1.4090583e-18  -6.5229412e-18  6.1772194e-20  1.1373274e-16  1.6366116e-18  -7.3626288e-17  1.5128593e-16  -7.3890919e-18  -4.9806596e-17  5.2216458e-17  4.8947916e-19  1.4090583e-18  -6.5229412e-18  6.1772194e-20  1.1373274e-16  1.6366116e-18  -7.3626288e-17  1.5128593e-16  -7.3890919e-18  -4.9806596e-17  5.2216458e-17  
1.8178584e-18  -2.6380841e-18  2.3685787e-18  1.3315358e-18  -4.0243290e-17  -2.2015115e-17  -8.2934584e-18  1.4167354e-16  2.6800122e-18  -3.2134207e-17  7.3025251e-17  1.8178584e-18  -2.6380841e-18  2.3685787e-18  1.3315358e-18  -4.0243290e-17  -2.2015115e-17  -8.2934584e-18  1.4167354e-16  2.6800122e-18  -3.2134207e-17  7.3025251e-17  
-2.3122544e-18  -3.1321541e-18  -7.7371222e-17  -1.0140465e-17  8.2289780e-18  7.0203480e-19  -2.0570605e-17  -6.5647700e-19  -2.2091678e-19  -6.9250237e-18  1.0955207e-17  -2.3122544e-18  -3.1321541e-18  -7.7371222e-17  -1.0140465e-17  8.2289780e-18  7.0203480e-19  -2.0570605e-17  -6.5647700e-19  -2.2091678e-19  -6.9250237e-18  1.0955207e-17  
-1.3931601e-17  2.9005172e-17  -2.1383446e-20  4.5477569e-17  -3.5046691e-19  -1.8266273e-19  -5.6417688e-19  -7.4197439e-18  8.5902376e-19  1.4714352e-18  4.3122249e-18  -1.3931601e-17  2.9005172e-17  -2.1383446e-20  4.5477569e-17  -3.5046691e-19  -1.8266273e-19  -5.6417688e-19  -7.4197439e-18  8.5902376e-19  1.4714352e-18  4.3122249e-18  
-3.7487931e-17  1.1770524e-17  2.1170658e-16  1.3714267e-17  1.8165548e-19  1.1635453e-19  -3.8316660e-19  5.6159608e-19  -9.0526646e-20  -5.2171936e-19  -5.4580686e-20  -3.7487931e-17  1.1770524e-17  2.1170658e-16  1.3714267e-17  1.8165548e-19  1.1635453e-19  -3.8316660e-19  5.6159608e-19  -9.0526646e-20  -5.2171936e-19  -5.4580686e-20  
1.9342421e-17  4.6271729e-17  -4.5822735e-17  -8.1739778e-17  2.0760248e-18  -1.2075778e-18  -3.7923253e-19  -2.5366519e-18  -1.4957543e-18  5.4633625e-19  -2.7536512e-19  1.9342421e-17  4.6271729e-17  -4.5822735e-17  -8.1739778e-17  2.0760248e-18  -1.2075778e-18  -3.7923253e-19  -2.5366519e-18  -1.4957543e-18  5.4633625e-19  -2.7536512e-19  
-1.8491407e-16  -3.6500820e-17  8.9847961e-18  8.4188722e-18  -1.8382733e-18  6.9633520e-18  1.2017280e-19  -1.8662253e-18  -2.4801257e-18  2.6480368e-18  5.7465892e-19  -1.8491407e-16  -3.6500820e-17  8.9847961e-18  8.4188722e-18  -1.8382733e-18  6.9633520e-18  1.2017280e-19  -1.8662253e-18  -2.4801257e-18  2.6480368e-18  5.7465892e-19  
1.2671613e-18  -4.8129683e-17  2.8652372e-17  -3.4773667e-17  3.0413777e-18  2.3556383e-18  4.3992774e-19  2.9688505e-19  6.2083809e-18  8.8901402e-19  5.0821977e-21  1.2671613e-18  -4.8129683e-17  2.8652372e-17  -3.4773667e-17  3.0413777e-18  2.3556383e-18  4.3992774e-19  2.9688505e-19  6.2083809e-18  8.8901402e-19  5.0821977e-21  
1.8012918e-16  -3.6421887e-18  2.2400972e-16  -2.7969388e-16  -1.4143597e-17  -6.1053738e-18  -8.3649797e-19  -1.9481758e-20  2.0349437e-18  7.6847064e-19  -2.4908063e-20  1.8012918e-16  -3.6421887e-18  2.2400972e-16  -2.7969388e-16  -1.4143597e-17  -6.1053738e-18  -8.3649797e-19  -1.9481758e-20  2.0349437e-18  7.6847064e-19  -2.4908063e-20  
