5.7913760e-18  8.2111374e-18  5.8945023e-18  -1.1921142e-17  -8.1382926e-18  -5.3549423e-18  8.3983317e-17  -4.7815010e-18  -1.4290928e-17  -1.2068525e-17  7.9214521e-18  5.7913760e-18  8.2111374e-18  5.8945023e-18  -1.1921142e-17  -8.1382926e-18  -5.3549423e-18  8.3983317e-17  -4.7815010e-18  -1.4290928e-17  -1.2068525e-17  7.9214521e-18  
-2.2895301e-18  -1.2193039e-18  -5.1338667e-18  -3.2631944e-18  -2.5622747e-18  4.4468383e-17  3.8785554e-16  -1.1126625e-17  1.2074455e-18  -2.1843286e-17  1.0818051e-16  -2.2895301e-18  -1.2193039e-18  -5.1338667e-18  -3.2631944e-18  -2.5622747e-18  4.4468383e-17  3.8785554e-16  -1.1126625e-17  1.2074455e-18  -2.1843286e-17  1.0818051e-16  
-1.7359940e-18  2.9082876e-18  2.4160232e-17  -2.8498424e-17  -1.5666086e-17  -1.4172947e-16  3.6631528e-18  -1.0747260e-17  2.0489092e-17  1.9873934e-17  -6.8379911e-18  -1.7359940e-18  2.9082876e-18  2.4160232e-17  -2.8498424e-17  -1.5666086e-17  -1.4172947e-16  3.6631528e-18  -1.0747260e-17  2.0489092e-17  1.9873934e-17  -6.8379911e-18  
7.3183647e-18  -6.3667231e-18  -3.2420186e-17  3.9025984e-18  -4.6146355e-18  -2.0000989e-17  -2.1568000e-17  6.9795515e-18  -1.1331607e-17  9.5477554e-18  1.3942162e-18  7.3183647e-18  -6.3667231e-18  -3.2420186e-17  3.9025984e-18  -4.6146355e-18  -2.0000989e-17  -2.1568000e-17  6.9795515e-18  -1.1331607e-17  9.5477554e-18  1.3942162e-18  
-1.1079191e-18  2.0909008e-17  -1.6446902e-16  1.9530039e-17  -6.1007548e-18  1.4702798e-17  -6.5920339e-18  4.9578956e-17  -1.3394248e-16  4.0019766e-17  -5.5650065e-18  -1.1079191e-18  2.0909008e-17  -1.6446902e-16  1.9530039e-17  -6.1007548e-18  1.4702798e-17  -6.5920339e-18  4.9578956e-17  -1.3394248e-16  4.0019766e-17  -5.5650065e-18  
7.9917559e-18  1.2087160e-17  -7.0260959e-17  7.4335611e-17  4.4805078e-17  -1.8468759e-18  1.0035064e-17  -1.5407529e-18  -2.6062145e-17  3.3741557e-17  4.6295009e-17  7.9917559e-18  1.2087160e-17  -7.0260959e-17  7.4335611e-17  4.4805078e-17  -1.8468759e-18  1.0035064e-17  -1.5407529e-18  -2.6062145e-17  3.3741557e-17  4.6295009e-17  
5.0649182e-17  -8.3808828e-17  -1.3516211e-17  1.5513408e-17  1.0725555e-18  -1.7397527e-18  -1.3327746e-17  6.0590808e-17  2.1774676e-17  7.8884178e-18  1.4274051e-16  5.0649182e-17  -8.3808828e-17  -1.3516211e-17  1.5513408e-17  1.0725555e-18  -1.7397527e-18  -1.3327746e-17  6.0590808e-17  2.1774676e-17  7.8884178e-18  1.4274051e-16  
1.0154231e-16  -4.4783479e-17  7.8196494e-18  -5.4633625e-19  -1.0573089e-17  -1.8057684e-17  -2.8545116e-17  -1.7901988e-17  4.8415133e-17  -5.9715823e-20  -1.4014160e-18  1.0154231e-16  -4.4783479e-17  7.8196494e-18  -5.4633625e-19  -1.0573089e-17  -1.8057684e-17  -2.8545116e-17  -1.7901988e-17  4.8415133e-17  -5.9715823e-20  -1.4014160e-18  
-1.1597935e-16  -5.0885716e-17  6.7753107e-18  -4.1263210e-18  -5.6528332e-17  -1.1252939e-17  6.2724060e-17  1.0612476e-17  -1.4522856e-17  1.5719661e-17  4.6270234e-18  -1.1597935e-16  -5.0885716e-17  6.7753107e-18  -4.1263210e-18  -5.6528332e-17  -1.1252939e-17  6.2724060e-17  1.0612476e-17  -1.4522856e-17  1.5719661e-17  4.6270234e-18  
1.3256066e-17  1.0557419e-17  2.7007646e-18  -4.3401968e-18  -7.4313589e-17  -1.8026555e-17  1.2879983e-17  2.0947548e-17  3.0493186e-18  7.8107026e-19  -5.0726686e-18  1.3256066e-17  1.0557419e-17  2.7007646e-18  -4.3401968e-18  -7.4313589e-17  -1.8026555e-17  1.2879983e-17  2.0947548e-17  3.0493186e-18  7.8107026e-19  -5.0726686e-18  
-3.3359546e-17  -7.3730830e-17  9.3546319e-18  -7.1997801e-20  9.6434701e-19  -9.7408789e-20  1.4700596e-16  -1.7254485e-17  -3.6354654e-18  6.4634967e-18  3.1963318e-18  -3.3359546e-17  -7.3730830e-17  9.3546319e-18  -7.1997801e-20  9.6434701e-19  -9.7408789e-20  1.4700596e-16  -1.7254485e-17  -3.6354654e-18  6.4634967e-18  3.1963318e-18  
5.7913760e-18  8.2111374e-18  5.8945023e-18  -1.1921142e-17  -8.1382926e-18  -5.3549423e-18  8.3983317e-17  -4.7815010e-18  -1.4290928e-17  -1.2068525e-17  7.9214521e-18  5.7913760e-18  8.2111374e-18  5.8945023e-18  -1.1921142e-17  -8.1382926e-18  -5.3549423e-18  8.3983317e-17  -4.7815010e-18  -1.4290928e-17  -1.2068525e-17  7.9214521e-18  
-2.2895301e-18  -1.2193039e-18  -5.1338667e-18  -3.2631944e-18  -2.5622747e-18  4.4468383e-17  3.8785554e-16  -1.1126625e-17  1.2074455e-18  -2.1843286e-17  1.0818051e-16  -2.2895301e-18  -1.2193039e-18  -5.1338667e-18  -3.2631944e-18  -2.5622747e-18  4.4468383e-17  3.8785554e-16  -1.1126625e-17  1.2074455e-18  -2.1843286e-17  1.0818051e-16  
-1.7359940e-18  2.9082876e-18  2.4160232e-17  -2.8498424e-17  -1.5666086e-17  -1.4172947e-16  3.6631528e-18  -1.0747260e-17  2.0489092e-17  1.9873934e-17  -6.8379911e-18  -1.7359940e-18  2.9082876e-18  2.4160232e-17  -2.8498424e-17  -1.5666086e-17  -1.4172947e-16  3.6631528e-18  -1.0747260e-17  2.0489092e-17  1.9873934e-17  -6.8379911e-18  
7.3183647e-18  -6.3667231e-18  -3.2420186e-17  3.9025984e-18  -4.6146355e-18  -2.0000989e-17  -2.1568000e-17  6.9795515e-18  -1.1331607e-17  9.5477554e-18  1.3942162e-18  7.3183647e-18  -6.3667231e-18  -3.2420186e-17  3.9025984e-18  -4.6146355e-18  -2.0000989e-17  -2.1568000e-17  6.9795515e-18  -1.1331607e-17  9.5477554e-18  1.3942162e-18  
-1.1079191e-18  2.0909008e-17  -1.6446902e-16  1.9530039e-17  -6.1007548e-18  1.4702798e-17  -6.5920339e-18  4.9578956e-17  -1.3394248e-16  4.0019766e-17  -5.5650065e-18  -1.1079191e-18  2.0909008e-17  -1.6446902e-16  1.9530039e-17  -6.1007548e-18  1.4702798e-17  -6.5920339e-18  4.9578956e-17  -1.3394248e-16  4.0019766e-17  -5.5650065e-18  
7.9917559e-18  1.2087160e-17  -7.0260959e-17  7.4335611e-17  4.4805078e-17  -1.8468759e-18  1.0035064e-17  -1.5407529e-18  -2.6062145e-17  3.3741557e-17  4.6295009e-17  7.9917559e-18  1.2087160e-17  -7.0260959e-17  7.4335611e-17  4.4805078e-17  -1.8468759e-18  1.0035064e-17  -1.5407529e-18  -2.6062145e-17  3.3741557e-17  4.6295009e-17  
5.0649182e-17  -8.3808828e-17  -1.3516211e-17  1.5513408e-17  1.0725555e-18  -1.7397527e-18  -1.3327746e-17  6.0590808e-17  2.1774676e-17  7.8884178e-18  1.4274051e-16  5.0649182e-17  -8.3808828e-17  -1.3516211e-17  1.5513408e-17  1.0725555e-18  -1.7397527e-18  -1.3327746e-17  6.0590808e-17  2.1774676e-17  7.8884178e-18  1.4274051e-16  
1.0154231e-16  -4.4783479e-17  7.8196494e-18  -5.4633625e-19  -1.0573089e-17  -1.8057684e-17  -2.8545116e-17  -1.7901988e-17  4.8415133e-17  -5.9715823e-20  -1.4014160e-18  1.0154231e-16  -4.4783479e-17  7.8196494e-18  -5.4633625e-19  -1.0573089e-17  -1.8057684e-17  -2.8545116e-17  -1.7901988e-17  4.8415133e-17  -5.9715823e-20  -1.4014160e-18  
-1.1597935e-16  -5.0885716e-17  6.7753107e-18  -4.1263210e-18  -5.6528332e-17  -1.1252939e-17  6.2724060e-17  1.0612476e-17  -1.4522856e-17  1.5719661e-17  4.6270234e-18  -1.1597935e-16  -5.0885716e-17  6.7753107e-18  -4.1263210e-18  -5.6528332e-17  -1.1252939e-17  6.2724060e-17  1.0612476e-17  -1.4522856e-17  1.5719661e-17  4.6270234e-18  
1.3256066e-17  1.0557419e-17  2.7007646e-18  -4.3401968e-18  -7.4313589e-17  -1.8026555e-17  1.2879983e-17  2.0947548e-17  3.0493186e-18  7.8107026e-19  -5.0726686e-18  1.3256066e-17  1.0557419e-17  2.7007646e-18  -4.3401968e-18  -7.4313589e-17  -1.8026555e-17  1.2879983e-17  2.0947548e-17  3.0493186e-18  7.8107026e-19  -5.0726686e-18  
-3.3359546e-17  -7.3730830e-17  9.3546319e-18  -7.1997801e-20  9.6434701e-19  -9.7408789e-20  1.4700596e-16  -1.7254485e-17  -3.6354654e-18  6.4634967e-18  3.1963318e-18  -3.3359546e-17  -7.3730830e-17  9.3546319e-18  -7.1997801e-20  9.6434701e-19  -9.7408789e-20  1.4700596e-16  -1.7254485e-17  -3.6354654e-18  6.4634967e-18  3.1963318e-18  
