-0.99925212  0.0084023092  -0.0082449157  0.0072578847  0.0019886996  0.0032234667  0.012008814  -0.00051577319  -0.0035966784  -0.0049569712  0.0021266564  -0.99925212  0.0084023092  -0.0082449157  0.0072578847  0.0019886996  0.0032234667  0.012008814  -0.00051577319  -0.0035966784  -0.0049569712  0.0021266564  
0.0091635340  0.99730980  -0.060589343  -0.013114017  -0.0012101440  -0.0076010029  0.0015568783  -0.0013475989  -0.014845267  -0.0036738271  -0.0071674965  0.0091635340  0.99730980  -0.060589343  -0.013114017  -0.0012101440  -0.0076010029  0.0015568783  -0.0013475989  -0.014845267  -0.0036738271  -0.0071674965  
-0.0062063598  0.062277068  0.98222465  0.17375724  0.0036355708  0.0032857186  0.010126339  -0.0072943024  -0.0020899859  -0.0020395649  0.0028504790  -0.0062063598  0.062277068  0.98222465  0.17375724  0.0036355708  0.0032857186  0.010126339  -0.0072943024  -0.0020899859  -0.0020395649  0.0028504790  
0.0085021743  0.0023442745  -0.17385961  0.98390276  0.020679300  0.0034598374  -0.0052588902  0.0069833387  0.015729528  -0.0053244952  -0.010235637  0.0085021743  0.0023442745  -0.17385961  0.98390276  0.020679300  0.0034598374  -0.0052588902  0.0069833387  0.015729528  -0.0053244952  -0.010235637  
-0.0019528302  -0.00084331583  -0.00022024417  0.021255800  -0.99901821  0.0020216427  -0.0058377622  -0.023351617  0.0058295953  -0.0055429041  0.00094722932  -0.0019528302  -0.00084331583  -0.00022024417  0.021255800  -0.99901821  0.0020216427  -0.0058377622  -0.023351617  0.0058295953  -0.0055429041  0.00094722932  
-0.0033569651  -0.0074580469  0.0031650755  0.0040267308  -0.0023830077  -0.99962426  -0.0038566632  0.015398305  -0.0049601222  -0.0070048915  0.0011873197  -0.0033569651  -0.0074580469  0.0031650755  0.0040267308  -0.0023830077  -0.99962426  -0.0038566632  0.015398305  -0.0049601222  -0.0070048915  0.0011873197  
-0.011938403  0.0026053099  0.011174682  -0.0041299199  0.0047753343  0.0045306325  -0.99811434  0.047982790  0.018174065  -0.011389208  -0.0080158999  -0.011938403  0.0026053099  0.011174682  -0.0041299199  0.0047753343  0.0045306325  -0.99811434  0.047982790  0.018174065  -0.011389208  -0.0080158999  
9.7321711e-06  -0.0018711737  -0.0077778343  0.0050164594  0.023687917  -0.015287418  -0.048183776  -0.99813890  -0.0046687128  -0.0038522087  -0.0025370515  9.7321711e-06  -0.0018711737  -0.0077778343  0.0050164594  0.023687917  -0.015287418  -0.048183776  -0.99813890  -0.0046687128  -0.0038522087  -0.0025370515  
-0.0039692262  0.015203367  0.0037204922  -0.014730467  0.0048586604  -0.0060206563  0.016960162  -0.0058305841  0.99349132  0.10791242  -0.012019654  -0.0039692262  0.015203367  0.0037204922  -0.014730467  0.0048586604  -0.0060206563  0.016960162  -0.0058305841  0.99349132  0.10791242  -0.012019654  
0.0046681931  -0.0024851123  -0.00051738987  -0.0074825127  0.0058844358  0.0063488338  0.013754777  0.0027391925  0.10744394  -0.99366313  -0.017051299  0.0046681931  -0.0024851123  -0.00051738987  -0.0074825127  0.0058844358  0.0063488338  0.013754777  0.0027391925  0.10744394  -0.99366313  -0.017051299  
-0.0022071436  -0.0073442347  0.0050646215  -0.0092457345  -0.0011937110  -0.0012620402  0.0077363202  0.0023222178  -0.013987394  0.016291836  -0.99819305  -0.0022071436  -0.0073442347  0.0050646215  -0.0092457345  -0.0011937110  -0.0012620402  0.0077363202  0.0023222178  -0.013987394  0.016291836  -0.99819305  
-0.99925212  0.0084023092  -0.0082449157  0.0072578847  0.0019886996  0.0032234667  0.012008814  -0.00051577319  -0.0035966784  -0.0049569712  0.0021266564  -0.99925212  0.0084023092  -0.0082449157  0.0072578847  0.0019886996  0.0032234667  0.012008814  -0.00051577319  -0.0035966784  -0.0049569712  0.0021266564  
0.0091635340  0.99730980  -0.060589343  -0.013114017  -0.0012101440  -0.0076010029  0.0015568783  -0.0013475989  -0.014845267  -0.0036738271  -0.0071674965  0.0091635340  0.99730980  -0.060589343  -0.013114017  -0.0012101440  -0.0076010029  0.0015568783  -0.0013475989  -0.014845267  -0.0036738271  -0.0071674965  
-0.0062063598  0.062277068  0.98222465  0.17375724  0.0036355708  0.0032857186  0.010126339  -0.0072943024  -0.0020899859  -0.0020395649  0.0028504790  -0.0062063598  0.062277068  0.98222465  0.17375724  0.0036355708  0.0032857186  0.010126339  -0.0072943024  -0.0020899859  -0.0020395649  0.0028504790  
0.0085021743  0.0023442745  -0.17385961  0.98390276  0.020679300  0.0034598374  -0.0052588902  0.0069833387  0.015729528  -0.0053244952  -0.010235637  0.0085021743  0.0023442745  -0.17385961  0.98390276  0.020679300  0.0034598374  -0.0052588902  0.0069833387  0.015729528  -0.0053244952  -0.010235637  
-0.0019528302  -0.00084331583  -0.00022024417  0.021255800  -0.99901821  0.0020216427  -0.0058377622  -0.023351617  0.0058295953  -0.0055429041  0.00094722932  -0.0019528302  -0.00084331583  -0.00022024417  0.021255800  -0.99901821  0.0020216427  -0.0058377622  -0.023351617  0.0058295953  -0.0055429041  0.00094722932  
-0.0033569651  -0.0074580469  0.0031650755  0.0040267308  -0.0023830077  -0.99962426  -0.0038566632  0.015398305  -0.0049601222  -0.0070048915  0.0011873197  -0.0033569651  -0.0074580469  0.0031650755  0.0040267308  -0.0023830077  -0.99962426  -0.0038566632  0.015398305  -0.0049601222  -0.0070048915  0.0011873197  
-0.011938403  0.0026053099  0.011174682  -0.0041299199  0.0047753343  0.0045306325  -0.99811434  0.047982790  0.018174065  -0.011389208  -0.0080158999  -0.011938403  0.0026053099  0.011174682  -0.0041299199  0.0047753343  0.0045306325  -0.99811434  0.047982790  0.018174065  -0.011389208  -0.0080158999  
9.7321711e-06  -0.0018711737  -0.0077778343  0.0050164594  0.023687917  -0.015287418  -0.048183776  -0.99813890  -0.0046687128  -0.0038522087  -0.0025370515  9.7321711e-06  -0.0018711737  -0.0077778343  0.0050164594  0.023687917  -0.015287418  -0.048183776  -0.99813890  -0.0046687128  -0.0038522087  -0.0025370515  
-0.0039692262  0.015203367  0.0037204922  -0.014730467  0.0048586604  -0.0060206563  0.016960162  -0.0058305841  0.99349132  0.10791242  -0.012019654  -0.0039692262  0.015203367  0.0037204922  -0.014730467  0.0048586604  -0.0060206563  0.016960162  -0.0058305841  0.99349132  0.10791242  -0.012019654  
0.0046681931  -0.0024851123  -0.00051738987  -0.0074825127  0.0058844358  0.0063488338  0.013754777  0.0027391925  0.10744394  -0.99366313  -0.017051299  0.0046681931  -0.0024851123  -0.00051738987  -0.0074825127  0.0058844358  0.0063488338  0.013754777  0.0027391925  0.10744394  -0.99366313  -0.017051299  
-0.0022071436  -0.0073442347  0.0050646215  -0.0092457345  -0.0011937110  -0.0012620402  0.0077363202  0.0023222178  -0.013987394  0.016291836  -0.99819305  -0.0022071436  -0.0073442347  0.0050646215  -0.0092457345  -0.0011937110  -0.0012620402  0.0077363202  0.0023222178  -0.013987394  0.016291836  -0.99819305  
