-0.99924830  0.030774846  -0.0036377752  0.0061190330  -0.0010518576  -0.00086142576  0.0035578972  -1.2457030e-05  0.0014456999  0.00062636642  -0.0031307856  -0.99924830  0.030774846  -0.0036377752  0.0061190330  -0.0010518576  -0.00086142576  0.0035578972  -1.2457030e-05  0.0014456999  0.00062636642  -0.0031307856  
0.030706932  0.99933736  0.0060585422  0.0025931788  -0.0022959895  -0.0028362187  0.0032715564  -0.0040977620  -0.00078029431  0.00041011819  -0.0019812488  0.030706932  0.99933736  0.0060585422  0.0025931788  -0.0022959895  -0.0028362187  0.0032715564  -0.0040977620  -0.00078029431  0.00041011819  -0.0019812488  
0.0037301578  0.0058310643  -0.99955987  -0.018496916  -0.0097846613  0.00095044944  0.0030111546  0.0023872076  -0.00014456759  6.8964926e-05  -0.0017288002  0.0037301578  0.0058310643  -0.99955987  -0.018496916  -0.0097846613  0.00095044944  0.0030111546  0.0023872076  -0.00014456759  6.8964926e-05  -0.0017288002  
0.0061679581  -0.0027385628  -0.018272402  0.99948279  -0.018510128  -0.0051164675  0.0039334576  0.0021411755  -0.0013640604  0.0030990379  0.00068279173  0.0061679581  -0.0027385628  -0.018272402  0.99948279  -0.018510128  -0.0051164675  0.0039334576  0.0021411755  -0.0013640604  0.0030990379  0.00068279173  
0.00081274217  -0.0023769070  0.010192309  -0.018371111  -0.99960407  -0.0057557503  0.0032805192  -0.0031174631  0.0039532558  0.00095024173  0.00055073175  0.00081274217  -0.0023769070  0.010192309  -0.018371111  -0.99960407  -0.0057557503  0.0032805192  -0.0031174631  0.0039532558  0.00095024173  0.00055073175  
-0.00066115521  0.0027499133  0.00090438723  0.0050726090  -0.0057663389  0.99964582  0.0045578523  -0.021808079  -0.00087179086  0.0051744754  -0.0037247773  -0.00066115521  0.0027499133  0.00090438723  0.0050726090  -0.0057663389  0.99964582  0.0045578523  -0.021808079  -0.00087179086  0.0051744754  -0.0037247773  
-0.0034644735  0.0033727875  -0.0030819910  0.0039014313  -0.0033769528  0.0044104619  -0.99985639  -0.0058099395  0.0057225133  0.00060972526  0.0067662727  -0.0034644735  0.0033727875  -0.0030819910  0.0039014313  -0.0033769528  0.0044104619  -0.99985639  -0.0058099395  0.0057225133  0.00060972526  0.0067662727  
-4.0623637e-05  0.0041949876  0.0023897705  -0.0021049786  -0.0033448908  0.021753308  -0.0058949424  0.99900843  -0.035419793  0.0053894906  -0.0010009485  -4.0623637e-05  0.0041949876  0.0023897705  -0.0021049786  -0.0033448908  0.021753308  -0.0058949424  0.99900843  -0.035419793  0.0053894906  -0.0010009485  
-0.0015053136  -0.00087102161  0.00012366424  -0.0013966675  -0.0038392378  -0.0016962217  -0.0054693586  -0.035525246  -0.99907483  0.018896797  0.0040574681  -0.0015053136  -0.00087102161  0.00012366424  -0.0013966675  -0.0038392378  -0.0016962217  -0.0054693586  -0.035525246  -0.99907483  0.018896797  0.0040574681  
0.00069814716  -0.00045413019  0.00016562434  -0.0030905916  0.0010564026  -0.0053054919  0.00056346720  -0.0046286544  0.018995218  0.99950676  -0.020757382  0.00069814716  -0.00045413019  0.00016562434  -0.0030905916  0.0010564026  -0.0053054919  0.00056346720  -0.0046286544  0.018995218  0.99950676  -0.020757382  
0.0030828837  -0.0020578111  0.0017328356  0.00073304805  -0.00056468211  -0.0035912785  -0.0068101267  -0.0010078827  -0.0043594824  -0.020715754  -0.99967194  0.0030828837  -0.0020578111  0.0017328356  0.00073304805  -0.00056468211  -0.0035912785  -0.0068101267  -0.0010078827  -0.0043594824  -0.020715754  -0.99967194  
-0.99924830  0.030774846  -0.0036377752  0.0061190330  -0.0010518576  -0.00086142576  0.0035578972  -1.2457030e-05  0.0014456999  0.00062636642  -0.0031307856  -0.99924830  0.030774846  -0.0036377752  0.0061190330  -0.0010518576  -0.00086142576  0.0035578972  -1.2457030e-05  0.0014456999  0.00062636642  -0.0031307856  
0.030706932  0.99933736  0.0060585422  0.0025931788  -0.0022959895  -0.0028362187  0.0032715564  -0.0040977620  -0.00078029431  0.00041011819  -0.0019812488  0.030706932  0.99933736  0.0060585422  0.0025931788  -0.0022959895  -0.0028362187  0.0032715564  -0.0040977620  -0.00078029431  0.00041011819  -0.0019812488  
0.0037301578  0.0058310643  -0.99955987  -0.018496916  -0.0097846613  0.00095044944  0.0030111546  0.0023872076  -0.00014456759  6.8964926e-05  -0.0017288002  0.0037301578  0.0058310643  -0.99955987  -0.018496916  -0.0097846613  0.00095044944  0.0030111546  0.0023872076  -0.00014456759  6.8964926e-05  -0.0017288002  
0.0061679581  -0.0027385628  -0.018272402  0.99948279  -0.018510128  -0.0051164675  0.0039334576  0.0021411755  -0.0013640604  0.0030990379  0.00068279173  0.0061679581  -0.0027385628  -0.018272402  0.99948279  -0.018510128  -0.0051164675  0.0039334576  0.0021411755  -0.0013640604  0.0030990379  0.00068279173  
0.00081274217  -0.0023769070  0.010192309  -0.018371111  -0.99960407  -0.0057557503  0.0032805192  -0.0031174631  0.0039532558  0.00095024173  0.00055073175  0.00081274217  -0.0023769070  0.010192309  -0.018371111  -0.99960407  -0.0057557503  0.0032805192  -0.0031174631  0.0039532558  0.00095024173  0.00055073175  
-0.00066115521  0.0027499133  0.00090438723  0.0050726090  -0.0057663389  0.99964582  0.0045578523  -0.021808079  -0.00087179086  0.0051744754  -0.0037247773  -0.00066115521  0.0027499133  0.00090438723  0.0050726090  -0.0057663389  0.99964582  0.0045578523  -0.021808079  -0.00087179086  0.0051744754  -0.0037247773  
-0.0034644735  0.0033727875  -0.0030819910  0.0039014313  -0.0033769528  0.0044104619  -0.99985639  -0.0058099395  0.0057225133  0.00060972526  0.0067662727  -0.0034644735  0.0033727875  -0.0030819910  0.0039014313  -0.0033769528  0.0044104619  -0.99985639  -0.0058099395  0.0057225133  0.00060972526  0.0067662727  
-4.0623637e-05  0.0041949876  0.0023897705  -0.0021049786  -0.0033448908  0.021753308  -0.0058949424  0.99900843  -0.035419793  0.0053894906  -0.0010009485  -4.0623637e-05  0.0041949876  0.0023897705  -0.0021049786  -0.0033448908  0.021753308  -0.0058949424  0.99900843  -0.035419793  0.0053894906  -0.0010009485  
-0.0015053136  -0.00087102161  0.00012366424  -0.0013966675  -0.0038392378  -0.0016962217  -0.0054693586  -0.035525246  -0.99907483  0.018896797  0.0040574681  -0.0015053136  -0.00087102161  0.00012366424  -0.0013966675  -0.0038392378  -0.0016962217  -0.0054693586  -0.035525246  -0.99907483  0.018896797  0.0040574681  
0.00069814716  -0.00045413019  0.00016562434  -0.0030905916  0.0010564026  -0.0053054919  0.00056346720  -0.0046286544  0.018995218  0.99950676  -0.020757382  0.00069814716  -0.00045413019  0.00016562434  -0.0030905916  0.0010564026  -0.0053054919  0.00056346720  -0.0046286544  0.018995218  0.99950676  -0.020757382  
0.0030828837  -0.0020578111  0.0017328356  0.00073304805  -0.00056468211  -0.0035912785  -0.0068101267  -0.0010078827  -0.0043594824  -0.020715754  -0.99967194  0.0030828837  -0.0020578111  0.0017328356  0.00073304805  -0.00056468211  -0.0035912785  -0.0068101267  -0.0010078827  -0.0043594824  -0.020715754  -0.99967194  
