-0.99975083  -0.00053141523  0.012539747  -0.0022890278  -0.00026643877  0.0036000766  0.0064648342  -0.0016856459  -0.0011416996  -0.00057647588  0.00061814179  -0.99975083  -0.00053141523  0.012539747  -0.0022890278  -0.00026643877  0.0036000766  0.0064648342  -0.0016856459  -0.0011416996  -0.00057647588  0.00061814179  
0.00018195985  -0.99915310  -0.033684436  -0.0060247858  0.00073050275  -0.0056145134  -0.0055752269  -0.0013675180  0.0012188608  0.0013836041  0.0010698561  0.00018195985  -0.99915310  -0.033684436  -0.0060247858  0.00073050275  -0.0056145134  -0.0055752269  -0.0013675180  0.0012188608  0.0013836041  0.0010698561  
-0.012646175  0.033266111  -0.99651867  0.071410859  0.012303766  -0.00075976891  0.0027856399  0.0025503230  0.00093544418  0.0033995677  -0.0012895315  -0.012646175  0.033266111  -0.99651867  0.071410859  0.012303766  -0.00075976891  0.0027856399  0.0025503230  0.00093544418  0.0033995677  -0.0012895315  
-0.0013770502  -0.0084375426  0.071225520  0.99720516  -0.0071022436  0.0022260650  0.0022947093  -0.0012318687  0.00090104550  -0.0014859608  0.00019906567  -0.0013770502  -0.0084375426  0.071225520  0.99720516  -0.0071022436  0.0022260650  0.0022947093  -0.0012318687  0.00090104550  -0.0014859608  0.00019906567  
-0.00014200200  0.00022534942  0.012779238  0.0061943571  0.99965531  0.0020731536  0.00015783190  0.0049713681  0.0034511138  -0.0015525864  0.0016674679  -0.00014200200  0.00022534942  0.012779238  0.0061943571  0.99965531  0.0020731536  0.00015783190  0.0049713681  0.0034511138  -0.0015525864  0.0016674679  
0.0038783038  -0.0057417964  -0.0010149427  -0.0023144249  -0.0019620323  0.99879947  0.042938378  -0.0068040732  -0.0022268630  0.014782688  0.0070998088  0.0038783038  -0.0057417964  -0.0010149427  -0.0023144249  -0.0019620323  0.99879947  0.042938378  -0.0068040732  -0.0022268630  0.014782688  0.0070998088  
-0.0062900673  0.0054579308  -0.0025028571  0.0023611474  0.00011127947  0.042936899  -0.99855381  -0.017703234  0.0037136490  -0.016814357  0.015269309  -0.0062900673  0.0054579308  -0.0025028571  0.0023611474  0.00011127947  0.042936899  -0.99855381  -0.017703234  0.0037136490  -0.016814357  0.015269309  
0.0017476624  0.0013387482  -0.0025395606  -0.0010266927  0.0051567694  -0.0076758903  0.017404522  -0.99890960  -0.039833935  -0.0024638746  0.0071842116  0.0017476624  0.0013387482  -0.0025395606  -0.0010266927  0.0051567694  -0.0076758903  0.017404522  -0.99890960  -0.039833935  -0.0024638746  0.0071842116  
0.00097833182  -0.0011793519  -0.00056203299  0.0010235507  0.0032713872  -0.0017326877  -0.0048981396  0.039663000  -0.99879462  0.0063576326  -0.019095098  0.00097833182  -0.0011793519  -0.00056203299  0.0010235507  0.0032713872  -0.0017326877  -0.0048981396  0.039663000  -0.99879462  0.0063576326  -0.019095098  
0.00065260915  -0.0014867099  -0.0034675396  -0.0013465908  -0.0015011069  0.014170747  0.017060747  0.0027318015  -0.0058743621  -0.99935350  -0.021801967  0.00065260915  -0.0014867099  -0.0034675396  -0.0013465908  -0.0015011069  0.014170747  0.017060747  0.0027318015  -0.0058743621  -0.99935350  -0.021801967  
0.00071387825  0.00097807161  -0.0014360337  -0.00010748239  -0.0016449432  -0.0073560956  0.015130767  0.0083243465  -0.019315296  -0.021654049  0.99903928  0.00071387825  0.00097807161  -0.0014360337  -0.00010748239  -0.0016449432  -0.0073560956  0.015130767  0.0083243465  -0.019315296  -0.021654049  0.99903928  
-0.99975083  -0.00053141523  0.012539747  -0.0022890278  -0.00026643877  0.0036000766  0.0064648342  -0.0016856459  -0.0011416996  -0.00057647588  0.00061814179  -0.99975083  -0.00053141523  0.012539747  -0.0022890278  -0.00026643877  0.0036000766  0.0064648342  -0.0016856459  -0.0011416996  -0.00057647588  0.00061814179  
0.00018195985  -0.99915310  -0.033684436  -0.0060247858  0.00073050275  -0.0056145134  -0.0055752269  -0.0013675180  0.0012188608  0.0013836041  0.0010698561  0.00018195985  -0.99915310  -0.033684436  -0.0060247858  0.00073050275  -0.0056145134  -0.0055752269  -0.0013675180  0.0012188608  0.0013836041  0.0010698561  
-0.012646175  0.033266111  -0.99651867  0.071410859  0.012303766  -0.00075976891  0.0027856399  0.0025503230  0.00093544418  0.0033995677  -0.0012895315  -0.012646175  0.033266111  -0.99651867  0.071410859  0.012303766  -0.00075976891  0.0027856399  0.0025503230  0.00093544418  0.0033995677  -0.0012895315  
-0.0013770502  -0.0084375426  0.071225520  0.99720516  -0.0071022436  0.0022260650  0.0022947093  -0.0012318687  0.00090104550  -0.0014859608  0.00019906567  -0.0013770502  -0.0084375426  0.071225520  0.99720516  -0.0071022436  0.0022260650  0.0022947093  -0.0012318687  0.00090104550  -0.0014859608  0.00019906567  
-0.00014200200  0.00022534942  0.012779238  0.0061943571  0.99965531  0.0020731536  0.00015783190  0.0049713681  0.0034511138  -0.0015525864  0.0016674679  -0.00014200200  0.00022534942  0.012779238  0.0061943571  0.99965531  0.0020731536  0.00015783190  0.0049713681  0.0034511138  -0.0015525864  0.0016674679  
0.0038783038  -0.0057417964  -0.0010149427  -0.0023144249  -0.0019620323  0.99879947  0.042938378  -0.0068040732  -0.0022268630  0.014782688  0.0070998088  0.0038783038  -0.0057417964  -0.0010149427  -0.0023144249  -0.0019620323  0.99879947  0.042938378  -0.0068040732  -0.0022268630  0.014782688  0.0070998088  
-0.0062900673  0.0054579308  -0.0025028571  0.0023611474  0.00011127947  0.042936899  -0.99855381  -0.017703234  0.0037136490  -0.016814357  0.015269309  -0.0062900673  0.0054579308  -0.0025028571  0.0023611474  0.00011127947  0.042936899  -0.99855381  -0.017703234  0.0037136490  -0.016814357  0.015269309  
0.0017476624  0.0013387482  -0.0025395606  -0.0010266927  0.0051567694  -0.0076758903  0.017404522  -0.99890960  -0.039833935  -0.0024638746  0.0071842116  0.0017476624  0.0013387482  -0.0025395606  -0.0010266927  0.0051567694  -0.0076758903  0.017404522  -0.99890960  -0.039833935  -0.0024638746  0.0071842116  
0.00097833182  -0.0011793519  -0.00056203299  0.0010235507  0.0032713872  -0.0017326877  -0.0048981396  0.039663000  -0.99879462  0.0063576326  -0.019095098  0.00097833182  -0.0011793519  -0.00056203299  0.0010235507  0.0032713872  -0.0017326877  -0.0048981396  0.039663000  -0.99879462  0.0063576326  -0.019095098  
0.00065260915  -0.0014867099  -0.0034675396  -0.0013465908  -0.0015011069  0.014170747  0.017060747  0.0027318015  -0.0058743621  -0.99935350  -0.021801967  0.00065260915  -0.0014867099  -0.0034675396  -0.0013465908  -0.0015011069  0.014170747  0.017060747  0.0027318015  -0.0058743621  -0.99935350  -0.021801967  
0.00071387825  0.00097807161  -0.0014360337  -0.00010748239  -0.0016449432  -0.0073560956  0.015130767  0.0083243465  -0.019315296  -0.021654049  0.99903928  0.00071387825  0.00097807161  -0.0014360337  -0.00010748239  -0.0016449432  -0.0073560956  0.015130767  0.0083243465  -0.019315296  -0.021654049  0.99903928  
