1.0001342e-18  1.3497046e-17  -3.7904724e-17  3.5443247e-17  -2.6511284e-17  8.3085462e-18  -2.6951318e-17  3.2815327e-17  -2.5887370e-16  4.2093302e-18  -4.6918002e-17  1.0001342e-18  1.3497046e-17  -3.7904724e-17  3.5443247e-17  -2.6511284e-17  8.3085462e-18  -2.6951318e-17  3.2815327e-17  -2.5887370e-16  4.2093302e-18  -4.6918002e-17  
-7.6711539e-18  -6.3747700e-18  8.9616086e-19  -2.2039797e-18  -3.0876045e-17  2.7801315e-17  -1.0627722e-17  1.8050780e-16  5.4728916e-17  -7.9790504e-18  -9.1413490e-17  -7.6711539e-18  -6.3747700e-18  8.9616086e-19  -2.2039797e-18  -3.0876045e-17  2.7801315e-17  -1.0627722e-17  1.8050780e-16  5.4728916e-17  -7.9790504e-18  -9.1413490e-17  
-4.0649111e-18  -4.1716373e-17  -1.2512371e-17  3.1016652e-17  -1.6853415e-17  -1.2096054e-16  -5.4266330e-17  -5.9487124e-18  1.2226166e-17  -2.6156377e-17  3.3017344e-18  -4.0649111e-18  -4.1716373e-17  -1.2512371e-17  3.1016652e-17  -1.6853415e-17  -1.2096054e-16  -5.4266330e-17  -5.9487124e-18  1.2226166e-17  -2.6156377e-17  3.3017344e-18  
3.2327012e-17  -2.9633448e-17  -2.8707429e-17  7.6786184e-18  -1.4149474e-17  -8.2587830e-17  -4.8527576e-17  1.8097282e-17  -1.1203672e-17  -2.6952588e-17  -3.4434303e-16  3.2327012e-17  -2.9633448e-17  -2.8707429e-17  7.6786184e-18  -1.4149474e-17  -8.2587830e-17  -4.8527576e-17  1.8097282e-17  -1.1203672e-17  -2.6952588e-17  -3.4434303e-16  
1.4399560e-20  -1.5864927e-17  -2.4911239e-18  -3.2687848e-17  -3.4124443e-18  -2.1932224e-17  8.4343306e-19  4.1003171e-17  4.8165854e-17  -1.0925031e-17  -4.3399427e-17  1.4399560e-20  -1.5864927e-17  -2.4911239e-18  -3.2687848e-17  -3.4124443e-18  -2.1932224e-17  8.4343306e-19  4.1003171e-17  4.8165854e-17  -1.0925031e-17  -4.3399427e-17  
-2.6770900e-17  1.7498007e-17  8.8248975e-17  -9.2120762e-17  1.0725555e-17  3.4222778e-18  -4.0255241e-18  -1.6782899e-18  -2.5743899e-17  -3.0622782e-16  -3.9785138e-18  -2.6770900e-17  1.7498007e-17  8.8248975e-17  -9.2120762e-17  1.0725555e-17  3.4222778e-18  -4.0255241e-18  -1.6782899e-18  -2.5743899e-17  -3.0622782e-16  -3.9785138e-18  
-2.3238349e-18  2.7138936e-18  3.1850027e-17  1.0855447e-16  -2.1057239e-18  -1.2146452e-18  -1.4674846e-18  2.0220371e-17  -1.8182059e-17  -4.0651652e-17  -1.5692132e-17  -2.3238349e-18  2.7138936e-18  3.1850027e-17  1.0855447e-16  -2.1057239e-18  -1.2146452e-18  -1.4674846e-18  2.0220371e-17  -1.8182059e-17  -4.0651652e-17  -1.5692132e-17  
5.6749090e-18  4.0207807e-17  7.8104908e-18  2.1246127e-17  2.5460116e-17  2.1080956e-17  1.4837476e-17  -9.4679755e-18  -3.9480814e-17  -2.2116030e-18  -4.1497415e-17  5.6749090e-18  4.0207807e-17  7.8104908e-18  2.1246127e-17  2.5460116e-17  2.1080956e-17  1.4837476e-17  -9.4679755e-18  -3.9480814e-17  -2.2116030e-18  -4.1497415e-17  
-8.6473991e-17  5.3860496e-17  6.8716607e-18  -7.0654697e-17  3.2043733e-17  5.8349717e-18  -1.0964894e-17  -5.9848436e-17  -2.7338270e-18  -1.8655901e-18  3.4141992e-17  -8.6473991e-17  5.3860496e-17  6.8716607e-18  -7.0654697e-17  3.2043733e-17  5.8349717e-18  -1.0964894e-17  -5.9848436e-17  -2.7338270e-18  -1.8655901e-18  3.4141992e-17  
7.6613707e-17  2.7697130e-17  3.8302830e-18  2.6450298e-17  -1.3001956e-17  -1.2527787e-16  -1.0700567e-17  6.5064836e-18  4.4606343e-18  -1.7713577e-17  2.2077914e-18  7.6613707e-17  2.7697130e-17  3.8302830e-18  2.6450298e-17  -1.3001956e-17  -1.2527787e-16  -1.0700567e-17  6.5064836e-18  4.4606343e-18  -1.7713577e-17  2.2077914e-18  
1.9519663e-17  -1.0449930e-16  1.5039917e-17  -2.6373133e-16  -4.8173305e-17  -7.5385932e-20  5.5878340e-17  5.1311138e-17  8.0050199e-17  -3.2276190e-18  1.0869762e-17  1.9519663e-17  -1.0449930e-16  1.5039917e-17  -2.6373133e-16  -4.8173305e-17  -7.5385932e-20  5.5878340e-17  5.1311138e-17  8.0050199e-17  -3.2276190e-18  1.0869762e-17  
1.0001342e-18  1.3497046e-17  -3.7904724e-17  3.5443247e-17  -2.6511284e-17  8.3085462e-18  -2.6951318e-17  3.2815327e-17  -2.5887370e-16  4.2093302e-18  -4.6918002e-17  1.0001342e-18  1.3497046e-17  -3.7904724e-17  3.5443247e-17  -2.6511284e-17  8.3085462e-18  -2.6951318e-17  3.2815327e-17  -2.5887370e-16  4.2093302e-18  -4.6918002e-17  
-7.6711539e-18  -6.3747700e-18  8.9616086e-19  -2.2039797e-18  -3.0876045e-17  2.7801315e-17  -1.0627722e-17  1.8050780e-16  5.4728916e-17  -7.9790504e-18  -9.1413490e-17  -7.6711539e-18  -6.3747700e-18  8.9616086e-19  -2.2039797e-18  -3.0876045e-17  2.7801315e-17  -1.0627722e-17  1.8050780e-16  5.4728916e-17  -7.9790504e-18  -9.1413490e-17  
-4.0649111e-18  -4.1716373e-17  -1.2512371e-17  3.1016652e-17  -1.6853415e-17  -1.2096054e-16  -5.4266330e-17  -5.9487124e-18  1.2226166e-17  -2.6156377e-17  3.3017344e-18  -4.0649111e-18  -4.1716373e-17  -1.2512371e-17  3.1016652e-17  -1.6853415e-17  -1.2096054e-16  -5.4266330e-17  -5.9487124e-18  1.2226166e-17  -2.6156377e-17  3.3017344e-18  
3.2327012e-17  -2.9633448e-17  -2.8707429e-17  7.6786184e-18  -1.4149474e-17  -8.2587830e-17  -4.8527576e-17  1.8097282e-17  -1.1203672e-17  -2.6952588e-17  -3.4434303e-16  3.2327012e-17  -2.9633448e-17  -2.8707429e-17  7.6786184e-18  -1.4149474e-17  -8.2587830e-17  -4.8527576e-17  1.8097282e-17  -1.1203672e-17  -2.6952588e-17  -3.4434303e-16  
1.4399560e-20  -1.5864927e-17  -2.4911239e-18  -3.2687848e-17  -3.4124443e-18  -2.1932224e-17  8.4343306e-19  4.1003171e-17  4.8165854e-17  -1.0925031e-17  -4.3399427e-17  1.4399560e-20  -1.5864927e-17  -2.4911239e-18  -3.2687848e-17  -3.4124443e-18  -2.1932224e-17  8.4343306e-19  4.1003171e-17  4.8165854e-17  -1.0925031e-17  -4.3399427e-17  
-2.6770900e-17  1.7498007e-17  8.8248975e-17  -9.2120762e-17  1.0725555e-17  3.4222778e-18  -4.0255241e-18  -1.6782899e-18  -2.5743899e-17  -3.0622782e-16  -3.9785138e-18  -2.6770900e-17  1.7498007e-17  8.8248975e-17  -9.2120762e-17  1.0725555e-17  3.4222778e-18  -4.0255241e-18  -1.6782899e-18  -2.5743899e-17  -3.0622782e-16  -3.9785138e-18  
-2.3238349e-18  2.7138936e-18  3.1850027e-17  1.0855447e-16  -2.1057239e-18  -1.2146452e-18  -1.4674846e-18  2.0220371e-17  -1.8182059e-17  -4.0651652e-17  -1.5692132e-17  -2.3238349e-18  2.7138936e-18  3.1850027e-17  1.0855447e-16  -2.1057239e-18  -1.2146452e-18  -1.4674846e-18  2.0220371e-17  -1.8182059e-17  -4.0651652e-17  -1.5692132e-17  
5.6749090e-18  4.0207807e-17  7.8104908e-18  2.1246127e-17  2.5460116e-17  2.1080956e-17  1.4837476e-17  -9.4679755e-18  -3.9480814e-17  -2.2116030e-18  -4.1497415e-17  5.6749090e-18  4.0207807e-17  7.8104908e-18  2.1246127e-17  2.5460116e-17  2.1080956e-17  1.4837476e-17  -9.4679755e-18  -3.9480814e-17  -2.2116030e-18  -4.1497415e-17  
-8.6473991e-17  5.3860496e-17  6.8716607e-18  -7.0654697e-17  3.2043733e-17  5.8349717e-18  -1.0964894e-17  -5.9848436e-17  -2.7338270e-18  -1.8655901e-18  3.4141992e-17  -8.6473991e-17  5.3860496e-17  6.8716607e-18  -7.0654697e-17  3.2043733e-17  5.8349717e-18  -1.0964894e-17  -5.9848436e-17  -2.7338270e-18  -1.8655901e-18  3.4141992e-17  
7.6613707e-17  2.7697130e-17  3.8302830e-18  2.6450298e-17  -1.3001956e-17  -1.2527787e-16  -1.0700567e-17  6.5064836e-18  4.4606343e-18  -1.7713577e-17  2.2077914e-18  7.6613707e-17  2.7697130e-17  3.8302830e-18  2.6450298e-17  -1.3001956e-17  -1.2527787e-16  -1.0700567e-17  6.5064836e-18  4.4606343e-18  -1.7713577e-17  2.2077914e-18  
1.9519663e-17  -1.0449930e-16  1.5039917e-17  -2.6373133e-16  -4.8173305e-17  -7.5385932e-20  5.5878340e-17  5.1311138e-17  8.0050199e-17  -3.2276190e-18  1.0869762e-17  1.9519663e-17  -1.0449930e-16  1.5039917e-17  -2.6373133e-16  -4.8173305e-17  -7.5385932e-20  5.5878340e-17  5.1311138e-17  8.0050199e-17  -3.2276190e-18  1.0869762e-17  
