0.99968891  0.0029288073  0.0038138027  0.00040656339  -0.0010432226  -0.0056145493  -0.00024164417  -0.0011842225  -0.0011022323  -0.0011837773  0.00075677900  0.99968891  0.0029288073  0.0038138027  0.00040656339  -0.0010432226  -0.0056145493  -0.00024164417  -0.0011842225  -0.0011022323  -0.0011837773  0.00075677900  
0.0028981387  -0.99938215  0.021302997  0.0016596629  0.0046360147  -0.00024224454  0.0035471489  0.011989648  -0.0083186085  -0.00060250255  0.0046350125  0.0028981387  -0.99938215  0.021302997  0.0016596629  0.0046360147  -0.00024224454  0.0035471489  0.011989648  -0.0083186085  -0.00060250255  0.0046350125  
-0.0039660432  0.020881083  0.99745948  -0.022759970  -0.060404478  0.0016837505  0.0016190704  -0.0020534587  -0.0035129311  0.0077574315  -0.0060878681  -0.0039660432  0.020881083  0.99745948  -0.022759970  -0.060404478  0.0016837505  0.0016190704  -0.0020534587  -0.0035129311  0.0077574315  -0.0060878681  
-0.00049800371  0.0024829690  0.025255357  0.99859424  0.036017457  -0.013486034  -0.0012992051  -0.0021390347  0.0081250551  -0.0048688752  0.0060677703  -0.00049800371  0.0024829690  0.025255357  0.99859424  0.036017457  -0.013486034  -0.0012992051  -0.0021390347  0.0081250551  -0.0048688752  0.0060677703  
-0.00082709750  -0.0059367363  -0.059489321  0.037704002  -0.99703534  0.0025916765  -0.0061615965  -0.011471897  -0.011220380  -0.0074695595  0.0021957057  -0.00082709750  -0.0059367363  -0.059489321  0.037704002  -0.99703534  0.0025916765  -0.0061615965  -0.011471897  -0.011220380  -0.0074695595  0.0021957057  
0.0055962442  -0.00032524935  -0.0011617783  0.013469362  0.0034616532  0.99960913  -0.0019278647  -0.010506692  -0.0049740059  -0.0098323465  -0.0089745145  0.0055962442  -0.00032524935  -0.0011617783  0.013469362  0.0034616532  0.99960913  -0.0019278647  -0.010506692  -0.0049740059  -0.0098323465  -0.0089745145  
0.00019918757  0.0034939428  -0.0019911286  0.0015657522  -0.0059530590  0.0017012437  0.99987180  -0.0028574651  -0.0023959416  -0.0092849900  -0.0054804628  0.00019918757  0.0034939428  -0.0019911286  0.0015657522  -0.0059530590  0.0017012437  0.99987180  -0.0028574651  -0.0023959416  -0.0092849900  -0.0054804628  
0.00055224123  0.014446145  0.00015493255  0.0053648003  -0.0055234374  0.0071788899  0.0012240550  0.91165828  -0.40893552  -0.032538546  -0.00037391295  0.00055224123  0.014446145  0.00015493255  0.0053648003  -0.0055234374  0.0071788899  0.0012240550  0.91165828  -0.40893552  -0.032538546  -0.00037391295  
0.0015575917  -0.0027504282  0.0028308996  -0.0057594870  -0.015421182  0.0091027324  0.0033558012  0.40950644  0.91180208  0.014658563  -0.0049408341  0.0015575917  -0.0027504282  0.0028308996  -0.0057594870  -0.015421182  0.0091027324  0.0033558012  0.40950644  0.91180208  0.014658563  -0.0049408341  
0.0013552797  -0.00037913472  -0.0081895708  0.0058335822  -0.0067687217  0.0097355575  0.0091167733  0.023458204  -0.026988307  0.99895739  -0.015145490  0.0013552797  -0.00037913472  -0.0081895708  0.0058335822  -0.0067687217  0.0097355575  0.0091167733  0.023458204  -0.026988307  0.99895739  -0.015145490  
-0.00068498554  0.0048196803  0.0059098607  -0.0061883039  0.0015187556  0.0093983161  0.0057128830  0.0025922830  0.0042729029  0.015331406  0.99918826  -0.00068498554  0.0048196803  0.0059098607  -0.0061883039  0.0015187556  0.0093983161  0.0057128830  0.0025922830  0.0042729029  0.015331406  0.99918826  
0.99968891  0.0029288073  0.0038138027  0.00040656339  -0.0010432226  -0.0056145493  -0.00024164417  -0.0011842225  -0.0011022323  -0.0011837773  0.00075677900  0.99968891  0.0029288073  0.0038138027  0.00040656339  -0.0010432226  -0.0056145493  -0.00024164417  -0.0011842225  -0.0011022323  -0.0011837773  0.00075677900  
0.0028981387  -0.99938215  0.021302997  0.0016596629  0.0046360147  -0.00024224454  0.0035471489  0.011989648  -0.0083186085  -0.00060250255  0.0046350125  0.0028981387  -0.99938215  0.021302997  0.0016596629  0.0046360147  -0.00024224454  0.0035471489  0.011989648  -0.0083186085  -0.00060250255  0.0046350125  
-0.0039660432  0.020881083  0.99745948  -0.022759970  -0.060404478  0.0016837505  0.0016190704  -0.0020534587  -0.0035129311  0.0077574315  -0.0060878681  -0.0039660432  0.020881083  0.99745948  -0.022759970  -0.060404478  0.0016837505  0.0016190704  -0.0020534587  -0.0035129311  0.0077574315  -0.0060878681  
-0.00049800371  0.0024829690  0.025255357  0.99859424  0.036017457  -0.013486034  -0.0012992051  -0.0021390347  0.0081250551  -0.0048688752  0.0060677703  -0.00049800371  0.0024829690  0.025255357  0.99859424  0.036017457  -0.013486034  -0.0012992051  -0.0021390347  0.0081250551  -0.0048688752  0.0060677703  
-0.00082709750  -0.0059367363  -0.059489321  0.037704002  -0.99703534  0.0025916765  -0.0061615965  -0.011471897  -0.011220380  -0.0074695595  0.0021957057  -0.00082709750  -0.0059367363  -0.059489321  0.037704002  -0.99703534  0.0025916765  -0.0061615965  -0.011471897  -0.011220380  -0.0074695595  0.0021957057  
0.0055962442  -0.00032524935  -0.0011617783  0.013469362  0.0034616532  0.99960913  -0.0019278647  -0.010506692  -0.0049740059  -0.0098323465  -0.0089745145  0.0055962442  -0.00032524935  -0.0011617783  0.013469362  0.0034616532  0.99960913  -0.0019278647  -0.010506692  -0.0049740059  -0.0098323465  -0.0089745145  
0.00019918757  0.0034939428  -0.0019911286  0.0015657522  -0.0059530590  0.0017012437  0.99987180  -0.0028574651  -0.0023959416  -0.0092849900  -0.0054804628  0.00019918757  0.0034939428  -0.0019911286  0.0015657522  -0.0059530590  0.0017012437  0.99987180  -0.0028574651  -0.0023959416  -0.0092849900  -0.0054804628  
0.00055224123  0.014446145  0.00015493255  0.0053648003  -0.0055234374  0.0071788899  0.0012240550  0.91165828  -0.40893552  -0.032538546  -0.00037391295  0.00055224123  0.014446145  0.00015493255  0.0053648003  -0.0055234374  0.0071788899  0.0012240550  0.91165828  -0.40893552  -0.032538546  -0.00037391295  
0.0015575917  -0.0027504282  0.0028308996  -0.0057594870  -0.015421182  0.0091027324  0.0033558012  0.40950644  0.91180208  0.014658563  -0.0049408341  0.0015575917  -0.0027504282  0.0028308996  -0.0057594870  -0.015421182  0.0091027324  0.0033558012  0.40950644  0.91180208  0.014658563  -0.0049408341  
0.0013552797  -0.00037913472  -0.0081895708  0.0058335822  -0.0067687217  0.0097355575  0.0091167733  0.023458204  -0.026988307  0.99895739  -0.015145490  0.0013552797  -0.00037913472  -0.0081895708  0.0058335822  -0.0067687217  0.0097355575  0.0091167733  0.023458204  -0.026988307  0.99895739  -0.015145490  
-0.00068498554  0.0048196803  0.0059098607  -0.0061883039  0.0015187556  0.0093983161  0.0057128830  0.0025922830  0.0042729029  0.015331406  0.99918826  -0.00068498554  0.0048196803  0.0059098607  -0.0061883039  0.0015187556  0.0093983161  0.0057128830  0.0025922830  0.0042729029  0.015331406  0.99918826  
