-0.99717323  0.070373745  0.0041206258  0.011518271  0.0053737173  -0.0050425316  -0.0054496532  -0.0041212188  -0.0031622927  0.00031179522  0.00029418949  -0.99717323  0.070373745  0.0041206258  0.011518271  0.0053737173  -0.0050425316  -0.0054496532  -0.0041212188  -0.0031622927  0.00031179522  0.00029418949  
-0.070437420  -0.99457203  -0.071577533  0.010750573  -0.0042889291  -0.0059075167  -0.0084904873  -0.0011567558  -0.00040935535  0.0015961828  0.00099765249  -0.070437420  -0.99457203  -0.071577533  0.010750573  -0.0042889291  -0.0059075167  -0.0084904873  -0.0011567558  -0.00040935535  0.0015961828  0.00099765249  
-0.0013535855  -0.071646607  0.99667869  -0.0087076104  -0.021895430  0.0049793803  0.0031486322  0.0030514857  -0.00024546567  -0.0012571087  3.2766160e-05  -0.0013535855  -0.071646607  0.99667869  -0.0087076104  -0.021895430  0.0049793803  0.0031486322  0.0030514857  -0.00024546567  -0.0012571087  3.2766160e-05  
-0.012175909  -0.0092121352  -0.0093021174  -0.99936364  0.00034530772  -0.0031755325  -0.0081342788  -0.0035305561  -0.00020146579  -0.00065940729  -0.00031692295  -0.012175909  -0.0092121352  -0.0093021174  -0.99936364  0.00034530772  -0.0031755325  -0.0081342788  -0.0035305561  -0.00020146579  -0.00065940729  -0.00031692295  
0.0049940235  -0.0062190043  0.021322113  8.0225958e-05  0.99934095  0.0091479708  -0.0023343289  -0.0045488164  -0.0064877834  0.00077067099  -0.0018964964  0.0049940235  -0.0062190043  0.021322113  8.0225958e-05  0.99934095  0.0091479708  -0.0023343289  -0.0045488164  -0.0064877834  0.00077067099  -0.0018964964  
-0.0055869336  -0.0051266217  -0.0056435200  -0.0030742499  -0.0090513662  0.99942899  0.0092898168  -0.022346882  0.0081066536  0.0025447413  0.0029074445  -0.0055869336  -0.0051266217  -0.0056435200  -0.0030742499  -0.0090513662  0.99942899  0.0092898168  -0.022346882  0.0081066536  0.0025447413  0.0029074445  
-0.0060150897  -0.0079759324  -0.0036546213  -0.0079404277  0.0024914386  -0.0089863933  0.99962751  0.010376738  -0.0085112752  0.0032377834  0.0063674519  -0.0060150897  -0.0079759324  -0.0036546213  -0.0079404277  0.0024914386  -0.0089863933  0.99962751  0.010376738  -0.0085112752  0.0032377834  0.0063674519  
0.0040108701  0.00066001219  0.0033213012  0.0034192085  -0.0037766486  -0.023190863  0.011168007  -0.99441079  0.098263490  -0.010065058  0.0028631602  0.0040108701  0.00066001219  0.0033213012  0.0034192085  -0.0037766486  -0.023190863  0.011168007  -0.99441079  0.098263490  -0.010065058  0.0028631602  
0.0035313419  0.00038199547  -0.00028671832  0.00048580797  -0.0069266237  0.0058967464  -0.0073669210  -0.098554549  -0.99483230  -0.012325161  0.0029356487  0.0035313419  0.00038199547  -0.00028671832  0.00048580797  -0.0069266237  0.0058967464  -0.0073669210  -0.098554549  -0.99483230  -0.012325161  0.0029356487  
0.00046397216  0.0018108037  0.0013780065  -0.00054123761  -0.00058664398  -0.0029965587  -0.0040750623  -0.011036478  -0.010731626  0.99100184  0.13036361  0.00046397216  0.0018108037  0.0013780065  -0.00054123761  -0.00058664398  -0.0029965587  -0.0040750623  -0.011036478  -0.010731626  0.99100184  0.13036361  
0.00028662565  0.00088300955  -1.4437963e-05  -0.00027398346  0.0019334909  -0.0024232098  -0.0058527102  0.0048391189  0.0040325714  -0.13006691  0.99123704  0.00028662565  0.00088300955  -1.4437963e-05  -0.00027398346  0.0019334909  -0.0024232098  -0.0058527102  0.0048391189  0.0040325714  -0.13006691  0.99123704  
-0.99717323  0.070373745  0.0041206258  0.011518271  0.0053737173  -0.0050425316  -0.0054496532  -0.0041212188  -0.0031622927  0.00031179522  0.00029418949  -0.99717323  0.070373745  0.0041206258  0.011518271  0.0053737173  -0.0050425316  -0.0054496532  -0.0041212188  -0.0031622927  0.00031179522  0.00029418949  
-0.070437420  -0.99457203  -0.071577533  0.010750573  -0.0042889291  -0.0059075167  -0.0084904873  -0.0011567558  -0.00040935535  0.0015961828  0.00099765249  -0.070437420  -0.99457203  -0.071577533  0.010750573  -0.0042889291  -0.0059075167  -0.0084904873  -0.0011567558  -0.00040935535  0.0015961828  0.00099765249  
-0.0013535855  -0.071646607  0.99667869  -0.0087076104  -0.021895430  0.0049793803  0.0031486322  0.0030514857  -0.00024546567  -0.0012571087  3.2766160e-05  -0.0013535855  -0.071646607  0.99667869  -0.0087076104  -0.021895430  0.0049793803  0.0031486322  0.0030514857  -0.00024546567  -0.0012571087  3.2766160e-05  
-0.012175909  -0.0092121352  -0.0093021174  -0.99936364  0.00034530772  -0.0031755325  -0.0081342788  -0.0035305561  -0.00020146579  -0.00065940729  -0.00031692295  -0.012175909  -0.0092121352  -0.0093021174  -0.99936364  0.00034530772  -0.0031755325  -0.0081342788  -0.0035305561  -0.00020146579  -0.00065940729  -0.00031692295  
0.0049940235  -0.0062190043  0.021322113  8.0225958e-05  0.99934095  0.0091479708  -0.0023343289  -0.0045488164  -0.0064877834  0.00077067099  -0.0018964964  0.0049940235  -0.0062190043  0.021322113  8.0225958e-05  0.99934095  0.0091479708  -0.0023343289  -0.0045488164  -0.0064877834  0.00077067099  -0.0018964964  
-0.0055869336  -0.0051266217  -0.0056435200  -0.0030742499  -0.0090513662  0.99942899  0.0092898168  -0.022346882  0.0081066536  0.0025447413  0.0029074445  -0.0055869336  -0.0051266217  -0.0056435200  -0.0030742499  -0.0090513662  0.99942899  0.0092898168  -0.022346882  0.0081066536  0.0025447413  0.0029074445  
-0.0060150897  -0.0079759324  -0.0036546213  -0.0079404277  0.0024914386  -0.0089863933  0.99962751  0.010376738  -0.0085112752  0.0032377834  0.0063674519  -0.0060150897  -0.0079759324  -0.0036546213  -0.0079404277  0.0024914386  -0.0089863933  0.99962751  0.010376738  -0.0085112752  0.0032377834  0.0063674519  
0.0040108701  0.00066001219  0.0033213012  0.0034192085  -0.0037766486  -0.023190863  0.011168007  -0.99441079  0.098263490  -0.010065058  0.0028631602  0.0040108701  0.00066001219  0.0033213012  0.0034192085  -0.0037766486  -0.023190863  0.011168007  -0.99441079  0.098263490  -0.010065058  0.0028631602  
0.0035313419  0.00038199547  -0.00028671832  0.00048580797  -0.0069266237  0.0058967464  -0.0073669210  -0.098554549  -0.99483230  -0.012325161  0.0029356487  0.0035313419  0.00038199547  -0.00028671832  0.00048580797  -0.0069266237  0.0058967464  -0.0073669210  -0.098554549  -0.99483230  -0.012325161  0.0029356487  
0.00046397216  0.0018108037  0.0013780065  -0.00054123761  -0.00058664398  -0.0029965587  -0.0040750623  -0.011036478  -0.010731626  0.99100184  0.13036361  0.00046397216  0.0018108037  0.0013780065  -0.00054123761  -0.00058664398  -0.0029965587  -0.0040750623  -0.011036478  -0.010731626  0.99100184  0.13036361  
0.00028662565  0.00088300955  -1.4437963e-05  -0.00027398346  0.0019334909  -0.0024232098  -0.0058527102  0.0048391189  0.0040325714  -0.13006691  0.99123704  0.00028662565  0.00088300955  -1.4437963e-05  -0.00027398346  0.0019334909  -0.0024232098  -0.0058527102  0.0048391189  0.0040325714  -0.13006691  0.99123704  
