-3.6210658e-19  -7.0744192e-18  -4.6370819e-18  9.2352002e-18  -6.1232012e-18  3.9115982e-18  7.5406261e-17  -6.4493089e-18  7.8951941e-18  8.0748498e-17  1.9650741e-17  -3.6210658e-19  -7.0744192e-18  -4.6370819e-18  9.2352002e-18  -6.1232012e-18  3.9115982e-18  7.5406261e-17  -6.4493089e-18  7.8951941e-18  8.0748498e-17  1.9650741e-17  
-7.8316666e-18  1.7609815e-18  -5.5683946e-18  -1.0037340e-18  -9.0189951e-18  1.2689824e-17  1.3120900e-16  2.4727221e-17  4.4088912e-17  2.1206529e-18  7.9567099e-18  -7.8316666e-18  1.7609815e-18  -5.5683946e-18  -1.0037340e-18  -9.0189951e-18  1.2689824e-17  1.3120900e-16  2.4727221e-17  4.4088912e-17  2.1206529e-18  7.9567099e-18  
1.5278357e-18  -1.6980152e-17  -1.1940094e-17  -9.0572862e-17  -6.0405096e-18  -5.0855858e-18  -2.9897722e-17  -7.6758126e-18  6.7333931e-17  6.9017303e-18  7.9744287e-17  1.5278357e-18  -1.6980152e-17  -1.1940094e-17  -9.0572862e-17  -6.0405096e-18  -5.0855858e-18  -2.9897722e-17  -7.6758126e-18  6.7333931e-17  6.9017303e-18  7.9744287e-17  
-3.1967023e-18  1.2233909e-17  -4.5294452e-17  7.0866284e-18  -2.5038294e-17  -1.6390088e-19  -9.5528376e-18  -9.9763541e-18  8.3044592e-17  -7.4546840e-18  -1.6785017e-17  -3.1967023e-18  1.2233909e-17  -4.5294452e-17  7.0866284e-18  -2.5038294e-17  -1.6390088e-19  -9.5528376e-18  -9.9763541e-18  8.3044592e-17  -7.4546840e-18  -1.6785017e-17  
1.0079692e-18  -9.8655516e-18  -2.7049362e-17  -1.9418866e-17  -1.9714162e-18  -3.3704712e-17  1.1765288e-17  -5.4210109e-19  -8.8015194e-18  2.6416205e-17  -1.1613626e-16  1.0079692e-18  -9.8655516e-18  -2.7049362e-17  -1.9418866e-17  -1.9714162e-18  -3.3704712e-17  1.1765288e-17  -5.4210109e-19  -8.8015194e-18  2.6416205e-17  -1.1613626e-16  
-1.3625372e-17  2.1813216e-17  2.9120357e-17  -1.8568868e-17  -2.0878833e-17  9.0721199e-18  -1.7437867e-17  -4.9974944e-19  -6.2405152e-18  9.6487641e-18  -6.3221480e-18  -1.3625372e-17  2.1813216e-17  2.9120357e-17  -1.8568868e-17  -2.0878833e-17  9.0721199e-18  -1.7437867e-17  -4.9974944e-19  -6.2405152e-18  9.6487641e-18  -6.3221480e-18  
-1.2912170e-16  -7.4386433e-17  4.7730307e-19  2.0167854e-18  -1.3549933e-17  -9.8022888e-18  -2.2861419e-18  8.1818301e-17  1.6759394e-17  2.8904576e-17  7.3281055e-18  -1.2912170e-16  -7.4386433e-17  4.7730307e-19  2.0167854e-18  -1.3549933e-17  -9.8022888e-18  -2.2861419e-18  8.1818301e-17  1.6759394e-17  2.8904576e-17  7.3281055e-18  
-1.5998758e-17  -1.8012007e-16  -8.1725974e-18  4.4796608e-17  6.0842377e-18  2.8854177e-18  5.0389990e-18  1.4467323e-18  -8.1061053e-19  -2.7909736e-18  2.1215846e-17  -1.5998758e-17  -1.8012007e-16  -8.1725974e-18  4.4796608e-17  6.0842377e-18  2.8854177e-18  5.0389990e-18  1.4467323e-18  -8.1061053e-19  -2.7909736e-18  2.1215846e-17  
-2.0855645e-17  4.5135421e-17  -4.3805368e-17  5.7784164e-17  1.4025066e-17  3.5376331e-18  -6.6813959e-18  -1.5754813e-19  -3.9979955e-18  3.9855653e-17  6.7139220e-17  -2.0855645e-17  4.5135421e-17  -4.3805368e-17  5.7784164e-17  1.4025066e-17  3.5376331e-18  -6.6813959e-18  -1.5754813e-19  -3.9979955e-18  3.9855653e-17  6.7139220e-17  
5.9240637e-17  3.2447715e-18  -5.8393340e-17  1.1027607e-16  7.7784041e-17  -1.5246275e-17  7.3527119e-17  3.4609766e-18  5.5561126e-18  -1.9533109e-18  -7.0297911e-18  5.9240637e-17  3.2447715e-18  -5.8393340e-17  1.1027607e-16  7.7784041e-17  -1.5246275e-17  7.3527119e-17  3.4609766e-18  5.5561126e-18  -1.9533109e-18  -7.0297911e-18  
-3.9737492e-17  -7.8249962e-18  -1.0541682e-16  -1.3152484e-16  4.9097153e-17  2.8654913e-17  -3.4859641e-18  -7.3909977e-18  -3.7486475e-17  2.9275047e-18  1.3868444e-18  -3.9737492e-17  -7.8249962e-18  -1.0541682e-16  -1.3152484e-16  4.9097153e-17  2.8654913e-17  -3.4859641e-18  -7.3909977e-18  -3.7486475e-17  2.9275047e-18  1.3868444e-18  
-3.6210658e-19  -7.0744192e-18  -4.6370819e-18  9.2352002e-18  -6.1232012e-18  3.9115982e-18  7.5406261e-17  -6.4493089e-18  7.8951941e-18  8.0748498e-17  1.9650741e-17  -3.6210658e-19  -7.0744192e-18  -4.6370819e-18  9.2352002e-18  -6.1232012e-18  3.9115982e-18  7.5406261e-17  -6.4493089e-18  7.8951941e-18  8.0748498e-17  1.9650741e-17  
-7.8316666e-18  1.7609815e-18  -5.5683946e-18  -1.0037340e-18  -9.0189951e-18  1.2689824e-17  1.3120900e-16  2.4727221e-17  4.4088912e-17  2.1206529e-18  7.9567099e-18  -7.8316666e-18  1.7609815e-18  -5.5683946e-18  -1.0037340e-18  -9.0189951e-18  1.2689824e-17  1.3120900e-16  2.4727221e-17  4.4088912e-17  2.1206529e-18  7.9567099e-18  
1.5278357e-18  -1.6980152e-17  -1.1940094e-17  -9.0572862e-17  -6.0405096e-18  -5.0855858e-18  -2.9897722e-17  -7.6758126e-18  6.7333931e-17  6.9017303e-18  7.9744287e-17  1.5278357e-18  -1.6980152e-17  -1.1940094e-17  -9.0572862e-17  -6.0405096e-18  -5.0855858e-18  -2.9897722e-17  -7.6758126e-18  6.7333931e-17  6.9017303e-18  7.9744287e-17  
-3.1967023e-18  1.2233909e-17  -4.5294452e-17  7.0866284e-18  -2.5038294e-17  -1.6390088e-19  -9.5528376e-18  -9.9763541e-18  8.3044592e-17  -7.4546840e-18  -1.6785017e-17  -3.1967023e-18  1.2233909e-17  -4.5294452e-17  7.0866284e-18  -2.5038294e-17  -1.6390088e-19  -9.5528376e-18  -9.9763541e-18  8.3044592e-17  -7.4546840e-18  -1.6785017e-17  
1.0079692e-18  -9.8655516e-18  -2.7049362e-17  -1.9418866e-17  -1.9714162e-18  -3.3704712e-17  1.1765288e-17  -5.4210109e-19  -8.8015194e-18  2.6416205e-17  -1.1613626e-16  1.0079692e-18  -9.8655516e-18  -2.7049362e-17  -1.9418866e-17  -1.9714162e-18  -3.3704712e-17  1.1765288e-17  -5.4210109e-19  -8.8015194e-18  2.6416205e-17  -1.1613626e-16  
-1.3625372e-17  2.1813216e-17  2.9120357e-17  -1.8568868e-17  -2.0878833e-17  9.0721199e-18  -1.7437867e-17  -4.9974944e-19  -6.2405152e-18  9.6487641e-18  -6.3221480e-18  -1.3625372e-17  2.1813216e-17  2.9120357e-17  -1.8568868e-17  -2.0878833e-17  9.0721199e-18  -1.7437867e-17  -4.9974944e-19  -6.2405152e-18  9.6487641e-18  -6.3221480e-18  
-1.2912170e-16  -7.4386433e-17  4.7730307e-19  2.0167854e-18  -1.3549933e-17  -9.8022888e-18  -2.2861419e-18  8.1818301e-17  1.6759394e-17  2.8904576e-17  7.3281055e-18  -1.2912170e-16  -7.4386433e-17  4.7730307e-19  2.0167854e-18  -1.3549933e-17  -9.8022888e-18  -2.2861419e-18  8.1818301e-17  1.6759394e-17  2.8904576e-17  7.3281055e-18  
-1.5998758e-17  -1.8012007e-16  -8.1725974e-18  4.4796608e-17  6.0842377e-18  2.8854177e-18  5.0389990e-18  1.4467323e-18  -8.1061053e-19  -2.7909736e-18  2.1215846e-17  -1.5998758e-17  -1.8012007e-16  -8.1725974e-18  4.4796608e-17  6.0842377e-18  2.8854177e-18  5.0389990e-18  1.4467323e-18  -8.1061053e-19  -2.7909736e-18  2.1215846e-17  
-2.0855645e-17  4.5135421e-17  -4.3805368e-17  5.7784164e-17  1.4025066e-17  3.5376331e-18  -6.6813959e-18  -1.5754813e-19  -3.9979955e-18  3.9855653e-17  6.7139220e-17  -2.0855645e-17  4.5135421e-17  -4.3805368e-17  5.7784164e-17  1.4025066e-17  3.5376331e-18  -6.6813959e-18  -1.5754813e-19  -3.9979955e-18  3.9855653e-17  6.7139220e-17  
5.9240637e-17  3.2447715e-18  -5.8393340e-17  1.1027607e-16  7.7784041e-17  -1.5246275e-17  7.3527119e-17  3.4609766e-18  5.5561126e-18  -1.9533109e-18  -7.0297911e-18  5.9240637e-17  3.2447715e-18  -5.8393340e-17  1.1027607e-16  7.7784041e-17  -1.5246275e-17  7.3527119e-17  3.4609766e-18  5.5561126e-18  -1.9533109e-18  -7.0297911e-18  
-3.9737492e-17  -7.8249962e-18  -1.0541682e-16  -1.3152484e-16  4.9097153e-17  2.8654913e-17  -3.4859641e-18  -7.3909977e-18  -3.7486475e-17  2.9275047e-18  1.3868444e-18  -3.9737492e-17  -7.8249962e-18  -1.0541682e-16  -1.3152484e-16  4.9097153e-17  2.8654913e-17  -3.4859641e-18  -7.3909977e-18  -3.7486475e-17  2.9275047e-18  1.3868444e-18  
