-5.7164136e-18  -8.7767860e-17  -1.7542052e-18  -4.2454138e-17  -7.1836864e-18  -1.8560186e-17  -6.5459553e-17  -8.5142905e-17  -1.0971088e-16  4.0930326e-17  -5.5124904e-18  -5.7164136e-18  -8.7767860e-17  -1.7542052e-18  -4.2454138e-17  -7.1836864e-18  -1.8560186e-17  -6.5459553e-17  -8.5142905e-17  -1.0971088e-16  4.0930326e-17  -5.5124904e-18  
-4.0337403e-17  1.4689669e-18  1.2478489e-17  -6.7178183e-18  4.5928667e-17  -1.9289481e-17  2.3531422e-17  7.3333571e-17  -1.1768040e-16  2.8561951e-18  8.0773485e-17  -4.0337403e-17  1.4689669e-18  1.2478489e-17  -6.7178183e-18  4.5928667e-17  -1.9289481e-17  2.3531422e-17  7.3333571e-17  -1.1768040e-16  2.8561951e-18  8.0773485e-17  
-2.5953090e-18  -2.0544784e-18  6.1365419e-18  1.6091085e-17  -1.8763982e-16  -1.7130500e-17  -1.3450883e-18  2.6726642e-17  6.6224212e-18  -3.6391500e-17  -5.7316602e-18  -2.5953090e-18  -2.0544784e-18  6.1365419e-18  1.6091085e-17  -1.8763982e-16  -1.7130500e-17  -1.3450883e-18  2.6726642e-17  6.6224212e-18  -3.6391500e-17  -5.7316602e-18  
-1.6485802e-17  8.6973343e-18  2.2737752e-17  -5.7994228e-18  -2.0198348e-17  2.1547671e-17  -3.0521138e-17  -1.7564499e-17  1.4534927e-17  -2.4428430e-18  -3.6083604e-19  -1.6485802e-17  8.6973343e-18  2.2737752e-17  -5.7994228e-18  -2.0198348e-17  2.1547671e-17  -3.0521138e-17  -1.7564499e-17  1.4534927e-17  -2.4428430e-18  -3.6083604e-19  
-2.1847521e-17  3.5474587e-17  5.4769997e-17  4.4316764e-18  -4.7820304e-19  -1.2630828e-16  1.3425472e-18  7.2476374e-18  -1.0736672e-17  1.1948755e-16  -3.9403973e-18  -2.1847521e-17  3.5474587e-17  5.4769997e-17  4.4316764e-18  -4.7820304e-19  -1.2630828e-16  1.3425472e-18  7.2476374e-18  -1.0736672e-17  1.1948755e-16  -3.9403973e-18  
2.1277468e-18  7.2904126e-18  -2.6949624e-17  -8.6499005e-17  -3.7682802e-17  1.5977556e-18  5.0827271e-18  -8.7368272e-18  -1.6101461e-17  3.7896254e-18  2.0906467e-17  2.1277468e-18  7.2904126e-18  -2.6949624e-17  -8.6499005e-17  -3.7682802e-17  1.5977556e-18  5.0827271e-18  -8.7368272e-18  -1.6101461e-17  3.7896254e-18  2.0906467e-17  
4.6571566e-17  -1.1095115e-16  2.3938528e-17  -1.8428049e-17  1.2845255e-18  -5.9990050e-18  6.7762636e-20  -3.1138519e-18  -4.4418567e-17  -5.9800526e-17  7.0239360e-17  4.6571566e-17  -1.1095115e-16  2.3938528e-17  -1.8428049e-17  1.2845255e-18  -5.9990050e-18  6.7762636e-20  -3.1138519e-18  -4.4418567e-17  -5.9800526e-17  7.0239360e-17  
1.2561139e-16  5.3844190e-17  1.0304050e-17  -5.2131490e-17  3.2651850e-17  2.3274348e-18  3.8201556e-17  -1.1200952e-18  -7.2385583e-18  -2.3038449e-17  4.1991658e-18  1.2561139e-16  5.3844190e-17  1.0304050e-17  -5.2131490e-17  3.2651850e-17  2.3274348e-18  3.8201556e-17  -1.1200952e-18  -7.2385583e-18  -2.3038449e-17  4.1991658e-18  
-3.4591555e-17  6.1826205e-17  -9.5976244e-18  -1.1523460e-17  3.3583374e-17  -3.1201094e-17  -3.8486636e-17  3.6654716e-17  5.3865472e-18  -3.3478977e-19  -1.1242986e-17  -3.4591555e-17  6.1826205e-17  -9.5976244e-18  -1.1523460e-17  3.3583374e-17  -3.1201094e-17  -3.8486636e-17  3.6654716e-17  5.3865472e-18  -3.3478977e-19  -1.1242986e-17  
2.9605496e-17  -3.8201186e-18  -2.0876821e-17  4.6654575e-18  -8.7820376e-18  6.4925075e-18  5.4210109e-18  -1.3680006e-17  2.6783817e-17  6.1860140e-18  1.2757375e-18  2.9605496e-17  -3.8201186e-18  -2.0876821e-17  4.6654575e-18  -8.7820376e-18  6.4925075e-18  5.4210109e-18  -1.3680006e-17  2.6783817e-17  6.1860140e-18  1.2757375e-18  
4.1284386e-18  -5.9899629e-17  -9.2809400e-18  -2.2937652e-18  -3.7176276e-18  -1.5385083e-17  1.6034757e-16  3.0337756e-17  1.8147681e-19  1.1965187e-17  7.4266790e-18  4.1284386e-18  -5.9899629e-17  -9.2809400e-18  -2.2937652e-18  -3.7176276e-18  -1.5385083e-17  1.6034757e-16  3.0337756e-17  1.8147681e-19  1.1965187e-17  7.4266790e-18  
-5.7164136e-18  -8.7767860e-17  -1.7542052e-18  -4.2454138e-17  -7.1836864e-18  -1.8560186e-17  -6.5459553e-17  -8.5142905e-17  -1.0971088e-16  4.0930326e-17  -5.5124904e-18  -5.7164136e-18  -8.7767860e-17  -1.7542052e-18  -4.2454138e-17  -7.1836864e-18  -1.8560186e-17  -6.5459553e-17  -8.5142905e-17  -1.0971088e-16  4.0930326e-17  -5.5124904e-18  
-4.0337403e-17  1.4689669e-18  1.2478489e-17  -6.7178183e-18  4.5928667e-17  -1.9289481e-17  2.3531422e-17  7.3333571e-17  -1.1768040e-16  2.8561951e-18  8.0773485e-17  -4.0337403e-17  1.4689669e-18  1.2478489e-17  -6.7178183e-18  4.5928667e-17  -1.9289481e-17  2.3531422e-17  7.3333571e-17  -1.1768040e-16  2.8561951e-18  8.0773485e-17  
-2.5953090e-18  -2.0544784e-18  6.1365419e-18  1.6091085e-17  -1.8763982e-16  -1.7130500e-17  -1.3450883e-18  2.6726642e-17  6.6224212e-18  -3.6391500e-17  -5.7316602e-18  -2.5953090e-18  -2.0544784e-18  6.1365419e-18  1.6091085e-17  -1.8763982e-16  -1.7130500e-17  -1.3450883e-18  2.6726642e-17  6.6224212e-18  -3.6391500e-17  -5.7316602e-18  
-1.6485802e-17  8.6973343e-18  2.2737752e-17  -5.7994228e-18  -2.0198348e-17  2.1547671e-17  -3.0521138e-17  -1.7564499e-17  1.4534927e-17  -2.4428430e-18  -3.6083604e-19  -1.6485802e-17  8.6973343e-18  2.2737752e-17  -5.7994228e-18  -2.0198348e-17  2.1547671e-17  -3.0521138e-17  -1.7564499e-17  1.4534927e-17  -2.4428430e-18  -3.6083604e-19  
-2.1847521e-17  3.5474587e-17  5.4769997e-17  4.4316764e-18  -4.7820304e-19  -1.2630828e-16  1.3425472e-18  7.2476374e-18  -1.0736672e-17  1.1948755e-16  -3.9403973e-18  -2.1847521e-17  3.5474587e-17  5.4769997e-17  4.4316764e-18  -4.7820304e-19  -1.2630828e-16  1.3425472e-18  7.2476374e-18  -1.0736672e-17  1.1948755e-16  -3.9403973e-18  
2.1277468e-18  7.2904126e-18  -2.6949624e-17  -8.6499005e-17  -3.7682802e-17  1.5977556e-18  5.0827271e-18  -8.7368272e-18  -1.6101461e-17  3.7896254e-18  2.0906467e-17  2.1277468e-18  7.2904126e-18  -2.6949624e-17  -8.6499005e-17  -3.7682802e-17  1.5977556e-18  5.0827271e-18  -8.7368272e-18  -1.6101461e-17  3.7896254e-18  2.0906467e-17  
4.6571566e-17  -1.1095115e-16  2.3938528e-17  -1.8428049e-17  1.2845255e-18  -5.9990050e-18  6.7762636e-20  -3.1138519e-18  -4.4418567e-17  -5.9800526e-17  7.0239360e-17  4.6571566e-17  -1.1095115e-16  2.3938528e-17  -1.8428049e-17  1.2845255e-18  -5.9990050e-18  6.7762636e-20  -3.1138519e-18  -4.4418567e-17  -5.9800526e-17  7.0239360e-17  
1.2561139e-16  5.3844190e-17  1.0304050e-17  -5.2131490e-17  3.2651850e-17  2.3274348e-18  3.8201556e-17  -1.1200952e-18  -7.2385583e-18  -2.3038449e-17  4.1991658e-18  1.2561139e-16  5.3844190e-17  1.0304050e-17  -5.2131490e-17  3.2651850e-17  2.3274348e-18  3.8201556e-17  -1.1200952e-18  -7.2385583e-18  -2.3038449e-17  4.1991658e-18  
-3.4591555e-17  6.1826205e-17  -9.5976244e-18  -1.1523460e-17  3.3583374e-17  -3.1201094e-17  -3.8486636e-17  3.6654716e-17  5.3865472e-18  -3.3478977e-19  -1.1242986e-17  -3.4591555e-17  6.1826205e-17  -9.5976244e-18  -1.1523460e-17  3.3583374e-17  -3.1201094e-17  -3.8486636e-17  3.6654716e-17  5.3865472e-18  -3.3478977e-19  -1.1242986e-17  
2.9605496e-17  -3.8201186e-18  -2.0876821e-17  4.6654575e-18  -8.7820376e-18  6.4925075e-18  5.4210109e-18  -1.3680006e-17  2.6783817e-17  6.1860140e-18  1.2757375e-18  2.9605496e-17  -3.8201186e-18  -2.0876821e-17  4.6654575e-18  -8.7820376e-18  6.4925075e-18  5.4210109e-18  -1.3680006e-17  2.6783817e-17  6.1860140e-18  1.2757375e-18  
4.1284386e-18  -5.9899629e-17  -9.2809400e-18  -2.2937652e-18  -3.7176276e-18  -1.5385083e-17  1.6034757e-16  3.0337756e-17  1.8147681e-19  1.1965187e-17  7.4266790e-18  4.1284386e-18  -5.9899629e-17  -9.2809400e-18  -2.2937652e-18  -3.7176276e-18  -1.5385083e-17  1.6034757e-16  3.0337756e-17  1.8147681e-19  1.1965187e-17  7.4266790e-18  
