0.0000000   0.00013573683  -6.5029980e-06  -0.00016919737  1.8556084e-06  -1.3172073e-06  7.9094553e-05  4.8106634e-05  1.6836530e-06  6.6129855e-06  5.8062644e-05  0.0000000   0.00013573683  -6.5029980e-06  -0.00016919737  1.8556084e-06  -1.3172073e-06  7.9094553e-05  4.8106634e-05  1.6836530e-06  6.6129855e-06  5.8062644e-05  
-0.00013573683  0.0000000   7.2946983e-05  0.00012924088  -7.1426324e-07  1.5407634e-06  -8.9021112e-05  -6.2700427e-05  -2.9130232e-06  -1.8328965e-05  -6.4330888e-05  -0.00013573683  0.0000000   7.2946983e-05  0.00012924088  -7.1426324e-07  1.5407634e-06  -8.9021112e-05  -6.2700427e-05  -2.9130232e-06  -1.8328965e-05  -6.4330888e-05  
6.5029980e-06  -7.2946983e-05  0.0000000   0.00011493749  -2.2577566e-06  -2.5660337e-07  2.9083299e-05  -7.3208072e-05  -1.5062968e-06  -3.2830308e-06  8.8494249e-05  6.5029980e-06  -7.2946983e-05  0.0000000   0.00011493749  -2.2577566e-06  -2.5660337e-07  2.9083299e-05  -7.3208072e-05  -1.5062968e-06  -3.2830308e-06  8.8494249e-05  
0.00016919737  -0.00012924088  -0.00011493749  0.0000000   1.2838638e-06  2.1757099e-06  -9.9083044e-05  -1.5670089e-06  -1.3505412e-06  -8.1595070e-05  2.6644664e-06  0.00016919737  -0.00012924088  -0.00011493749  0.0000000   1.2838638e-06  2.1757099e-06  -9.9083044e-05  -1.5670089e-06  -1.3505412e-06  -8.1595070e-05  2.6644664e-06  
-1.8556084e-06  7.1426324e-07  2.2577566e-06  -1.2838638e-06  0.0000000   0.00016491218  1.4360662e-06  4.1180667e-06  -5.9115902e-05  1.8306186e-06  8.0321536e-07  -1.8556084e-06  7.1426324e-07  2.2577566e-06  -1.2838638e-06  0.0000000   0.00016491218  1.4360662e-06  4.1180667e-06  -5.9115902e-05  1.8306186e-06  8.0321536e-07  
1.3172073e-06  -1.5407634e-06  2.5660337e-07  -2.1757099e-06  -0.00016491218  0.0000000   -3.4008141e-06  -1.0694461e-05  0.00026607838  1.1458432e-07  -1.3877918e-06  1.3172073e-06  -1.5407634e-06  2.5660337e-07  -2.1757099e-06  -0.00016491218  0.0000000   -3.4008141e-06  -1.0694461e-05  0.00026607838  1.1458432e-07  -1.3877918e-06  
-7.9094553e-05  8.9021112e-05  -2.9083299e-05  9.9083044e-05  -1.4360662e-06  3.4008141e-06  0.0000000   -0.00024756470  -8.2173593e-06  5.1695960e-05  0.00016402987  -7.9094553e-05  8.9021112e-05  -2.9083299e-05  9.9083044e-05  -1.4360662e-06  3.4008141e-06  0.0000000   -0.00024756470  -8.2173593e-06  5.1695960e-05  0.00016402987  
-4.8106634e-05  6.2700427e-05  7.3208072e-05  1.5670089e-06  -4.1180667e-06  1.0694461e-05  0.00024756470  0.0000000   3.2355611e-06  -0.00014519866  -1.0178876e-05  -4.8106634e-05  6.2700427e-05  7.3208072e-05  1.5670089e-06  -4.1180667e-06  1.0694461e-05  0.00024756470  0.0000000   3.2355611e-06  -0.00014519866  -1.0178876e-05  
-1.6836530e-06  2.9130232e-06  1.5062968e-06  1.3505412e-06  5.9115902e-05  -0.00026607838  8.2173593e-06  -3.2355611e-06  0.0000000   -6.8453860e-06  1.5657218e-06  -1.6836530e-06  2.9130232e-06  1.5062968e-06  1.3505412e-06  5.9115902e-05  -0.00026607838  8.2173593e-06  -3.2355611e-06  0.0000000   -6.8453860e-06  1.5657218e-06  
-6.6129855e-06  1.8328965e-05  3.2830308e-06  8.1595070e-05  -1.8306186e-06  -1.1458432e-07  -5.1695960e-05  0.00014519866  6.8453860e-06  0.0000000   0.00034664495  -6.6129855e-06  1.8328965e-05  3.2830308e-06  8.1595070e-05  -1.8306186e-06  -1.1458432e-07  -5.1695960e-05  0.00014519866  6.8453860e-06  0.0000000   0.00034664495  
-5.8062644e-05  6.4330888e-05  -8.8494249e-05  -2.6644664e-06  -8.0321536e-07  1.3877918e-06  -0.00016402987  1.0178876e-05  -1.5657218e-06  -0.00034664495  0.0000000   -5.8062644e-05  6.4330888e-05  -8.8494249e-05  -2.6644664e-06  -8.0321536e-07  1.3877918e-06  -0.00016402987  1.0178876e-05  -1.5657218e-06  -0.00034664495  0.0000000   
0.0000000   0.00013573683  -6.5029980e-06  -0.00016919737  1.8556084e-06  -1.3172073e-06  7.9094553e-05  4.8106634e-05  1.6836530e-06  6.6129855e-06  5.8062644e-05  0.0000000   0.00013573683  -6.5029980e-06  -0.00016919737  1.8556084e-06  -1.3172073e-06  7.9094553e-05  4.8106634e-05  1.6836530e-06  6.6129855e-06  5.8062644e-05  
-0.00013573683  0.0000000   7.2946983e-05  0.00012924088  -7.1426324e-07  1.5407634e-06  -8.9021112e-05  -6.2700427e-05  -2.9130232e-06  -1.8328965e-05  -6.4330888e-05  -0.00013573683  0.0000000   7.2946983e-05  0.00012924088  -7.1426324e-07  1.5407634e-06  -8.9021112e-05  -6.2700427e-05  -2.9130232e-06  -1.8328965e-05  -6.4330888e-05  
6.5029980e-06  -7.2946983e-05  0.0000000   0.00011493749  -2.2577566e-06  -2.5660337e-07  2.9083299e-05  -7.3208072e-05  -1.5062968e-06  -3.2830308e-06  8.8494249e-05  6.5029980e-06  -7.2946983e-05  0.0000000   0.00011493749  -2.2577566e-06  -2.5660337e-07  2.9083299e-05  -7.3208072e-05  -1.5062968e-06  -3.2830308e-06  8.8494249e-05  
0.00016919737  -0.00012924088  -0.00011493749  0.0000000   1.2838638e-06  2.1757099e-06  -9.9083044e-05  -1.5670089e-06  -1.3505412e-06  -8.1595070e-05  2.6644664e-06  0.00016919737  -0.00012924088  -0.00011493749  0.0000000   1.2838638e-06  2.1757099e-06  -9.9083044e-05  -1.5670089e-06  -1.3505412e-06  -8.1595070e-05  2.6644664e-06  
-1.8556084e-06  7.1426324e-07  2.2577566e-06  -1.2838638e-06  0.0000000   0.00016491218  1.4360662e-06  4.1180667e-06  -5.9115902e-05  1.8306186e-06  8.0321536e-07  -1.8556084e-06  7.1426324e-07  2.2577566e-06  -1.2838638e-06  0.0000000   0.00016491218  1.4360662e-06  4.1180667e-06  -5.9115902e-05  1.8306186e-06  8.0321536e-07  
1.3172073e-06  -1.5407634e-06  2.5660337e-07  -2.1757099e-06  -0.00016491218  0.0000000   -3.4008141e-06  -1.0694461e-05  0.00026607838  1.1458432e-07  -1.3877918e-06  1.3172073e-06  -1.5407634e-06  2.5660337e-07  -2.1757099e-06  -0.00016491218  0.0000000   -3.4008141e-06  -1.0694461e-05  0.00026607838  1.1458432e-07  -1.3877918e-06  
-7.9094553e-05  8.9021112e-05  -2.9083299e-05  9.9083044e-05  -1.4360662e-06  3.4008141e-06  0.0000000   -0.00024756470  -8.2173593e-06  5.1695960e-05  0.00016402987  -7.9094553e-05  8.9021112e-05  -2.9083299e-05  9.9083044e-05  -1.4360662e-06  3.4008141e-06  0.0000000   -0.00024756470  -8.2173593e-06  5.1695960e-05  0.00016402987  
-4.8106634e-05  6.2700427e-05  7.3208072e-05  1.5670089e-06  -4.1180667e-06  1.0694461e-05  0.00024756470  0.0000000   3.2355611e-06  -0.00014519866  -1.0178876e-05  -4.8106634e-05  6.2700427e-05  7.3208072e-05  1.5670089e-06  -4.1180667e-06  1.0694461e-05  0.00024756470  0.0000000   3.2355611e-06  -0.00014519866  -1.0178876e-05  
-1.6836530e-06  2.9130232e-06  1.5062968e-06  1.3505412e-06  5.9115902e-05  -0.00026607838  8.2173593e-06  -3.2355611e-06  0.0000000   -6.8453860e-06  1.5657218e-06  -1.6836530e-06  2.9130232e-06  1.5062968e-06  1.3505412e-06  5.9115902e-05  -0.00026607838  8.2173593e-06  -3.2355611e-06  0.0000000   -6.8453860e-06  1.5657218e-06  
-6.6129855e-06  1.8328965e-05  3.2830308e-06  8.1595070e-05  -1.8306186e-06  -1.1458432e-07  -5.1695960e-05  0.00014519866  6.8453860e-06  0.0000000   0.00034664495  -6.6129855e-06  1.8328965e-05  3.2830308e-06  8.1595070e-05  -1.8306186e-06  -1.1458432e-07  -5.1695960e-05  0.00014519866  6.8453860e-06  0.0000000   0.00034664495  
-5.8062644e-05  6.4330888e-05  -8.8494249e-05  -2.6644664e-06  -8.0321536e-07  1.3877918e-06  -0.00016402987  1.0178876e-05  -1.5657218e-06  -0.00034664495  0.0000000   -5.8062644e-05  6.4330888e-05  -8.8494249e-05  -2.6644664e-06  -8.0321536e-07  1.3877918e-06  -0.00016402987  1.0178876e-05  -1.5657218e-06  -0.00034664495  0.0000000   
