0.0000000   -1.5040491e-05  -0.00051539704  0.00018392499  1.1608179e-05  2.5074876e-06  -7.9020644e-05  6.4424027e-05  2.1138858e-05  5.0429959e-06  2.3944338e-06  0.0000000   -1.5040491e-05  -0.00051539704  0.00018392499  1.1608179e-05  2.5074876e-06  -7.9020644e-05  6.4424027e-05  2.1138858e-05  5.0429959e-06  2.3944338e-06  
1.5040491e-05  0.0000000   1.6369270e-05  -9.7839091e-06  1.1048641e-05  0.00010051584  3.4110028e-06  -1.4889982e-06  5.3883066e-06  0.00021321958  4.1149192e-05  1.5040491e-05  0.0000000   1.6369270e-05  -9.7839091e-06  1.1048641e-05  0.00010051584  3.4110028e-06  -1.4889982e-06  5.3883066e-06  0.00021321958  4.1149192e-05  
0.00051539704  -1.6369270e-05  0.0000000   -0.00010042269  0.00018929338  -4.1096041e-06  8.7575719e-05  4.6143252e-05  1.0590694e-06  -5.9246095e-06  2.2651073e-06  0.00051539704  -1.6369270e-05  0.0000000   -0.00010042269  0.00018929338  -4.1096041e-06  8.7575719e-05  4.6143252e-05  1.0590694e-06  -5.9246095e-06  2.2651073e-06  
-0.00018392499  9.7839091e-06  0.00010042269  0.0000000   -0.00037564902  -4.0436580e-07  -0.00011429887  0.00013976681  -0.00023922658  5.4207956e-06  1.1534950e-07  -0.00018392499  9.7839091e-06  0.00010042269  0.0000000   -0.00037564902  -4.0436580e-07  -0.00011429887  0.00013976681  -0.00023922658  5.4207956e-06  1.1534950e-07  
-1.1608179e-05  -1.1048641e-05  -0.00018929338  0.00037564902  0.0000000   -7.0154449e-07  0.00034918085  0.00028448357  -0.00011719881  2.9182843e-06  4.7732136e-06  -1.1608179e-05  -1.1048641e-05  -0.00018929338  0.00037564902  0.0000000   -7.0154449e-07  0.00034918085  0.00028448357  -0.00011719881  2.9182843e-06  4.7732136e-06  
-2.5074876e-06  -0.00010051584  4.1096041e-06  4.0436580e-07  7.0154449e-07  0.0000000   -2.4515256e-06  2.7599935e-06  5.6390031e-07  -0.00013956319  -2.7601546e-05  -2.5074876e-06  -0.00010051584  4.1096041e-06  4.0436580e-07  7.0154449e-07  0.0000000   -2.4515256e-06  2.7599935e-06  5.6390031e-07  -0.00013956319  -2.7601546e-05  
7.9020644e-05  -3.4110028e-06  -8.7575719e-05  0.00011429887  -0.00034918085  2.4515256e-06  0.0000000   -0.00069492315  0.00037463769  -3.8298486e-06  5.8464573e-06  7.9020644e-05  -3.4110028e-06  -8.7575719e-05  0.00011429887  -0.00034918085  2.4515256e-06  0.0000000   -0.00069492315  0.00037463769  -3.8298486e-06  5.8464573e-06  
-6.4424027e-05  1.4889982e-06  -4.6143252e-05  -0.00013976681  -0.00028448357  -2.7599935e-06  0.00069492315  0.0000000   -0.0012901501  1.6661813e-05  1.7767234e-05  -6.4424027e-05  1.4889982e-06  -4.6143252e-05  -0.00013976681  -0.00028448357  -2.7599935e-06  0.00069492315  0.0000000   -0.0012901501  1.6661813e-05  1.7767234e-05  
-2.1138858e-05  -5.3883066e-06  -1.0590694e-06  0.00023922658  0.00011719881  -5.6390031e-07  -0.00037463769  0.0012901501  0.0000000   3.1768635e-06  -1.1805984e-05  -2.1138858e-05  -5.3883066e-06  -1.0590694e-06  0.00023922658  0.00011719881  -5.6390031e-07  -0.00037463769  0.0012901501  0.0000000   3.1768635e-06  -1.1805984e-05  
-5.0429959e-06  -0.00021321958  5.9246095e-06  -5.4207956e-06  -2.9182843e-06  0.00013956319  3.8298486e-06  -1.6661813e-05  -3.1768635e-06  0.0000000   -0.00015948477  -5.0429959e-06  -0.00021321958  5.9246095e-06  -5.4207956e-06  -2.9182843e-06  0.00013956319  3.8298486e-06  -1.6661813e-05  -3.1768635e-06  0.0000000   -0.00015948477  
-2.3944338e-06  -4.1149192e-05  -2.2651073e-06  -1.1534950e-07  -4.7732136e-06  2.7601546e-05  -5.8464573e-06  -1.7767234e-05  1.1805984e-05  0.00015948477  0.0000000   -2.3944338e-06  -4.1149192e-05  -2.2651073e-06  -1.1534950e-07  -4.7732136e-06  2.7601546e-05  -5.8464573e-06  -1.7767234e-05  1.1805984e-05  0.00015948477  0.0000000   
0.0000000   -1.5040491e-05  -0.00051539704  0.00018392499  1.1608179e-05  2.5074876e-06  -7.9020644e-05  6.4424027e-05  2.1138858e-05  5.0429959e-06  2.3944338e-06  0.0000000   -1.5040491e-05  -0.00051539704  0.00018392499  1.1608179e-05  2.5074876e-06  -7.9020644e-05  6.4424027e-05  2.1138858e-05  5.0429959e-06  2.3944338e-06  
1.5040491e-05  0.0000000   1.6369270e-05  -9.7839091e-06  1.1048641e-05  0.00010051584  3.4110028e-06  -1.4889982e-06  5.3883066e-06  0.00021321958  4.1149192e-05  1.5040491e-05  0.0000000   1.6369270e-05  -9.7839091e-06  1.1048641e-05  0.00010051584  3.4110028e-06  -1.4889982e-06  5.3883066e-06  0.00021321958  4.1149192e-05  
0.00051539704  -1.6369270e-05  0.0000000   -0.00010042269  0.00018929338  -4.1096041e-06  8.7575719e-05  4.6143252e-05  1.0590694e-06  -5.9246095e-06  2.2651073e-06  0.00051539704  -1.6369270e-05  0.0000000   -0.00010042269  0.00018929338  -4.1096041e-06  8.7575719e-05  4.6143252e-05  1.0590694e-06  -5.9246095e-06  2.2651073e-06  
-0.00018392499  9.7839091e-06  0.00010042269  0.0000000   -0.00037564902  -4.0436580e-07  -0.00011429887  0.00013976681  -0.00023922658  5.4207956e-06  1.1534950e-07  -0.00018392499  9.7839091e-06  0.00010042269  0.0000000   -0.00037564902  -4.0436580e-07  -0.00011429887  0.00013976681  -0.00023922658  5.4207956e-06  1.1534950e-07  
-1.1608179e-05  -1.1048641e-05  -0.00018929338  0.00037564902  0.0000000   -7.0154449e-07  0.00034918085  0.00028448357  -0.00011719881  2.9182843e-06  4.7732136e-06  -1.1608179e-05  -1.1048641e-05  -0.00018929338  0.00037564902  0.0000000   -7.0154449e-07  0.00034918085  0.00028448357  -0.00011719881  2.9182843e-06  4.7732136e-06  
-2.5074876e-06  -0.00010051584  4.1096041e-06  4.0436580e-07  7.0154449e-07  0.0000000   -2.4515256e-06  2.7599935e-06  5.6390031e-07  -0.00013956319  -2.7601546e-05  -2.5074876e-06  -0.00010051584  4.1096041e-06  4.0436580e-07  7.0154449e-07  0.0000000   -2.4515256e-06  2.7599935e-06  5.6390031e-07  -0.00013956319  -2.7601546e-05  
7.9020644e-05  -3.4110028e-06  -8.7575719e-05  0.00011429887  -0.00034918085  2.4515256e-06  0.0000000   -0.00069492315  0.00037463769  -3.8298486e-06  5.8464573e-06  7.9020644e-05  -3.4110028e-06  -8.7575719e-05  0.00011429887  -0.00034918085  2.4515256e-06  0.0000000   -0.00069492315  0.00037463769  -3.8298486e-06  5.8464573e-06  
-6.4424027e-05  1.4889982e-06  -4.6143252e-05  -0.00013976681  -0.00028448357  -2.7599935e-06  0.00069492315  0.0000000   -0.0012901501  1.6661813e-05  1.7767234e-05  -6.4424027e-05  1.4889982e-06  -4.6143252e-05  -0.00013976681  -0.00028448357  -2.7599935e-06  0.00069492315  0.0000000   -0.0012901501  1.6661813e-05  1.7767234e-05  
-2.1138858e-05  -5.3883066e-06  -1.0590694e-06  0.00023922658  0.00011719881  -5.6390031e-07  -0.00037463769  0.0012901501  0.0000000   3.1768635e-06  -1.1805984e-05  -2.1138858e-05  -5.3883066e-06  -1.0590694e-06  0.00023922658  0.00011719881  -5.6390031e-07  -0.00037463769  0.0012901501  0.0000000   3.1768635e-06  -1.1805984e-05  
-5.0429959e-06  -0.00021321958  5.9246095e-06  -5.4207956e-06  -2.9182843e-06  0.00013956319  3.8298486e-06  -1.6661813e-05  -3.1768635e-06  0.0000000   -0.00015948477  -5.0429959e-06  -0.00021321958  5.9246095e-06  -5.4207956e-06  -2.9182843e-06  0.00013956319  3.8298486e-06  -1.6661813e-05  -3.1768635e-06  0.0000000   -0.00015948477  
-2.3944338e-06  -4.1149192e-05  -2.2651073e-06  -1.1534950e-07  -4.7732136e-06  2.7601546e-05  -5.8464573e-06  -1.7767234e-05  1.1805984e-05  0.00015948477  0.0000000   -2.3944338e-06  -4.1149192e-05  -2.2651073e-06  -1.1534950e-07  -4.7732136e-06  2.7601546e-05  -5.8464573e-06  -1.7767234e-05  1.1805984e-05  0.00015948477  0.0000000   
