0.0000000   0.00016516571  -5.4149242e-06  -5.6026145e-05  2.2947103e-05  -7.0633697e-06  -4.5674909e-05  -2.7854486e-05  -4.0776172e-05  -4.4799270e-06  -9.2562728e-07  0.0000000   0.00016516571  -5.4149242e-06  -5.6026145e-05  2.2947103e-05  -7.0633697e-06  -4.5674909e-05  -2.7854486e-05  -4.0776172e-05  -4.4799270e-06  -9.2562728e-07  
-0.00016516571  0.0000000   1.1705830e-05  0.00022665191  -0.00011943136  2.5560618e-05  0.00014555923  5.5162934e-07  0.00047865445  1.8291329e-05  3.1370616e-06  -0.00016516571  0.0000000   1.1705830e-05  0.00022665191  -0.00011943136  2.5560618e-05  0.00014555923  5.5162934e-07  0.00047865445  1.8291329e-05  3.1370616e-06  
5.4149242e-06  -1.1705830e-05  0.0000000   1.7286121e-05  3.0553245e-05  5.4593900e-05  -6.3516233e-06  -2.6633686e-05  1.1586650e-05  -0.00023515531  0.00017748542  5.4149242e-06  -1.1705830e-05  0.0000000   1.7286121e-05  3.0553245e-05  5.4593900e-05  -6.3516233e-06  -2.6633686e-05  1.1586650e-05  -0.00023515531  0.00017748542  
5.6026145e-05  -0.00022665191  -1.7286121e-05  0.0000000   0.00067924304  2.8150010e-05  0.00017205847  -0.00020614107  0.00018974513  2.6505691e-05  -5.4526317e-06  5.6026145e-05  -0.00022665191  -1.7286121e-05  0.0000000   0.00067924304  2.8150010e-05  0.00017205847  -0.00020614107  0.00018974513  2.6505691e-05  -5.4526317e-06  
-2.2947103e-05  0.00011943136  -3.0553245e-05  -0.00067924304  0.0000000   1.0670402e-05  0.00015690769  0.00060516299  5.8313092e-05  -7.6349369e-06  7.6937995e-06  -2.2947103e-05  0.00011943136  -3.0553245e-05  -0.00067924304  0.0000000   1.0670402e-05  0.00015690769  0.00060516299  5.8313092e-05  -7.6349369e-06  7.6937995e-06  
7.0633697e-06  -2.5560618e-05  -5.4593900e-05  -2.8150010e-05  -1.0670402e-05  0.0000000   6.1162245e-06  1.9726544e-05  1.0092148e-05  -7.9731367e-05  -0.00025978279  7.0633697e-06  -2.5560618e-05  -5.4593900e-05  -2.8150010e-05  -1.0670402e-05  0.0000000   6.1162245e-06  1.9726544e-05  1.0092148e-05  -7.9731367e-05  -0.00025978279  
4.5674909e-05  -0.00014555923  6.3516233e-06  -0.00017205847  -0.00015690769  -6.1162245e-06  0.0000000   0.00015125844  -6.2829887e-05  5.3545534e-06  4.5861453e-05  4.5674909e-05  -0.00014555923  6.3516233e-06  -0.00017205847  -0.00015690769  -6.1162245e-06  0.0000000   0.00015125844  -6.2829887e-05  5.3545534e-06  4.5861453e-05  
2.7854486e-05  -5.5162934e-07  2.6633686e-05  0.00020614107  -0.00060516299  -1.9726544e-05  -0.00015125844  0.0000000   -0.0010199876  -5.3231742e-05  -3.0228946e-06  2.7854486e-05  -5.5162934e-07  2.6633686e-05  0.00020614107  -0.00060516299  -1.9726544e-05  -0.00015125844  0.0000000   -0.0010199876  -5.3231742e-05  -3.0228946e-06  
4.0776172e-05  -0.00047865445  -1.1586650e-05  -0.00018974513  -5.8313092e-05  -1.0092148e-05  6.2829887e-05  0.0010199876  0.0000000   -3.3845128e-06  1.9047705e-05  4.0776172e-05  -0.00047865445  -1.1586650e-05  -0.00018974513  -5.8313092e-05  -1.0092148e-05  6.2829887e-05  0.0010199876  0.0000000   -3.3845128e-06  1.9047705e-05  
4.4799270e-06  -1.8291329e-05  0.00023515531  -2.6505691e-05  7.6349369e-06  7.9731367e-05  -5.3545534e-06  5.3231742e-05  3.3845128e-06  0.0000000   -0.00045097300  4.4799270e-06  -1.8291329e-05  0.00023515531  -2.6505691e-05  7.6349369e-06  7.9731367e-05  -5.3545534e-06  5.3231742e-05  3.3845128e-06  0.0000000   -0.00045097300  
9.2562728e-07  -3.1370616e-06  -0.00017748542  5.4526317e-06  -7.6937995e-06  0.00025978279  -4.5861453e-05  3.0228946e-06  -1.9047705e-05  0.00045097300  0.0000000   9.2562728e-07  -3.1370616e-06  -0.00017748542  5.4526317e-06  -7.6937995e-06  0.00025978279  -4.5861453e-05  3.0228946e-06  -1.9047705e-05  0.00045097300  0.0000000   
0.0000000   0.00016516571  -5.4149242e-06  -5.6026145e-05  2.2947103e-05  -7.0633697e-06  -4.5674909e-05  -2.7854486e-05  -4.0776172e-05  -4.4799270e-06  -9.2562728e-07  0.0000000   0.00016516571  -5.4149242e-06  -5.6026145e-05  2.2947103e-05  -7.0633697e-06  -4.5674909e-05  -2.7854486e-05  -4.0776172e-05  -4.4799270e-06  -9.2562728e-07  
-0.00016516571  0.0000000   1.1705830e-05  0.00022665191  -0.00011943136  2.5560618e-05  0.00014555923  5.5162934e-07  0.00047865445  1.8291329e-05  3.1370616e-06  -0.00016516571  0.0000000   1.1705830e-05  0.00022665191  -0.00011943136  2.5560618e-05  0.00014555923  5.5162934e-07  0.00047865445  1.8291329e-05  3.1370616e-06  
5.4149242e-06  -1.1705830e-05  0.0000000   1.7286121e-05  3.0553245e-05  5.4593900e-05  -6.3516233e-06  -2.6633686e-05  1.1586650e-05  -0.00023515531  0.00017748542  5.4149242e-06  -1.1705830e-05  0.0000000   1.7286121e-05  3.0553245e-05  5.4593900e-05  -6.3516233e-06  -2.6633686e-05  1.1586650e-05  -0.00023515531  0.00017748542  
5.6026145e-05  -0.00022665191  -1.7286121e-05  0.0000000   0.00067924304  2.8150010e-05  0.00017205847  -0.00020614107  0.00018974513  2.6505691e-05  -5.4526317e-06  5.6026145e-05  -0.00022665191  -1.7286121e-05  0.0000000   0.00067924304  2.8150010e-05  0.00017205847  -0.00020614107  0.00018974513  2.6505691e-05  -5.4526317e-06  
-2.2947103e-05  0.00011943136  -3.0553245e-05  -0.00067924304  0.0000000   1.0670402e-05  0.00015690769  0.00060516299  5.8313092e-05  -7.6349369e-06  7.6937995e-06  -2.2947103e-05  0.00011943136  -3.0553245e-05  -0.00067924304  0.0000000   1.0670402e-05  0.00015690769  0.00060516299  5.8313092e-05  -7.6349369e-06  7.6937995e-06  
7.0633697e-06  -2.5560618e-05  -5.4593900e-05  -2.8150010e-05  -1.0670402e-05  0.0000000   6.1162245e-06  1.9726544e-05  1.0092148e-05  -7.9731367e-05  -0.00025978279  7.0633697e-06  -2.5560618e-05  -5.4593900e-05  -2.8150010e-05  -1.0670402e-05  0.0000000   6.1162245e-06  1.9726544e-05  1.0092148e-05  -7.9731367e-05  -0.00025978279  
4.5674909e-05  -0.00014555923  6.3516233e-06  -0.00017205847  -0.00015690769  -6.1162245e-06  0.0000000   0.00015125844  -6.2829887e-05  5.3545534e-06  4.5861453e-05  4.5674909e-05  -0.00014555923  6.3516233e-06  -0.00017205847  -0.00015690769  -6.1162245e-06  0.0000000   0.00015125844  -6.2829887e-05  5.3545534e-06  4.5861453e-05  
2.7854486e-05  -5.5162934e-07  2.6633686e-05  0.00020614107  -0.00060516299  -1.9726544e-05  -0.00015125844  0.0000000   -0.0010199876  -5.3231742e-05  -3.0228946e-06  2.7854486e-05  -5.5162934e-07  2.6633686e-05  0.00020614107  -0.00060516299  -1.9726544e-05  -0.00015125844  0.0000000   -0.0010199876  -5.3231742e-05  -3.0228946e-06  
4.0776172e-05  -0.00047865445  -1.1586650e-05  -0.00018974513  -5.8313092e-05  -1.0092148e-05  6.2829887e-05  0.0010199876  0.0000000   -3.3845128e-06  1.9047705e-05  4.0776172e-05  -0.00047865445  -1.1586650e-05  -0.00018974513  -5.8313092e-05  -1.0092148e-05  6.2829887e-05  0.0010199876  0.0000000   -3.3845128e-06  1.9047705e-05  
4.4799270e-06  -1.8291329e-05  0.00023515531  -2.6505691e-05  7.6349369e-06  7.9731367e-05  -5.3545534e-06  5.3231742e-05  3.3845128e-06  0.0000000   -0.00045097300  4.4799270e-06  -1.8291329e-05  0.00023515531  -2.6505691e-05  7.6349369e-06  7.9731367e-05  -5.3545534e-06  5.3231742e-05  3.3845128e-06  0.0000000   -0.00045097300  
9.2562728e-07  -3.1370616e-06  -0.00017748542  5.4526317e-06  -7.6937995e-06  0.00025978279  -4.5861453e-05  3.0228946e-06  -1.9047705e-05  0.00045097300  0.0000000   9.2562728e-07  -3.1370616e-06  -0.00017748542  5.4526317e-06  -7.6937995e-06  0.00025978279  -4.5861453e-05  3.0228946e-06  -1.9047705e-05  0.00045097300  0.0000000   
