0.0000000   0.00061713947  1.8740852e-06  1.8611439e-07  -3.1427117e-06  1.3154428e-06  2.1923194e-06  6.6374450e-05  4.6201561e-06  -2.2463132e-07  7.2657984e-05  0.0000000   0.00061713947  1.8740852e-06  1.8611439e-07  -3.1427117e-06  1.3154428e-06  2.1923194e-06  6.6374450e-05  4.6201561e-06  -2.2463132e-07  7.2657984e-05  
-0.00061713947  0.0000000   1.7038757e-06  5.3725037e-07  -8.1367548e-07  -6.9914940e-07  3.4161637e-07  -1.7467390e-06  -2.0667801e-07  -1.1853643e-08  -4.7839470e-05  -0.00061713947  0.0000000   1.7038757e-06  5.3725037e-07  -8.1367548e-07  -6.9914940e-07  3.4161637e-07  -1.7467390e-06  -2.0667801e-07  -1.1853643e-08  -4.7839470e-05  
-1.8740852e-06  -1.7038757e-06  0.0000000   0.00023033135  1.8368810e-06  1.1547287e-05  6.1782868e-05  -4.3140097e-06  4.9187218e-05  1.6582251e-05  -9.2556559e-07  -1.8740852e-06  -1.7038757e-06  0.0000000   0.00023033135  1.8368810e-06  1.1547287e-05  6.1782868e-05  -4.3140097e-06  4.9187218e-05  1.6582251e-05  -9.2556559e-07  
-1.8611439e-07  -5.3725037e-07  -0.00023033135  0.0000000   -4.5713945e-06  0.00011745227  5.4375307e-05  6.5607073e-06  -6.3577614e-05  4.4335993e-05  -7.9043011e-07  -1.8611439e-07  -5.3725037e-07  -0.00023033135  0.0000000   -4.5713945e-06  0.00011745227  5.4375307e-05  6.5607073e-06  -6.3577614e-05  4.4335993e-05  -7.9043011e-07  
3.1427117e-06  8.1367548e-07  -1.8368810e-06  4.5713945e-06  0.0000000   -2.9807967e-07  5.4182210e-07  -0.00018133791  -1.3146419e-05  1.3298518e-06  3.5816413e-07  3.1427117e-06  8.1367548e-07  -1.8368810e-06  4.5713945e-06  0.0000000   -2.9807967e-07  5.4182210e-07  -0.00018133791  -1.3146419e-05  1.3298518e-06  3.5816413e-07  
-1.3154428e-06  6.9914940e-07  -1.1547287e-05  -0.00011745227  2.9807967e-07  0.0000000   -2.8083545e-05  -2.7456416e-05  0.00032728643  -5.3142614e-05  -2.8184017e-06  -1.3154428e-06  6.9914940e-07  -1.1547287e-05  -0.00011745227  2.9807967e-07  0.0000000   -2.8083545e-05  -2.7456416e-05  0.00032728643  -5.3142614e-05  -2.8184017e-06  
-2.1923194e-06  -3.4161637e-07  -6.1782868e-05  -5.4375307e-05  -5.4182210e-07  2.8083545e-05  0.0000000   6.5990056e-06  -9.3536219e-05  5.9754721e-05  -5.1909524e-07  -2.1923194e-06  -3.4161637e-07  -6.1782868e-05  -5.4375307e-05  -5.4182210e-07  2.8083545e-05  0.0000000   6.5990056e-06  -9.3536219e-05  5.9754721e-05  -5.1909524e-07  
-6.6374450e-05  1.7467390e-06  4.3140097e-06  -6.5607073e-06  0.00018133791  2.7456416e-05  -6.5990056e-06  0.0000000   -8.3702826e-06  -3.0536588e-05  -5.9248427e-05  -6.6374450e-05  1.7467390e-06  4.3140097e-06  -6.5607073e-06  0.00018133791  2.7456416e-05  -6.5990056e-06  0.0000000   -8.3702826e-06  -3.0536588e-05  -5.9248427e-05  
-4.6201561e-06  2.0667801e-07  -4.9187218e-05  6.3577614e-05  1.3146419e-05  -0.00032728643  9.3536219e-05  8.3702826e-06  0.0000000   0.00036989614  -1.6034006e-06  -4.6201561e-06  2.0667801e-07  -4.9187218e-05  6.3577614e-05  1.3146419e-05  -0.00032728643  9.3536219e-05  8.3702826e-06  0.0000000   0.00036989614  -1.6034006e-06  
2.2463132e-07  1.1853643e-08  -1.6582251e-05  -4.4335993e-05  -1.3298518e-06  5.3142614e-05  -5.9754721e-05  3.0536588e-05  -0.00036989614  0.0000000   1.8107419e-06  2.2463132e-07  1.1853643e-08  -1.6582251e-05  -4.4335993e-05  -1.3298518e-06  5.3142614e-05  -5.9754721e-05  3.0536588e-05  -0.00036989614  0.0000000   1.8107419e-06  
-7.2657984e-05  4.7839470e-05  9.2556559e-07  7.9043011e-07  -3.5816413e-07  2.8184017e-06  5.1909524e-07  5.9248427e-05  1.6034006e-06  -1.8107419e-06  0.0000000   -7.2657984e-05  4.7839470e-05  9.2556559e-07  7.9043011e-07  -3.5816413e-07  2.8184017e-06  5.1909524e-07  5.9248427e-05  1.6034006e-06  -1.8107419e-06  0.0000000   
0.0000000   0.00061713947  1.8740852e-06  1.8611439e-07  -3.1427117e-06  1.3154428e-06  2.1923194e-06  6.6374450e-05  4.6201561e-06  -2.2463132e-07  7.2657984e-05  0.0000000   0.00061713947  1.8740852e-06  1.8611439e-07  -3.1427117e-06  1.3154428e-06  2.1923194e-06  6.6374450e-05  4.6201561e-06  -2.2463132e-07  7.2657984e-05  
-0.00061713947  0.0000000   1.7038757e-06  5.3725037e-07  -8.1367548e-07  -6.9914940e-07  3.4161637e-07  -1.7467390e-06  -2.0667801e-07  -1.1853643e-08  -4.7839470e-05  -0.00061713947  0.0000000   1.7038757e-06  5.3725037e-07  -8.1367548e-07  -6.9914940e-07  3.4161637e-07  -1.7467390e-06  -2.0667801e-07  -1.1853643e-08  -4.7839470e-05  
-1.8740852e-06  -1.7038757e-06  0.0000000   0.00023033135  1.8368810e-06  1.1547287e-05  6.1782868e-05  -4.3140097e-06  4.9187218e-05  1.6582251e-05  -9.2556559e-07  -1.8740852e-06  -1.7038757e-06  0.0000000   0.00023033135  1.8368810e-06  1.1547287e-05  6.1782868e-05  -4.3140097e-06  4.9187218e-05  1.6582251e-05  -9.2556559e-07  
-1.8611439e-07  -5.3725037e-07  -0.00023033135  0.0000000   -4.5713945e-06  0.00011745227  5.4375307e-05  6.5607073e-06  -6.3577614e-05  4.4335993e-05  -7.9043011e-07  -1.8611439e-07  -5.3725037e-07  -0.00023033135  0.0000000   -4.5713945e-06  0.00011745227  5.4375307e-05  6.5607073e-06  -6.3577614e-05  4.4335993e-05  -7.9043011e-07  
3.1427117e-06  8.1367548e-07  -1.8368810e-06  4.5713945e-06  0.0000000   -2.9807967e-07  5.4182210e-07  -0.00018133791  -1.3146419e-05  1.3298518e-06  3.5816413e-07  3.1427117e-06  8.1367548e-07  -1.8368810e-06  4.5713945e-06  0.0000000   -2.9807967e-07  5.4182210e-07  -0.00018133791  -1.3146419e-05  1.3298518e-06  3.5816413e-07  
-1.3154428e-06  6.9914940e-07  -1.1547287e-05  -0.00011745227  2.9807967e-07  0.0000000   -2.8083545e-05  -2.7456416e-05  0.00032728643  -5.3142614e-05  -2.8184017e-06  -1.3154428e-06  6.9914940e-07  -1.1547287e-05  -0.00011745227  2.9807967e-07  0.0000000   -2.8083545e-05  -2.7456416e-05  0.00032728643  -5.3142614e-05  -2.8184017e-06  
-2.1923194e-06  -3.4161637e-07  -6.1782868e-05  -5.4375307e-05  -5.4182210e-07  2.8083545e-05  0.0000000   6.5990056e-06  -9.3536219e-05  5.9754721e-05  -5.1909524e-07  -2.1923194e-06  -3.4161637e-07  -6.1782868e-05  -5.4375307e-05  -5.4182210e-07  2.8083545e-05  0.0000000   6.5990056e-06  -9.3536219e-05  5.9754721e-05  -5.1909524e-07  
-6.6374450e-05  1.7467390e-06  4.3140097e-06  -6.5607073e-06  0.00018133791  2.7456416e-05  -6.5990056e-06  0.0000000   -8.3702826e-06  -3.0536588e-05  -5.9248427e-05  -6.6374450e-05  1.7467390e-06  4.3140097e-06  -6.5607073e-06  0.00018133791  2.7456416e-05  -6.5990056e-06  0.0000000   -8.3702826e-06  -3.0536588e-05  -5.9248427e-05  
-4.6201561e-06  2.0667801e-07  -4.9187218e-05  6.3577614e-05  1.3146419e-05  -0.00032728643  9.3536219e-05  8.3702826e-06  0.0000000   0.00036989614  -1.6034006e-06  -4.6201561e-06  2.0667801e-07  -4.9187218e-05  6.3577614e-05  1.3146419e-05  -0.00032728643  9.3536219e-05  8.3702826e-06  0.0000000   0.00036989614  -1.6034006e-06  
2.2463132e-07  1.1853643e-08  -1.6582251e-05  -4.4335993e-05  -1.3298518e-06  5.3142614e-05  -5.9754721e-05  3.0536588e-05  -0.00036989614  0.0000000   1.8107419e-06  2.2463132e-07  1.1853643e-08  -1.6582251e-05  -4.4335993e-05  -1.3298518e-06  5.3142614e-05  -5.9754721e-05  3.0536588e-05  -0.00036989614  0.0000000   1.8107419e-06  
-7.2657984e-05  4.7839470e-05  9.2556559e-07  7.9043011e-07  -3.5816413e-07  2.8184017e-06  5.1909524e-07  5.9248427e-05  1.6034006e-06  -1.8107419e-06  0.0000000   -7.2657984e-05  4.7839470e-05  9.2556559e-07  7.9043011e-07  -3.5816413e-07  2.8184017e-06  5.1909524e-07  5.9248427e-05  1.6034006e-06  -1.8107419e-06  0.0000000   
