-0.99885410  -0.037942700  0.016907718  -0.0062660125  0.00015629225  0.0024595174  0.0038316525  -0.0021809724  -0.00062350935  -0.00021435752  -0.0016406990  -0.99885410  -0.037942700  0.016907718  -0.0062660125  0.00015629225  0.0024595174  0.0038316525  -0.0021809724  -0.00062350935  -0.00021435752  -0.0016406990  
-0.036408707  0.99545782  0.082740363  -0.013771088  -0.0025207237  -0.0040309116  -0.00043831223  -0.0056614513  -0.0032108926  -0.010045852  -0.0012544701  -0.036408707  0.99545782  0.082740363  -0.013771088  -0.0025207237  -0.0040309116  -0.00043831223  -0.0056614513  -0.0032108926  -0.010045852  -0.0012544701  
0.019926679  -0.082010534  0.99597348  0.0069557220  0.0066273691  -0.0027147008  0.0029018033  0.0030583619  0.00034798399  -0.0074640915  0.0060787661  0.019926679  -0.082010534  0.99597348  0.0069557220  0.0066273691  -0.0027147008  0.0029018033  0.0030583619  0.00034798399  -0.0074640915  0.0060787661  
0.0069175636  -0.014008478  0.0056563008  -0.99941976  0.015497023  0.0033996047  0.0048582303  -0.0053651128  0.0094562881  0.0032676194  0.0050083430  0.0069175636  -0.014008478  0.0056563008  -0.99941976  0.015497023  0.0033996047  0.0048582303  -0.0053651128  0.0094562881  0.0032676194  0.0050083430  
0.00012914289  -0.0035100264  0.0066859475  -0.015309931  -0.99929552  -0.0026002319  -0.013683035  -0.013022945  0.0046369184  -0.0016919562  0.0011940169  0.00012914289  -0.0035100264  0.0066859475  -0.015309931  -0.99929552  -0.0026002319  -0.013683035  -0.013022945  0.0046369184  -0.0016919562  0.0011940169  
0.0023765600  0.0039763984  0.0030785577  0.0034672748  -0.0025524660  0.99986021  0.0017484646  -0.0041326291  0.0040517607  0.0044675029  0.0011971838  0.0023765600  0.0039763984  0.0030785577  0.0034672748  -0.0025524660  0.99986021  0.0017484646  -0.0041326291  0.0040517607  0.0044675029  0.0011971838  
-0.0037754830  -0.00062682789  0.0027223396  -0.0049279523  0.013228188  0.0019697504  -0.99890936  0.034842140  -0.017667274  0.0020631340  0.0083368351  -0.0037754830  -0.00062682789  0.0027223396  -0.0049279523  0.013228188  0.0019697504  -0.99890936  0.034842140  -0.017667274  0.0020631340  0.0083368351  
-0.0021672745  0.0056824707  -0.0026204708  -0.0059067961  -0.013839431  0.0042387473  0.035444022  0.99766509  -0.047632085  -0.0033324614  0.012371496  -0.0021672745  0.0056824707  -0.0026204708  -0.0059067961  -0.013839431  0.0042387473  0.035444022  0.99766509  -0.047632085  -0.0033324614  0.012371496  
-0.0010466721  0.0038399848  -1.6460950e-05  0.0093394590  0.0041045985  -0.0040347659  -0.015789893  0.048364602  0.99779654  0.036642527  0.0089553484  -0.0010466721  0.0038399848  -1.6460950e-05  0.0093394590  0.0041045985  -0.0040347659  -0.015789893  0.048364602  0.99779654  0.036642527  0.0089553484  
-0.00040726073  0.0093405228  0.0082340211  0.0027772808  -0.0020021032  -0.0043617341  0.0026574272  0.0012554857  -0.036855418  0.99897614  0.0061995048  -0.00040726073  0.0093405228  0.0082340211  0.0027772808  -0.0020021032  -0.0043617341  0.0026574272  0.0012554857  -0.036855418  0.99897614  0.0061995048  
0.0017338737  -0.0018267730  0.0062515242  -0.0049872209  -0.00090052767  0.0011802813  -0.0078311065  0.013687729  0.0079618698  0.0064952030  -0.99871457  0.0017338737  -0.0018267730  0.0062515242  -0.0049872209  -0.00090052767  0.0011802813  -0.0078311065  0.013687729  0.0079618698  0.0064952030  -0.99871457  
-0.99885410  -0.037942700  0.016907718  -0.0062660125  0.00015629225  0.0024595174  0.0038316525  -0.0021809724  -0.00062350935  -0.00021435752  -0.0016406990  -0.99885410  -0.037942700  0.016907718  -0.0062660125  0.00015629225  0.0024595174  0.0038316525  -0.0021809724  -0.00062350935  -0.00021435752  -0.0016406990  
-0.036408707  0.99545782  0.082740363  -0.013771088  -0.0025207237  -0.0040309116  -0.00043831223  -0.0056614513  -0.0032108926  -0.010045852  -0.0012544701  -0.036408707  0.99545782  0.082740363  -0.013771088  -0.0025207237  -0.0040309116  -0.00043831223  -0.0056614513  -0.0032108926  -0.010045852  -0.0012544701  
0.019926679  -0.082010534  0.99597348  0.0069557220  0.0066273691  -0.0027147008  0.0029018033  0.0030583619  0.00034798399  -0.0074640915  0.0060787661  0.019926679  -0.082010534  0.99597348  0.0069557220  0.0066273691  -0.0027147008  0.0029018033  0.0030583619  0.00034798399  -0.0074640915  0.0060787661  
0.0069175636  -0.014008478  0.0056563008  -0.99941976  0.015497023  0.0033996047  0.0048582303  -0.0053651128  0.0094562881  0.0032676194  0.0050083430  0.0069175636  -0.014008478  0.0056563008  -0.99941976  0.015497023  0.0033996047  0.0048582303  -0.0053651128  0.0094562881  0.0032676194  0.0050083430  
0.00012914289  -0.0035100264  0.0066859475  -0.015309931  -0.99929552  -0.0026002319  -0.013683035  -0.013022945  0.0046369184  -0.0016919562  0.0011940169  0.00012914289  -0.0035100264  0.0066859475  -0.015309931  -0.99929552  -0.0026002319  -0.013683035  -0.013022945  0.0046369184  -0.0016919562  0.0011940169  
0.0023765600  0.0039763984  0.0030785577  0.0034672748  -0.0025524660  0.99986021  0.0017484646  -0.0041326291  0.0040517607  0.0044675029  0.0011971838  0.0023765600  0.0039763984  0.0030785577  0.0034672748  -0.0025524660  0.99986021  0.0017484646  -0.0041326291  0.0040517607  0.0044675029  0.0011971838  
-0.0037754830  -0.00062682789  0.0027223396  -0.0049279523  0.013228188  0.0019697504  -0.99890936  0.034842140  -0.017667274  0.0020631340  0.0083368351  -0.0037754830  -0.00062682789  0.0027223396  -0.0049279523  0.013228188  0.0019697504  -0.99890936  0.034842140  -0.017667274  0.0020631340  0.0083368351  
-0.0021672745  0.0056824707  -0.0026204708  -0.0059067961  -0.013839431  0.0042387473  0.035444022  0.99766509  -0.047632085  -0.0033324614  0.012371496  -0.0021672745  0.0056824707  -0.0026204708  -0.0059067961  -0.013839431  0.0042387473  0.035444022  0.99766509  -0.047632085  -0.0033324614  0.012371496  
-0.0010466721  0.0038399848  -1.6460950e-05  0.0093394590  0.0041045985  -0.0040347659  -0.015789893  0.048364602  0.99779654  0.036642527  0.0089553484  -0.0010466721  0.0038399848  -1.6460950e-05  0.0093394590  0.0041045985  -0.0040347659  -0.015789893  0.048364602  0.99779654  0.036642527  0.0089553484  
-0.00040726073  0.0093405228  0.0082340211  0.0027772808  -0.0020021032  -0.0043617341  0.0026574272  0.0012554857  -0.036855418  0.99897614  0.0061995048  -0.00040726073  0.0093405228  0.0082340211  0.0027772808  -0.0020021032  -0.0043617341  0.0026574272  0.0012554857  -0.036855418  0.99897614  0.0061995048  
0.0017338737  -0.0018267730  0.0062515242  -0.0049872209  -0.00090052767  0.0011802813  -0.0078311065  0.013687729  0.0079618698  0.0064952030  -0.99871457  0.0017338737  -0.0018267730  0.0062515242  -0.0049872209  -0.00090052767  0.0011802813  -0.0078311065  0.013687729  0.0079618698  0.0064952030  -0.99871457  
