0.99974026  -0.0046682435  -0.012329282  -0.0021011637  0.00029647943  0.0036637072  -0.0060373347  0.0016718119  0.00079339041  0.00056482143  0.00075778642  0.99974026  -0.0046682435  -0.012329282  -0.0021011637  0.00029647943  0.0036637072  -0.0060373347  0.0016718119  0.00079339041  0.00056482143  0.00075778642  
-0.0049291855  -0.99921189  -0.031129907  0.0081706669  -0.0012277901  0.0049759213  -0.0042887951  -0.0015491819  0.0013545004  0.0016532630  -0.00098501224  -0.0049291855  -0.99921189  -0.031129907  0.0081706669  -0.0012277901  0.0049759213  -0.0042887951  -0.0015491819  0.0013545004  0.0016532630  -0.00098501224  
0.012263850  -0.030623254  0.99669336  0.070831589  0.010118747  -0.00011991761  -0.0032215674  -0.0024435156  -0.00076735016  -0.0031037198  -0.0015404148  0.012263850  -0.030623254  0.99669336  0.070831589  0.010118747  -0.00011991761  -0.0032215674  -0.0024435156  -0.00076735016  -0.0031037198  -0.0015404148  
0.0012610897  0.010367060  -0.070586334  0.99726020  -0.0068611803  0.0019486134  -0.00097243634  0.0012713422  -0.0011837980  0.0017605200  0.00046204063  0.0012610897  0.010367060  -0.070586334  0.99726020  -0.0068611803  0.0019486134  -0.00097243634  0.0012713422  -0.0011837980  0.0017605200  0.00046204063  
-0.00040152728  -0.00081536644  -0.010607987  0.0061430402  0.99969133  0.00075029472  -0.00075738205  -0.0053174291  -0.0024749421  0.0015833332  0.0018300952  -0.00040152728  -0.00081536644  -0.010607987  0.0061430402  0.99969133  0.00075029472  -0.00075738205  -0.0053174291  -0.0024749421  0.0015833332  0.0018300952  
0.0039403314  -0.0050996685  -0.00026418875  0.0020276495  0.00065831302  -0.99850454  0.048638306  -0.010257270  -0.0017764612  0.016214801  -0.0065377482  0.0039403314  -0.0050996685  -0.00026418875  0.0020276495  0.00065831302  -0.99850454  0.048638306  -0.010257270  -0.0017764612  0.016214801  -0.0065377482  
0.0058157032  -0.0042262425  0.0030528204  0.0010665620  0.00079996794  0.048544926  0.99822034  0.021705032  -0.0062660192  0.015775897  0.016036995  0.0058157032  -0.0042262425  0.0030528204  0.0010665620  0.00079996794  0.048544926  0.99822034  0.021705032  -0.0062660192  0.015775897  0.016036995  
0.0017359115  0.0015192925  -0.0023959595  0.0010251510  -0.0054491112  0.011391457  0.021012035  -0.99843440  -0.048184460  -0.0023946101  -0.0053847352  0.0017359115  0.0015192925  -0.0023959595  0.0010251510  -0.0054491112  0.011391457  0.021012035  -0.99843440  -0.048184460  -0.0023946101  -0.0053847352  
0.00060194321  -0.0013470304  -0.00039360513  -0.0013120641  -0.0022284704  0.00087773134  -0.0077556417  0.047998826  -0.99838553  0.0043799714  0.020476162  0.00060194321  -0.0013470304  -0.00039360513  -0.0013120641  -0.0022284704  0.00087773134  -0.0077556417  0.047998826  -0.99838553  0.0043799714  0.020476162  
0.00063473514  -0.0017414324  -0.0031722289  0.0016127879  0.0015455833  -0.015534439  0.016201279  0.0026536165  -0.0039224177  -0.99940949  0.018868565  0.00063473514  -0.0017414324  -0.0031722289  0.0016127879  0.0015455833  -0.015534439  0.016201279  0.0026536165  -0.0039224177  -0.99940949  0.018868565  
-0.00084987668  -0.00089639139  0.0016925485  -0.00035634355  -0.0018338146  -0.0068850671  -0.015752915  -0.0067893053  0.020765657  0.018786430  0.99902994  -0.00084987668  -0.00089639139  0.0016925485  -0.00035634355  -0.0018338146  -0.0068850671  -0.015752915  -0.0067893053  0.020765657  0.018786430  0.99902994  
0.99974026  -0.0046682435  -0.012329282  -0.0021011637  0.00029647943  0.0036637072  -0.0060373347  0.0016718119  0.00079339041  0.00056482143  0.00075778642  0.99974026  -0.0046682435  -0.012329282  -0.0021011637  0.00029647943  0.0036637072  -0.0060373347  0.0016718119  0.00079339041  0.00056482143  0.00075778642  
-0.0049291855  -0.99921189  -0.031129907  0.0081706669  -0.0012277901  0.0049759213  -0.0042887951  -0.0015491819  0.0013545004  0.0016532630  -0.00098501224  -0.0049291855  -0.99921189  -0.031129907  0.0081706669  -0.0012277901  0.0049759213  -0.0042887951  -0.0015491819  0.0013545004  0.0016532630  -0.00098501224  
0.012263850  -0.030623254  0.99669336  0.070831589  0.010118747  -0.00011991761  -0.0032215674  -0.0024435156  -0.00076735016  -0.0031037198  -0.0015404148  0.012263850  -0.030623254  0.99669336  0.070831589  0.010118747  -0.00011991761  -0.0032215674  -0.0024435156  -0.00076735016  -0.0031037198  -0.0015404148  
0.0012610897  0.010367060  -0.070586334  0.99726020  -0.0068611803  0.0019486134  -0.00097243634  0.0012713422  -0.0011837980  0.0017605200  0.00046204063  0.0012610897  0.010367060  -0.070586334  0.99726020  -0.0068611803  0.0019486134  -0.00097243634  0.0012713422  -0.0011837980  0.0017605200  0.00046204063  
-0.00040152728  -0.00081536644  -0.010607987  0.0061430402  0.99969133  0.00075029472  -0.00075738205  -0.0053174291  -0.0024749421  0.0015833332  0.0018300952  -0.00040152728  -0.00081536644  -0.010607987  0.0061430402  0.99969133  0.00075029472  -0.00075738205  -0.0053174291  -0.0024749421  0.0015833332  0.0018300952  
0.0039403314  -0.0050996685  -0.00026418875  0.0020276495  0.00065831302  -0.99850454  0.048638306  -0.010257270  -0.0017764612  0.016214801  -0.0065377482  0.0039403314  -0.0050996685  -0.00026418875  0.0020276495  0.00065831302  -0.99850454  0.048638306  -0.010257270  -0.0017764612  0.016214801  -0.0065377482  
0.0058157032  -0.0042262425  0.0030528204  0.0010665620  0.00079996794  0.048544926  0.99822034  0.021705032  -0.0062660192  0.015775897  0.016036995  0.0058157032  -0.0042262425  0.0030528204  0.0010665620  0.00079996794  0.048544926  0.99822034  0.021705032  -0.0062660192  0.015775897  0.016036995  
0.0017359115  0.0015192925  -0.0023959595  0.0010251510  -0.0054491112  0.011391457  0.021012035  -0.99843440  -0.048184460  -0.0023946101  -0.0053847352  0.0017359115  0.0015192925  -0.0023959595  0.0010251510  -0.0054491112  0.011391457  0.021012035  -0.99843440  -0.048184460  -0.0023946101  -0.0053847352  
0.00060194321  -0.0013470304  -0.00039360513  -0.0013120641  -0.0022284704  0.00087773134  -0.0077556417  0.047998826  -0.99838553  0.0043799714  0.020476162  0.00060194321  -0.0013470304  -0.00039360513  -0.0013120641  -0.0022284704  0.00087773134  -0.0077556417  0.047998826  -0.99838553  0.0043799714  0.020476162  
0.00063473514  -0.0017414324  -0.0031722289  0.0016127879  0.0015455833  -0.015534439  0.016201279  0.0026536165  -0.0039224177  -0.99940949  0.018868565  0.00063473514  -0.0017414324  -0.0031722289  0.0016127879  0.0015455833  -0.015534439  0.016201279  0.0026536165  -0.0039224177  -0.99940949  0.018868565  
-0.00084987668  -0.00089639139  0.0016925485  -0.00035634355  -0.0018338146  -0.0068850671  -0.015752915  -0.0067893053  0.020765657  0.018786430  0.99902994  -0.00084987668  -0.00089639139  0.0016925485  -0.00035634355  -0.0018338146  -0.0068850671  -0.015752915  -0.0067893053  0.020765657  0.018786430  0.99902994  
