-1.0053222e-18  -3.7844162e-17  2.3920184e-17  -2.1027328e-17  -1.2808620e-17  6.7627111e-17  -3.6840745e-17  -8.8603484e-17  -1.1661420e-17  9.6900569e-18  7.7816917e-18  -1.0053222e-18  -3.7844162e-17  2.3920184e-17  -2.1027328e-17  -1.2808620e-17  6.7627111e-17  -3.6840745e-17  -8.8603484e-17  -1.1661420e-17  9.6900569e-18  7.7816917e-18  
-2.5680451e-17  3.5774437e-18  2.6817063e-18  4.6676598e-17  -3.4220131e-19  -1.8367909e-18  1.4303845e-16  -1.0244027e-16  -1.3842212e-17  -5.8306360e-17  3.2864878e-19  -2.5680451e-17  3.5774437e-18  2.6817063e-18  4.6676598e-17  -3.4220131e-19  -1.8367909e-18  1.4303845e-16  -1.0244027e-16  -1.3842212e-17  -5.8306360e-17  3.2864878e-19  
1.0186868e-17  2.8579739e-17  -2.3300818e-18  2.7865266e-17  -4.8675595e-17  -1.7233732e-17  -7.2431481e-17  -1.0316332e-17  -1.6689090e-17  -8.5605385e-18  -2.2370140e-18  1.0186868e-17  2.8579739e-17  -2.3300818e-18  2.7865266e-17  -4.8675595e-17  -1.7233732e-17  -7.2431481e-17  -1.0316332e-17  -1.6689090e-17  -8.5605385e-18  -2.2370140e-18  
-5.0602807e-18  -1.7489536e-17  5.7644827e-18  -6.2038811e-18  4.6212000e-18  -7.6524768e-17  1.9594837e-17  9.2481678e-17  5.8366923e-18  -3.3990585e-17  6.0250724e-17  -5.0602807e-18  -1.7489536e-17  5.7644827e-18  -6.2038811e-18  4.6212000e-18  -7.6524768e-17  1.9594837e-17  9.2481678e-17  5.8366923e-18  -3.3990585e-17  6.0250724e-17  
1.3023132e-17  -4.2190711e-18  -2.8753804e-17  -8.0624831e-18  -6.6693257e-18  -2.1991093e-18  -1.0469327e-18  3.0694515e-17  1.3541727e-17  -6.9418585e-17  -1.7523968e-16  1.3023132e-17  -4.2190711e-18  -2.8753804e-17  -8.0624831e-18  -6.6693257e-18  -2.1991093e-18  -1.0469327e-18  3.0694515e-17  1.3541727e-17  -6.9418585e-17  -1.7523968e-16  
1.2630879e-16  9.6003138e-17  -3.7015340e-19  3.4281329e-17  -6.3722289e-18  2.8048967e-18  -8.6312657e-19  -1.5547025e-19  -1.2151535e-17  -1.0897926e-16  -3.9788737e-17  1.2630879e-16  9.6003138e-17  -3.7015340e-19  3.4281329e-17  -6.3722289e-18  2.8048967e-18  -8.6312657e-19  -1.5547025e-19  -1.2151535e-17  -1.0897926e-16  -3.9788737e-17  
-1.2876097e-16  4.6901908e-17  7.4149688e-17  2.7473514e-18  -2.3190915e-17  -1.4920485e-18  1.5422882e-18  1.5288309e-17  1.1587411e-18  -2.9009269e-16  -2.9132851e-17  -1.2876097e-16  4.6901908e-17  7.4149688e-17  2.7473514e-18  -2.3190915e-17  -1.4920485e-18  1.5422882e-18  1.5288309e-17  1.1587411e-18  -2.9009269e-16  -2.9132851e-17  
-6.0257064e-18  6.4208401e-16  8.0346369e-18  1.2132457e-17  -1.7653305e-17  1.2721376e-19  -6.8131095e-18  -2.8718387e-19  9.1672999e-17  6.4529088e-18  4.0313263e-17  -6.0257064e-18  6.4208401e-16  8.0346369e-18  1.2132457e-17  -1.7653305e-17  1.2721376e-19  -6.8131095e-18  -2.8718387e-19  9.1672999e-17  6.4529088e-18  4.0313263e-17  
-2.6902349e-17  -2.7186369e-17  -5.3905177e-18  4.3406839e-17  5.1607070e-17  -6.0992725e-18  5.5421366e-18  3.5652676e-17  -1.9674458e-18  2.9519098e-18  3.2378681e-17  -2.6902349e-17  -2.7186369e-17  -5.3905177e-18  4.3406839e-17  5.1607070e-17  -6.0992725e-18  5.5421366e-18  3.5652676e-17  -1.9674458e-18  2.9519098e-18  3.2378681e-17  
1.0801629e-17  1.6188494e-17  2.4699481e-17  -3.8601409e-18  7.4051855e-18  -1.1589973e-16  -8.5887447e-17  1.5494085e-18  -5.8970434e-18  -1.1948459e-19  -7.1032183e-18  1.0801629e-17  1.6188494e-17  2.4699481e-17  -3.8601409e-18  7.4051855e-18  -1.1589973e-16  -8.5887447e-17  1.5494085e-18  -5.8970434e-18  -1.1948459e-19  -7.1032183e-18  
4.8914565e-18  1.7025362e-18  3.5914197e-18  -1.2447573e-17  8.9037139e-17  1.6415499e-18  2.2048268e-17  -3.7903136e-18  2.0277969e-18  -3.1043758e-19  -4.0914338e-18  4.8914565e-18  1.7025362e-18  3.5914197e-18  -1.2447573e-17  8.9037139e-17  1.6415499e-18  2.2048268e-17  -3.7903136e-18  2.0277969e-18  -3.1043758e-19  -4.0914338e-18  
-1.0053222e-18  -3.7844162e-17  2.3920184e-17  -2.1027328e-17  -1.2808620e-17  6.7627111e-17  -3.6840745e-17  -8.8603484e-17  -1.1661420e-17  9.6900569e-18  7.7816917e-18  -1.0053222e-18  -3.7844162e-17  2.3920184e-17  -2.1027328e-17  -1.2808620e-17  6.7627111e-17  -3.6840745e-17  -8.8603484e-17  -1.1661420e-17  9.6900569e-18  7.7816917e-18  
-2.5680451e-17  3.5774437e-18  2.6817063e-18  4.6676598e-17  -3.4220131e-19  -1.8367909e-18  1.4303845e-16  -1.0244027e-16  -1.3842212e-17  -5.8306360e-17  3.2864878e-19  -2.5680451e-17  3.5774437e-18  2.6817063e-18  4.6676598e-17  -3.4220131e-19  -1.8367909e-18  1.4303845e-16  -1.0244027e-16  -1.3842212e-17  -5.8306360e-17  3.2864878e-19  
1.0186868e-17  2.8579739e-17  -2.3300818e-18  2.7865266e-17  -4.8675595e-17  -1.7233732e-17  -7.2431481e-17  -1.0316332e-17  -1.6689090e-17  -8.5605385e-18  -2.2370140e-18  1.0186868e-17  2.8579739e-17  -2.3300818e-18  2.7865266e-17  -4.8675595e-17  -1.7233732e-17  -7.2431481e-17  -1.0316332e-17  -1.6689090e-17  -8.5605385e-18  -2.2370140e-18  
-5.0602807e-18  -1.7489536e-17  5.7644827e-18  -6.2038811e-18  4.6212000e-18  -7.6524768e-17  1.9594837e-17  9.2481678e-17  5.8366923e-18  -3.3990585e-17  6.0250724e-17  -5.0602807e-18  -1.7489536e-17  5.7644827e-18  -6.2038811e-18  4.6212000e-18  -7.6524768e-17  1.9594837e-17  9.2481678e-17  5.8366923e-18  -3.3990585e-17  6.0250724e-17  
1.3023132e-17  -4.2190711e-18  -2.8753804e-17  -8.0624831e-18  -6.6693257e-18  -2.1991093e-18  -1.0469327e-18  3.0694515e-17  1.3541727e-17  -6.9418585e-17  -1.7523968e-16  1.3023132e-17  -4.2190711e-18  -2.8753804e-17  -8.0624831e-18  -6.6693257e-18  -2.1991093e-18  -1.0469327e-18  3.0694515e-17  1.3541727e-17  -6.9418585e-17  -1.7523968e-16  
1.2630879e-16  9.6003138e-17  -3.7015340e-19  3.4281329e-17  -6.3722289e-18  2.8048967e-18  -8.6312657e-19  -1.5547025e-19  -1.2151535e-17  -1.0897926e-16  -3.9788737e-17  1.2630879e-16  9.6003138e-17  -3.7015340e-19  3.4281329e-17  -6.3722289e-18  2.8048967e-18  -8.6312657e-19  -1.5547025e-19  -1.2151535e-17  -1.0897926e-16  -3.9788737e-17  
-1.2876097e-16  4.6901908e-17  7.4149688e-17  2.7473514e-18  -2.3190915e-17  -1.4920485e-18  1.5422882e-18  1.5288309e-17  1.1587411e-18  -2.9009269e-16  -2.9132851e-17  -1.2876097e-16  4.6901908e-17  7.4149688e-17  2.7473514e-18  -2.3190915e-17  -1.4920485e-18  1.5422882e-18  1.5288309e-17  1.1587411e-18  -2.9009269e-16  -2.9132851e-17  
-6.0257064e-18  6.4208401e-16  8.0346369e-18  1.2132457e-17  -1.7653305e-17  1.2721376e-19  -6.8131095e-18  -2.8718387e-19  9.1672999e-17  6.4529088e-18  4.0313263e-17  -6.0257064e-18  6.4208401e-16  8.0346369e-18  1.2132457e-17  -1.7653305e-17  1.2721376e-19  -6.8131095e-18  -2.8718387e-19  9.1672999e-17  6.4529088e-18  4.0313263e-17  
-2.6902349e-17  -2.7186369e-17  -5.3905177e-18  4.3406839e-17  5.1607070e-17  -6.0992725e-18  5.5421366e-18  3.5652676e-17  -1.9674458e-18  2.9519098e-18  3.2378681e-17  -2.6902349e-17  -2.7186369e-17  -5.3905177e-18  4.3406839e-17  5.1607070e-17  -6.0992725e-18  5.5421366e-18  3.5652676e-17  -1.9674458e-18  2.9519098e-18  3.2378681e-17  
1.0801629e-17  1.6188494e-17  2.4699481e-17  -3.8601409e-18  7.4051855e-18  -1.1589973e-16  -8.5887447e-17  1.5494085e-18  -5.8970434e-18  -1.1948459e-19  -7.1032183e-18  1.0801629e-17  1.6188494e-17  2.4699481e-17  -3.8601409e-18  7.4051855e-18  -1.1589973e-16  -8.5887447e-17  1.5494085e-18  -5.8970434e-18  -1.1948459e-19  -7.1032183e-18  
4.8914565e-18  1.7025362e-18  3.5914197e-18  -1.2447573e-17  8.9037139e-17  1.6415499e-18  2.2048268e-17  -3.7903136e-18  2.0277969e-18  -3.1043758e-19  -4.0914338e-18  4.8914565e-18  1.7025362e-18  3.5914197e-18  -1.2447573e-17  8.9037139e-17  1.6415499e-18  2.2048268e-17  -3.7903136e-18  2.0277969e-18  -3.1043758e-19  -4.0914338e-18  
