0.99949918  -0.026559214  -0.00026492960  -0.0069306644  -5.5553176e-05  -0.0016855994  0.0033035230  0.0025175311  -0.0012377266  0.00026566014  0.0025917987  0.99949918  -0.026559214  -0.00026492960  -0.0069306644  -5.5553176e-05  -0.0016855994  0.0033035230  0.0025175311  -0.0012377266  0.00026566014  0.0025917987  
0.026538577  0.99946901  0.0035257554  0.0066110905  0.0015209009  -0.0026363574  -0.0025117759  -0.0025305308  -0.0016188695  -0.00081475692  -0.00096413778  0.026538577  0.99946901  0.0035257554  0.0066110905  0.0015209009  -0.0026363574  -0.0025117759  -0.0025305308  -0.0016188695  -0.00081475692  -0.00096413778  
-0.00025717422  0.0035189093  -0.99936784  -0.014361819  0.015404785  0.0028553651  -0.0011415857  0.0045770796  0.00035978922  0.0010328652  -0.0041252541  -0.00025717422  0.0035189093  -0.99936784  -0.014361819  0.015404785  0.0028553651  -0.0011415857  0.0045770796  0.00035978922  0.0010328652  -0.0041252541  
0.0067966773  -0.0068101542  -0.014061303  0.99933273  0.023715910  -0.0098849625  -0.0046022408  -0.00067156509  -0.0010409777  -0.0025393426  -0.00024119585  0.0067966773  -0.0068101542  -0.014061303  0.99933273  0.023715910  -0.0098849625  -0.0046022408  -0.00067156509  -0.0010409777  -0.0025393426  -0.00024119585  
-0.00013307739  -0.0014464463  0.015760702  -0.023709976  0.99941083  -0.0083217679  -0.0014144324  -0.0059954128  0.0032258303  0.0011228853  -0.00014355021  -0.00013307739  -0.0014464463  0.015760702  -0.023709976  0.99941083  -0.0083217679  -0.0014144324  -0.0059954128  0.0032258303  0.0011228853  -0.00014355021  
-0.0018684930  -0.0024552045  -0.0028250073  -0.0096845340  -0.0084638332  -0.99954582  0.0027403381  0.014163674  0.014260982  0.0087344982  0.0053757669  -0.0018684930  -0.0024552045  -0.0028250073  -0.0096845340  -0.0084638332  -0.99954582  0.0027403381  0.014163674  0.014260982  0.0087344982  0.0053757669  
0.0032182304  -0.0025591292  0.0013333478  -0.0046288325  -0.0015327560  -0.0026183985  -0.99970062  0.0094492672  0.0013143258  -0.0035359010  -0.017565518  0.0032182304  -0.0025591292  0.0013333478  -0.0046288325  -0.0015327560  -0.0026183985  -0.99970062  0.0094492672  0.0013143258  -0.0035359010  -0.017565518  
0.0025515359  -0.0025280107  -0.0044606844  -0.00061289659  -0.0063063442  -0.012560715  -0.0092321998  -0.99546966  0.091326288  0.0056779812  0.00078065380  0.0025515359  -0.0025280107  -0.0044606844  -0.00061289659  -0.0063063442  -0.012560715  -0.0092321998  -0.99546966  0.091326288  0.0056779812  0.00078065380  
0.0010719394  0.0018845289  0.00063307124  0.0012682381  -0.0026051610  0.015651140  0.0020346510  0.091054206  0.99520626  0.026181527  -0.00012631716  0.0010719394  0.0018845289  0.00063307124  0.0012682381  -0.0026051610  0.015651140  0.0020346510  0.091054206  0.99520626  0.026181527  -0.00012631716  
0.00030823198  -0.00077321543  -0.00085118689  -0.0026542927  0.00089624819  -0.0084660873  0.0039188397  -0.0031916987  0.026800498  -0.99931218  -0.018770901  0.00030823198  -0.00077321543  -0.00085118689  -0.0026542927  0.00089624819  -0.0084660873  0.0039188397  -0.0031916987  0.026800498  -0.99931218  -0.018770901  
0.0024968248  -0.00099613188  0.0041406109  -0.00014373754  -0.00025185182  -0.0051670808  0.017569153  -0.00084652592  -0.00053257148  0.018872944  -0.99956058  0.0024968248  -0.00099613188  0.0041406109  -0.00014373754  -0.00025185182  -0.0051670808  0.017569153  -0.00084652592  -0.00053257148  0.018872944  -0.99956058  
0.99949918  -0.026559214  -0.00026492960  -0.0069306644  -5.5553176e-05  -0.0016855994  0.0033035230  0.0025175311  -0.0012377266  0.00026566014  0.0025917987  0.99949918  -0.026559214  -0.00026492960  -0.0069306644  -5.5553176e-05  -0.0016855994  0.0033035230  0.0025175311  -0.0012377266  0.00026566014  0.0025917987  
0.026538577  0.99946901  0.0035257554  0.0066110905  0.0015209009  -0.0026363574  -0.0025117759  -0.0025305308  -0.0016188695  -0.00081475692  -0.00096413778  0.026538577  0.99946901  0.0035257554  0.0066110905  0.0015209009  -0.0026363574  -0.0025117759  -0.0025305308  -0.0016188695  -0.00081475692  -0.00096413778  
-0.00025717422  0.0035189093  -0.99936784  -0.014361819  0.015404785  0.0028553651  -0.0011415857  0.0045770796  0.00035978922  0.0010328652  -0.0041252541  -0.00025717422  0.0035189093  -0.99936784  -0.014361819  0.015404785  0.0028553651  -0.0011415857  0.0045770796  0.00035978922  0.0010328652  -0.0041252541  
0.0067966773  -0.0068101542  -0.014061303  0.99933273  0.023715910  -0.0098849625  -0.0046022408  -0.00067156509  -0.0010409777  -0.0025393426  -0.00024119585  0.0067966773  -0.0068101542  -0.014061303  0.99933273  0.023715910  -0.0098849625  -0.0046022408  -0.00067156509  -0.0010409777  -0.0025393426  -0.00024119585  
-0.00013307739  -0.0014464463  0.015760702  -0.023709976  0.99941083  -0.0083217679  -0.0014144324  -0.0059954128  0.0032258303  0.0011228853  -0.00014355021  -0.00013307739  -0.0014464463  0.015760702  -0.023709976  0.99941083  -0.0083217679  -0.0014144324  -0.0059954128  0.0032258303  0.0011228853  -0.00014355021  
-0.0018684930  -0.0024552045  -0.0028250073  -0.0096845340  -0.0084638332  -0.99954582  0.0027403381  0.014163674  0.014260982  0.0087344982  0.0053757669  -0.0018684930  -0.0024552045  -0.0028250073  -0.0096845340  -0.0084638332  -0.99954582  0.0027403381  0.014163674  0.014260982  0.0087344982  0.0053757669  
0.0032182304  -0.0025591292  0.0013333478  -0.0046288325  -0.0015327560  -0.0026183985  -0.99970062  0.0094492672  0.0013143258  -0.0035359010  -0.017565518  0.0032182304  -0.0025591292  0.0013333478  -0.0046288325  -0.0015327560  -0.0026183985  -0.99970062  0.0094492672  0.0013143258  -0.0035359010  -0.017565518  
0.0025515359  -0.0025280107  -0.0044606844  -0.00061289659  -0.0063063442  -0.012560715  -0.0092321998  -0.99546966  0.091326288  0.0056779812  0.00078065380  0.0025515359  -0.0025280107  -0.0044606844  -0.00061289659  -0.0063063442  -0.012560715  -0.0092321998  -0.99546966  0.091326288  0.0056779812  0.00078065380  
0.0010719394  0.0018845289  0.00063307124  0.0012682381  -0.0026051610  0.015651140  0.0020346510  0.091054206  0.99520626  0.026181527  -0.00012631716  0.0010719394  0.0018845289  0.00063307124  0.0012682381  -0.0026051610  0.015651140  0.0020346510  0.091054206  0.99520626  0.026181527  -0.00012631716  
0.00030823198  -0.00077321543  -0.00085118689  -0.0026542927  0.00089624819  -0.0084660873  0.0039188397  -0.0031916987  0.026800498  -0.99931218  -0.018770901  0.00030823198  -0.00077321543  -0.00085118689  -0.0026542927  0.00089624819  -0.0084660873  0.0039188397  -0.0031916987  0.026800498  -0.99931218  -0.018770901  
0.0024968248  -0.00099613188  0.0041406109  -0.00014373754  -0.00025185182  -0.0051670808  0.017569153  -0.00084652592  -0.00053257148  0.018872944  -0.99956058  0.0024968248  -0.00099613188  0.0041406109  -0.00014373754  -0.00025185182  -0.0051670808  0.017569153  -0.00084652592  -0.00053257148  0.018872944  -0.99956058  
