-1.1298520e-17  -1.6051274e-19  -3.0162208e-17  -1.7953287e-17  1.8846165e-17  -7.2571771e-17  -8.7945313e-18  8.5403685e-18  -4.6140532e-17  5.7447574e-17  1.2371763e-17  -1.1298520e-17  -1.6051274e-19  -3.0162208e-17  -1.7953287e-17  1.8846165e-17  -7.2571771e-17  -8.7945313e-18  8.5403685e-18  -4.6140532e-17  5.7447574e-17  1.2371763e-17  
-9.0109483e-18  -1.1284596e-17  2.3020661e-17  3.1551977e-17  1.4470711e-17  -4.9310023e-17  -7.4813338e-17  -3.5859140e-17  -4.8089449e-17  -1.0232158e-17  2.9505546e-17  -9.0109483e-18  -1.1284596e-17  2.3020661e-17  3.1551977e-17  1.4470711e-17  -4.9310023e-17  -7.4813338e-17  -3.5859140e-17  -4.8089449e-17  -1.0232158e-17  2.9505546e-17  
-7.0892423e-18  1.0189806e-18  -6.8313207e-18  -8.7888562e-17  -2.0107715e-17  1.7274813e-17  1.0638988e-16  3.4751644e-17  3.5038788e-17  6.4791879e-17  5.6418747e-18  -7.0892423e-18  1.0189806e-18  -6.8313207e-18  -8.7888562e-17  -2.0107715e-17  1.7274813e-17  1.0638988e-16  3.4751644e-17  3.5038788e-17  6.4791879e-17  5.6418747e-18  
4.4185685e-17  -5.3662925e-17  3.4020231e-17  -6.0811672e-18  -6.0396626e-18  7.1698480e-17  2.4026513e-17  -2.7378434e-17  -1.2446937e-17  -5.4337164e-18  6.5180879e-17  4.4185685e-17  -5.3662925e-17  3.4020231e-17  -6.0811672e-18  -6.0396626e-18  7.1698480e-17  2.4026513e-17  -2.7378434e-17  -1.2446937e-17  -5.4337164e-18  6.5180879e-17  
-1.2405750e-17  3.3676336e-17  1.9272964e-17  2.1886908e-17  -1.1384917e-18  -1.4258741e-17  8.7151220e-18  3.5428953e-17  8.6666294e-18  -4.1082792e-17  -5.6954495e-17  -1.2405750e-17  3.3676336e-17  1.9272964e-17  2.1886908e-17  -1.1384917e-18  -1.4258741e-17  8.7151220e-18  3.5428953e-17  8.6666294e-18  -4.1082792e-17  -5.6954495e-17  
-6.9350823e-19  1.0474664e-16  -3.2432892e-18  7.7026847e-17  1.3658406e-18  1.1367182e-18  8.2357013e-18  2.1792781e-17  -7.4133382e-18  1.5301057e-16  1.2737258e-17  -6.9350823e-19  1.0474664e-16  -3.2432892e-18  7.7026847e-17  1.3658406e-18  1.1367182e-18  8.2357013e-18  2.1792781e-17  -7.4133382e-18  1.5301057e-16  1.2737258e-17  
1.4340638e-17  9.4952393e-18  -7.0269853e-17  -1.2187534e-17  -2.5622747e-19  -8.6935227e-18  -7.3187352e-18  -8.0167433e-18  1.3484765e-18  -3.7523560e-17  6.1663999e-18  1.4340638e-17  9.4952393e-18  -7.0269853e-17  -1.2187534e-17  -2.5622747e-19  -8.6935227e-18  -7.3187352e-18  -8.0167433e-18  1.3484765e-18  -3.7523560e-17  6.1663999e-18  
-1.3609628e-16  1.5524250e-16  1.4938527e-16  2.6913625e-17  9.9964711e-18  9.5968039e-18  -3.7986040e-17  -8.9192305e-18  2.8044149e-17  1.4964955e-18  7.0680664e-18  -1.3609628e-16  1.5524250e-16  1.4938527e-16  2.6913625e-17  9.9964711e-18  9.5968039e-18  -3.7986040e-17  -8.9192305e-18  2.8044149e-17  1.4964955e-18  7.0680664e-18  
2.0767977e-17  -5.4786091e-18  1.2641967e-18  -5.7925195e-17  4.6542343e-17  1.0326390e-18  -1.8261183e-17  -2.1762870e-17  -1.5338708e-18  -3.3809320e-18  1.1402334e-17  2.0767977e-17  -5.4786091e-18  1.2641967e-18  -5.7925195e-17  4.6542343e-17  1.0326390e-18  -1.8261183e-17  -2.1762870e-17  -1.5338708e-18  -3.3809320e-18  1.1402334e-17  
-3.5643358e-17  2.7447256e-17  -1.1185917e-16  -3.8429885e-18  1.8826154e-17  1.0371453e-16  4.1989117e-17  1.6540436e-18  3.5041753e-18  7.7310815e-18  -9.7747602e-19  -3.5643358e-17  2.7447256e-17  -1.1185917e-16  -3.8429885e-18  1.8826154e-17  1.0371453e-16  4.1989117e-17  1.6540436e-18  3.5041753e-18  7.7310815e-18  -9.7747602e-19  
6.8158624e-18  8.8193070e-18  -4.8348641e-18  3.0238229e-17  7.3912942e-17  2.2256638e-17  2.2683542e-18  5.4726799e-18  8.5109871e-18  -9.1178862e-18  3.3593856e-18  6.8158624e-18  8.8193070e-18  -4.8348641e-18  3.0238229e-17  7.3912942e-17  2.2256638e-17  2.2683542e-18  5.4726799e-18  8.5109871e-18  -9.1178862e-18  3.3593856e-18  
-1.1298520e-17  -1.6051274e-19  -3.0162208e-17  -1.7953287e-17  1.8846165e-17  -7.2571771e-17  -8.7945313e-18  8.5403685e-18  -4.6140532e-17  5.7447574e-17  1.2371763e-17  -1.1298520e-17  -1.6051274e-19  -3.0162208e-17  -1.7953287e-17  1.8846165e-17  -7.2571771e-17  -8.7945313e-18  8.5403685e-18  -4.6140532e-17  5.7447574e-17  1.2371763e-17  
-9.0109483e-18  -1.1284596e-17  2.3020661e-17  3.1551977e-17  1.4470711e-17  -4.9310023e-17  -7.4813338e-17  -3.5859140e-17  -4.8089449e-17  -1.0232158e-17  2.9505546e-17  -9.0109483e-18  -1.1284596e-17  2.3020661e-17  3.1551977e-17  1.4470711e-17  -4.9310023e-17  -7.4813338e-17  -3.5859140e-17  -4.8089449e-17  -1.0232158e-17  2.9505546e-17  
-7.0892423e-18  1.0189806e-18  -6.8313207e-18  -8.7888562e-17  -2.0107715e-17  1.7274813e-17  1.0638988e-16  3.4751644e-17  3.5038788e-17  6.4791879e-17  5.6418747e-18  -7.0892423e-18  1.0189806e-18  -6.8313207e-18  -8.7888562e-17  -2.0107715e-17  1.7274813e-17  1.0638988e-16  3.4751644e-17  3.5038788e-17  6.4791879e-17  5.6418747e-18  
4.4185685e-17  -5.3662925e-17  3.4020231e-17  -6.0811672e-18  -6.0396626e-18  7.1698480e-17  2.4026513e-17  -2.7378434e-17  -1.2446937e-17  -5.4337164e-18  6.5180879e-17  4.4185685e-17  -5.3662925e-17  3.4020231e-17  -6.0811672e-18  -6.0396626e-18  7.1698480e-17  2.4026513e-17  -2.7378434e-17  -1.2446937e-17  -5.4337164e-18  6.5180879e-17  
-1.2405750e-17  3.3676336e-17  1.9272964e-17  2.1886908e-17  -1.1384917e-18  -1.4258741e-17  8.7151220e-18  3.5428953e-17  8.6666294e-18  -4.1082792e-17  -5.6954495e-17  -1.2405750e-17  3.3676336e-17  1.9272964e-17  2.1886908e-17  -1.1384917e-18  -1.4258741e-17  8.7151220e-18  3.5428953e-17  8.6666294e-18  -4.1082792e-17  -5.6954495e-17  
-6.9350823e-19  1.0474664e-16  -3.2432892e-18  7.7026847e-17  1.3658406e-18  1.1367182e-18  8.2357013e-18  2.1792781e-17  -7.4133382e-18  1.5301057e-16  1.2737258e-17  -6.9350823e-19  1.0474664e-16  -3.2432892e-18  7.7026847e-17  1.3658406e-18  1.1367182e-18  8.2357013e-18  2.1792781e-17  -7.4133382e-18  1.5301057e-16  1.2737258e-17  
1.4340638e-17  9.4952393e-18  -7.0269853e-17  -1.2187534e-17  -2.5622747e-19  -8.6935227e-18  -7.3187352e-18  -8.0167433e-18  1.3484765e-18  -3.7523560e-17  6.1663999e-18  1.4340638e-17  9.4952393e-18  -7.0269853e-17  -1.2187534e-17  -2.5622747e-19  -8.6935227e-18  -7.3187352e-18  -8.0167433e-18  1.3484765e-18  -3.7523560e-17  6.1663999e-18  
-1.3609628e-16  1.5524250e-16  1.4938527e-16  2.6913625e-17  9.9964711e-18  9.5968039e-18  -3.7986040e-17  -8.9192305e-18  2.8044149e-17  1.4964955e-18  7.0680664e-18  -1.3609628e-16  1.5524250e-16  1.4938527e-16  2.6913625e-17  9.9964711e-18  9.5968039e-18  -3.7986040e-17  -8.9192305e-18  2.8044149e-17  1.4964955e-18  7.0680664e-18  
2.0767977e-17  -5.4786091e-18  1.2641967e-18  -5.7925195e-17  4.6542343e-17  1.0326390e-18  -1.8261183e-17  -2.1762870e-17  -1.5338708e-18  -3.3809320e-18  1.1402334e-17  2.0767977e-17  -5.4786091e-18  1.2641967e-18  -5.7925195e-17  4.6542343e-17  1.0326390e-18  -1.8261183e-17  -2.1762870e-17  -1.5338708e-18  -3.3809320e-18  1.1402334e-17  
-3.5643358e-17  2.7447256e-17  -1.1185917e-16  -3.8429885e-18  1.8826154e-17  1.0371453e-16  4.1989117e-17  1.6540436e-18  3.5041753e-18  7.7310815e-18  -9.7747602e-19  -3.5643358e-17  2.7447256e-17  -1.1185917e-16  -3.8429885e-18  1.8826154e-17  1.0371453e-16  4.1989117e-17  1.6540436e-18  3.5041753e-18  7.7310815e-18  -9.7747602e-19  
6.8158624e-18  8.8193070e-18  -4.8348641e-18  3.0238229e-17  7.3912942e-17  2.2256638e-17  2.2683542e-18  5.4726799e-18  8.5109871e-18  -9.1178862e-18  3.3593856e-18  6.8158624e-18  8.8193070e-18  -4.8348641e-18  3.0238229e-17  7.3912942e-17  2.2256638e-17  2.2683542e-18  5.4726799e-18  8.5109871e-18  -9.1178862e-18  3.3593856e-18  
