-3.7762846e-18  4.7977640e-17  -2.1563765e-17  9.6654930e-18  2.5986971e-18  1.0860656e-17  -2.8947520e-16  8.7795812e-17  -8.2412071e-18  7.1150768e-18  7.7249405e-19  -3.7762846e-18  4.7977640e-17  -2.1563765e-17  9.6654930e-18  2.5986971e-18  1.0860656e-17  -2.8947520e-16  8.7795812e-17  -8.2412071e-18  7.1150768e-18  7.7249405e-19  
3.6590129e-17  4.3706900e-18  -2.8193492e-18  -2.4137051e-17  1.6056780e-17  -2.0360131e-17  -3.3564316e-17  -3.4879758e-17  1.2296801e-17  -1.7448879e-19  5.7606711e-18  3.6590129e-17  4.3706900e-18  -2.8193492e-18  -2.4137051e-17  1.6056780e-17  -2.0360131e-17  -3.3564316e-17  -3.4879758e-17  1.2296801e-17  -1.7448879e-19  5.7606711e-18  
7.4759128e-18  -1.1048274e-17  1.8069066e-18  -1.0558605e-16  1.9295474e-16  2.2887042e-17  -2.7925035e-17  -9.0964986e-18  2.8482965e-17  -3.2967793e-17  1.0175407e-17  7.4759128e-18  -1.1048274e-17  1.8069066e-18  -1.0558605e-16  1.9295474e-16  2.2887042e-17  -2.7925035e-17  -9.0964986e-18  2.8482965e-17  -3.2967793e-17  1.0175407e-17  
1.5259299e-17  -8.4872701e-19  1.0941802e-16  4.3617962e-18  1.6365524e-17  7.3903625e-17  2.8882976e-17  -2.6801605e-17  1.5886315e-17  -2.7045762e-18  -1.8499200e-18  1.5259299e-17  -8.4872701e-19  1.0941802e-16  4.3617962e-18  1.6365524e-17  7.3903625e-17  2.8882976e-17  -2.6801605e-17  1.5886315e-17  -2.7045762e-18  -1.8499200e-18  
-9.7828070e-18  -3.3386862e-18  3.3348746e-17  -3.6667633e-17  -2.2009092e-18  -3.1325396e-17  -4.5559785e-19  1.3396001e-16  2.3453707e-17  5.5969820e-18  1.7872395e-19  -9.7828070e-18  -3.3386862e-18  3.3348746e-17  -3.6667633e-17  -2.2009092e-18  -3.1325396e-17  -4.5559785e-19  1.3396001e-16  2.3453707e-17  5.5969820e-18  1.7872395e-19  
4.6604600e-17  -2.9915510e-17  3.8063543e-17  -1.2083010e-16  -2.9357738e-17  -3.5151867e-20  -1.3475765e-18  -4.5065859e-17  6.4085666e-17  8.2543361e-18  -4.4486170e-18  4.6604600e-17  -2.9915510e-17  3.8063543e-17  -1.2083010e-16  -2.9357738e-17  -3.5151867e-20  -1.3475765e-18  -4.5065859e-17  6.4085666e-17  8.2543361e-18  -4.4486170e-18  
-4.6492961e-16  4.6638799e-17  -1.2337670e-17  7.1997801e-20  -3.2760058e-18  1.1464591e-17  6.6548202e-18  7.8931612e-17  9.4039715e-18  9.2656934e-18  -2.9207814e-17  -4.6492961e-16  4.6638799e-17  -1.2337670e-17  7.1997801e-20  -3.2760058e-18  1.1464591e-17  6.6548202e-18  7.8931612e-17  9.4039715e-18  9.2656934e-18  -2.9207814e-17  
-4.7532948e-17  2.0478927e-17  -2.7460120e-17  8.0300841e-18  -1.3026075e-16  -7.2010506e-18  2.9396278e-17  -2.9892322e-19  2.2290360e-17  -7.3852803e-18  2.5182290e-18  -4.7532948e-17  2.0478927e-17  -2.7460120e-17  8.0300841e-18  -1.3026075e-16  -7.2010506e-18  2.9396278e-17  -2.9892322e-19  2.2290360e-17  -7.3852803e-18  2.5182290e-18  
-2.0842940e-17  3.8311300e-18  -6.9149652e-19  -2.1726183e-17  -3.4752280e-17  8.1622212e-17  2.7145288e-18  -5.7057886e-17  -2.0122326e-18  7.4865007e-18  4.3855131e-18  -2.0842940e-17  3.8311300e-18  -6.9149652e-19  -2.1726183e-17  -3.4752280e-17  8.1622212e-17  2.7145288e-18  -5.7057886e-17  -2.0122326e-18  7.4865007e-18  4.3855131e-18  
-3.5516091e-18  6.4925075e-18  -2.2193110e-17  8.0417308e-18  1.3002676e-16  4.0893057e-17  -2.1250363e-17  8.0832354e-18  -1.5617170e-17  3.6145543e-18  6.0732262e-19  -3.5516091e-18  6.4925075e-18  -2.2193110e-17  8.0417308e-18  1.3002676e-16  4.0893057e-17  -2.1250363e-17  8.0832354e-18  -1.5617170e-17  3.6145543e-18  6.0732262e-19  
1.9202237e-17  4.3791603e-18  -5.3930588e-18  2.3462813e-19  8.4415304e-18  -3.6356348e-17  1.4691659e-16  -2.4551250e-18  -2.2751305e-18  1.3408532e-18  4.3901718e-18  1.9202237e-17  4.3791603e-18  -5.3930588e-18  2.3462813e-19  8.4415304e-18  -3.6356348e-17  1.4691659e-16  -2.4551250e-18  -2.2751305e-18  1.3408532e-18  4.3901718e-18  
-3.7762846e-18  4.7977640e-17  -2.1563765e-17  9.6654930e-18  2.5986971e-18  1.0860656e-17  -2.8947520e-16  8.7795812e-17  -8.2412071e-18  7.1150768e-18  7.7249405e-19  -3.7762846e-18  4.7977640e-17  -2.1563765e-17  9.6654930e-18  2.5986971e-18  1.0860656e-17  -2.8947520e-16  8.7795812e-17  -8.2412071e-18  7.1150768e-18  7.7249405e-19  
3.6590129e-17  4.3706900e-18  -2.8193492e-18  -2.4137051e-17  1.6056780e-17  -2.0360131e-17  -3.3564316e-17  -3.4879758e-17  1.2296801e-17  -1.7448879e-19  5.7606711e-18  3.6590129e-17  4.3706900e-18  -2.8193492e-18  -2.4137051e-17  1.6056780e-17  -2.0360131e-17  -3.3564316e-17  -3.4879758e-17  1.2296801e-17  -1.7448879e-19  5.7606711e-18  
7.4759128e-18  -1.1048274e-17  1.8069066e-18  -1.0558605e-16  1.9295474e-16  2.2887042e-17  -2.7925035e-17  -9.0964986e-18  2.8482965e-17  -3.2967793e-17  1.0175407e-17  7.4759128e-18  -1.1048274e-17  1.8069066e-18  -1.0558605e-16  1.9295474e-16  2.2887042e-17  -2.7925035e-17  -9.0964986e-18  2.8482965e-17  -3.2967793e-17  1.0175407e-17  
1.5259299e-17  -8.4872701e-19  1.0941802e-16  4.3617962e-18  1.6365524e-17  7.3903625e-17  2.8882976e-17  -2.6801605e-17  1.5886315e-17  -2.7045762e-18  -1.8499200e-18  1.5259299e-17  -8.4872701e-19  1.0941802e-16  4.3617962e-18  1.6365524e-17  7.3903625e-17  2.8882976e-17  -2.6801605e-17  1.5886315e-17  -2.7045762e-18  -1.8499200e-18  
-9.7828070e-18  -3.3386862e-18  3.3348746e-17  -3.6667633e-17  -2.2009092e-18  -3.1325396e-17  -4.5559785e-19  1.3396001e-16  2.3453707e-17  5.5969820e-18  1.7872395e-19  -9.7828070e-18  -3.3386862e-18  3.3348746e-17  -3.6667633e-17  -2.2009092e-18  -3.1325396e-17  -4.5559785e-19  1.3396001e-16  2.3453707e-17  5.5969820e-18  1.7872395e-19  
4.6604600e-17  -2.9915510e-17  3.8063543e-17  -1.2083010e-16  -2.9357738e-17  -3.5151867e-20  -1.3475765e-18  -4.5065859e-17  6.4085666e-17  8.2543361e-18  -4.4486170e-18  4.6604600e-17  -2.9915510e-17  3.8063543e-17  -1.2083010e-16  -2.9357738e-17  -3.5151867e-20  -1.3475765e-18  -4.5065859e-17  6.4085666e-17  8.2543361e-18  -4.4486170e-18  
-4.6492961e-16  4.6638799e-17  -1.2337670e-17  7.1997801e-20  -3.2760058e-18  1.1464591e-17  6.6548202e-18  7.8931612e-17  9.4039715e-18  9.2656934e-18  -2.9207814e-17  -4.6492961e-16  4.6638799e-17  -1.2337670e-17  7.1997801e-20  -3.2760058e-18  1.1464591e-17  6.6548202e-18  7.8931612e-17  9.4039715e-18  9.2656934e-18  -2.9207814e-17  
-4.7532948e-17  2.0478927e-17  -2.7460120e-17  8.0300841e-18  -1.3026075e-16  -7.2010506e-18  2.9396278e-17  -2.9892322e-19  2.2290360e-17  -7.3852803e-18  2.5182290e-18  -4.7532948e-17  2.0478927e-17  -2.7460120e-17  8.0300841e-18  -1.3026075e-16  -7.2010506e-18  2.9396278e-17  -2.9892322e-19  2.2290360e-17  -7.3852803e-18  2.5182290e-18  
-2.0842940e-17  3.8311300e-18  -6.9149652e-19  -2.1726183e-17  -3.4752280e-17  8.1622212e-17  2.7145288e-18  -5.7057886e-17  -2.0122326e-18  7.4865007e-18  4.3855131e-18  -2.0842940e-17  3.8311300e-18  -6.9149652e-19  -2.1726183e-17  -3.4752280e-17  8.1622212e-17  2.7145288e-18  -5.7057886e-17  -2.0122326e-18  7.4865007e-18  4.3855131e-18  
-3.5516091e-18  6.4925075e-18  -2.2193110e-17  8.0417308e-18  1.3002676e-16  4.0893057e-17  -2.1250363e-17  8.0832354e-18  -1.5617170e-17  3.6145543e-18  6.0732262e-19  -3.5516091e-18  6.4925075e-18  -2.2193110e-17  8.0417308e-18  1.3002676e-16  4.0893057e-17  -2.1250363e-17  8.0832354e-18  -1.5617170e-17  3.6145543e-18  6.0732262e-19  
1.9202237e-17  4.3791603e-18  -5.3930588e-18  2.3462813e-19  8.4415304e-18  -3.6356348e-17  1.4691659e-16  -2.4551250e-18  -2.2751305e-18  1.3408532e-18  4.3901718e-18  1.9202237e-17  4.3791603e-18  -5.3930588e-18  2.3462813e-19  8.4415304e-18  -3.6356348e-17  1.4691659e-16  -2.4551250e-18  -2.2751305e-18  1.3408532e-18  4.3901718e-18  
