2.3843977e-18  1.5387201e-17  7.8587717e-18  2.7265991e-18  -2.2018621e-18  1.1695831e-17  1.7595585e-16  -1.4011619e-17  1.0126279e-17  1.1015176e-16  -9.7605089e-17  2.3843977e-18  1.5387201e-17  7.8587717e-18  2.7265991e-18  -2.2018621e-18  1.1695831e-17  1.7595585e-16  -1.4011619e-17  1.0126279e-17  1.1015176e-16  -9.7605089e-17  
1.5333414e-17  -4.3272266e-18  1.8309994e-17  -8.2526420e-18  4.2179594e-18  4.2733871e-17  8.3214846e-17  -3.0573654e-17  -3.1054134e-17  1.6641868e-17  1.2329623e-19  1.5333414e-17  -4.3272266e-18  1.8309994e-17  -8.2526420e-18  4.2179594e-18  4.2733871e-17  8.3214846e-17  -3.0573654e-17  -3.1054134e-17  1.6641868e-17  1.2329623e-19  
1.4801901e-18  -1.7461584e-18  -1.3158075e-17  7.4666378e-17  6.3580411e-19  -1.6312055e-17  -3.1025546e-17  4.6366584e-17  -1.5775777e-17  -2.5202565e-17  -3.4504152e-17  1.4801901e-18  -1.7461584e-18  -1.3158075e-17  7.4666378e-17  6.3580411e-19  -1.6312055e-17  -3.1025546e-17  4.6366584e-17  -1.5775777e-17  -2.5202565e-17  -3.4504152e-17  
-1.4818841e-18  -3.4548356e-18  1.8691582e-17  -1.1222128e-18  -8.1638094e-19  -4.2878925e-18  -9.8696279e-18  -1.6798569e-16  1.0782729e-18  -2.4003008e-17  6.8736724e-19  -1.4818841e-18  -3.4548356e-18  1.8691582e-17  -1.1222128e-18  -8.1638094e-19  -4.2878925e-18  -9.8696279e-18  -1.6798569e-16  1.0782729e-18  -2.4003008e-17  6.8736724e-19  
-1.5053470e-17  -4.5766778e-18  -1.8172774e-17  8.6384655e-18  3.4102341e-19  5.4678200e-17  -3.8513529e-19  -1.0696914e-17  -2.4494075e-18  3.2668578e-17  -8.9771834e-17  -1.5053470e-17  -4.5766778e-18  -1.8172774e-17  8.6384655e-18  3.4102341e-19  5.4678200e-17  -3.8513529e-19  -1.0696914e-17  -2.4494075e-18  3.2668578e-17  -8.9771834e-17  
4.7321190e-17  -2.0875921e-17  -9.4358835e-17  -4.2390399e-17  6.7692914e-17  -4.8884389e-19  7.8896884e-18  -6.4586262e-19  2.3505164e-19  -1.0981359e-17  -1.3373591e-18  4.7321190e-17  -2.0875921e-17  -9.4358835e-17  -4.2390399e-17  6.7692914e-17  -4.8884389e-19  7.8896884e-18  -6.4586262e-19  2.3505164e-19  -1.0981359e-17  -1.3373591e-18  
-3.8844592e-16  -1.7030720e-16  -3.4300599e-17  -9.7781483e-18  1.7769560e-17  1.1547600e-17  1.2874901e-19  1.5025517e-17  -1.2195580e-17  3.3510741e-17  -2.0532079e-18  -3.8844592e-16  -1.7030720e-16  -3.4300599e-17  -9.7781483e-18  1.7769560e-17  1.1547600e-17  1.2874901e-19  1.5025517e-17  -1.2195580e-17  3.3510741e-17  -2.0532079e-18  
-4.0283193e-17  -1.6256796e-16  2.2399363e-17  -5.2591005e-17  7.2018976e-19  -8.4317895e-18  -2.0984394e-17  2.0269498e-18  -3.9285388e-18  -3.9459030e-18  -5.7405752e-17  -4.0283193e-17  -1.6256796e-16  2.2399363e-17  -5.2591005e-17  7.2018976e-19  -8.4317895e-18  -2.0984394e-17  2.0269498e-18  -3.9285388e-18  -3.9459030e-18  -5.7405752e-17  
3.1958553e-18  -8.6778525e-18  4.6448746e-17  8.5884350e-17  8.3969552e-18  2.1912742e-18  -2.6910237e-18  -7.6825888e-19  -5.2863326e-18  2.5242641e-17  -6.2094715e-17  3.1958553e-18  -8.6778525e-18  4.6448746e-17  8.5884350e-17  8.3969552e-18  2.1912742e-18  -2.6910237e-18  -7.6825888e-19  -5.2863326e-18  2.5242641e-17  -6.2094715e-17  
-7.6093840e-17  3.0582654e-18  2.5648740e-17  2.1593940e-16  2.5417561e-16  -1.6860614e-17  1.7831314e-17  -3.1200459e-17  -7.3283173e-18  -8.8053045e-19  -3.9822195e-18  -7.6093840e-17  3.0582654e-18  2.5648740e-17  2.1593940e-16  2.5417561e-16  -1.6860614e-17  1.7831314e-17  -3.1200459e-17  -7.3283173e-18  -8.8053045e-19  -3.9822195e-18  
-2.8427061e-17  8.0341075e-19  9.0862018e-17  4.7834656e-16  -6.0163083e-17  -2.0538431e-17  6.6678434e-18  -1.1231233e-17  -1.2049573e-17  -2.5598130e-18  -5.2995146e-19  -2.8427061e-17  8.0341075e-19  9.0862018e-17  4.7834656e-16  -6.0163083e-17  -2.0538431e-17  6.6678434e-18  -1.1231233e-17  -1.2049573e-17  -2.5598130e-18  -5.2995146e-19  
2.3843977e-18  1.5387201e-17  7.8587717e-18  2.7265991e-18  -2.2018621e-18  1.1695831e-17  1.7595585e-16  -1.4011619e-17  1.0126279e-17  1.1015176e-16  -9.7605089e-17  2.3843977e-18  1.5387201e-17  7.8587717e-18  2.7265991e-18  -2.2018621e-18  1.1695831e-17  1.7595585e-16  -1.4011619e-17  1.0126279e-17  1.1015176e-16  -9.7605089e-17  
1.5333414e-17  -4.3272266e-18  1.8309994e-17  -8.2526420e-18  4.2179594e-18  4.2733871e-17  8.3214846e-17  -3.0573654e-17  -3.1054134e-17  1.6641868e-17  1.2329623e-19  1.5333414e-17  -4.3272266e-18  1.8309994e-17  -8.2526420e-18  4.2179594e-18  4.2733871e-17  8.3214846e-17  -3.0573654e-17  -3.1054134e-17  1.6641868e-17  1.2329623e-19  
1.4801901e-18  -1.7461584e-18  -1.3158075e-17  7.4666378e-17  6.3580411e-19  -1.6312055e-17  -3.1025546e-17  4.6366584e-17  -1.5775777e-17  -2.5202565e-17  -3.4504152e-17  1.4801901e-18  -1.7461584e-18  -1.3158075e-17  7.4666378e-17  6.3580411e-19  -1.6312055e-17  -3.1025546e-17  4.6366584e-17  -1.5775777e-17  -2.5202565e-17  -3.4504152e-17  
-1.4818841e-18  -3.4548356e-18  1.8691582e-17  -1.1222128e-18  -8.1638094e-19  -4.2878925e-18  -9.8696279e-18  -1.6798569e-16  1.0782729e-18  -2.4003008e-17  6.8736724e-19  -1.4818841e-18  -3.4548356e-18  1.8691582e-17  -1.1222128e-18  -8.1638094e-19  -4.2878925e-18  -9.8696279e-18  -1.6798569e-16  1.0782729e-18  -2.4003008e-17  6.8736724e-19  
-1.5053470e-17  -4.5766778e-18  -1.8172774e-17  8.6384655e-18  3.4102341e-19  5.4678200e-17  -3.8513529e-19  -1.0696914e-17  -2.4494075e-18  3.2668578e-17  -8.9771834e-17  -1.5053470e-17  -4.5766778e-18  -1.8172774e-17  8.6384655e-18  3.4102341e-19  5.4678200e-17  -3.8513529e-19  -1.0696914e-17  -2.4494075e-18  3.2668578e-17  -8.9771834e-17  
4.7321190e-17  -2.0875921e-17  -9.4358835e-17  -4.2390399e-17  6.7692914e-17  -4.8884389e-19  7.8896884e-18  -6.4586262e-19  2.3505164e-19  -1.0981359e-17  -1.3373591e-18  4.7321190e-17  -2.0875921e-17  -9.4358835e-17  -4.2390399e-17  6.7692914e-17  -4.8884389e-19  7.8896884e-18  -6.4586262e-19  2.3505164e-19  -1.0981359e-17  -1.3373591e-18  
-3.8844592e-16  -1.7030720e-16  -3.4300599e-17  -9.7781483e-18  1.7769560e-17  1.1547600e-17  1.2874901e-19  1.5025517e-17  -1.2195580e-17  3.3510741e-17  -2.0532079e-18  -3.8844592e-16  -1.7030720e-16  -3.4300599e-17  -9.7781483e-18  1.7769560e-17  1.1547600e-17  1.2874901e-19  1.5025517e-17  -1.2195580e-17  3.3510741e-17  -2.0532079e-18  
-4.0283193e-17  -1.6256796e-16  2.2399363e-17  -5.2591005e-17  7.2018976e-19  -8.4317895e-18  -2.0984394e-17  2.0269498e-18  -3.9285388e-18  -3.9459030e-18  -5.7405752e-17  -4.0283193e-17  -1.6256796e-16  2.2399363e-17  -5.2591005e-17  7.2018976e-19  -8.4317895e-18  -2.0984394e-17  2.0269498e-18  -3.9285388e-18  -3.9459030e-18  -5.7405752e-17  
3.1958553e-18  -8.6778525e-18  4.6448746e-17  8.5884350e-17  8.3969552e-18  2.1912742e-18  -2.6910237e-18  -7.6825888e-19  -5.2863326e-18  2.5242641e-17  -6.2094715e-17  3.1958553e-18  -8.6778525e-18  4.6448746e-17  8.5884350e-17  8.3969552e-18  2.1912742e-18  -2.6910237e-18  -7.6825888e-19  -5.2863326e-18  2.5242641e-17  -6.2094715e-17  
-7.6093840e-17  3.0582654e-18  2.5648740e-17  2.1593940e-16  2.5417561e-16  -1.6860614e-17  1.7831314e-17  -3.1200459e-17  -7.3283173e-18  -8.8053045e-19  -3.9822195e-18  -7.6093840e-17  3.0582654e-18  2.5648740e-17  2.1593940e-16  2.5417561e-16  -1.6860614e-17  1.7831314e-17  -3.1200459e-17  -7.3283173e-18  -8.8053045e-19  -3.9822195e-18  
-2.8427061e-17  8.0341075e-19  9.0862018e-17  4.7834656e-16  -6.0163083e-17  -2.0538431e-17  6.6678434e-18  -1.1231233e-17  -1.2049573e-17  -2.5598130e-18  -5.2995146e-19  -2.8427061e-17  8.0341075e-19  9.0862018e-17  4.7834656e-16  -6.0163083e-17  -2.0538431e-17  6.6678434e-18  -1.1231233e-17  -1.2049573e-17  -2.5598130e-18  -5.2995146e-19  
