5.9315600e-18  2.7052538e-17  -1.4145450e-18  9.8620046e-18  -1.5616323e-17  -1.5952171e-17  2.8043143e-17  1.8774485e-18  -1.7648778e-17  8.7312156e-18  -8.1001761e-18  5.9315600e-18  2.7052538e-17  -1.4145450e-18  9.8620046e-18  -1.5616323e-17  -1.5952171e-17  2.8043143e-17  1.8774485e-18  -1.7648778e-17  8.7312156e-18  -8.1001761e-18  
3.5861681e-17  -5.4889853e-18  -1.2137982e-18  -1.5068716e-18  5.6759678e-18  -1.0040729e-17  -1.8637435e-16  -9.9475126e-17  2.4323398e-17  6.5509528e-18  3.7725153e-17  3.5861681e-17  -5.4889853e-18  -1.2137982e-18  -1.5068716e-18  5.6759678e-18  -1.0040729e-17  -1.8637435e-16  -9.9475126e-17  2.4323398e-17  6.5509528e-18  3.7725153e-17  
2.2332024e-18  5.3752711e-18  -1.1525968e-17  -5.3012404e-17  -5.7400035e-17  6.5639230e-18  8.2215135e-19  -4.9064701e-17  4.5353320e-18  3.6154754e-17  6.7638757e-18  2.2332024e-18  5.3752711e-18  -1.1525968e-17  -5.3012404e-17  -5.7400035e-17  6.5639230e-18  8.2215135e-19  -4.9064701e-17  4.5353320e-18  3.6154754e-17  6.7638757e-18  
1.8310311e-17  3.8963516e-19  3.7145783e-17  -7.3162471e-20  2.6001370e-17  -1.5116150e-16  7.4801480e-18  2.3428931e-18  -3.3491683e-17  -4.9432843e-18  6.7584759e-18  1.8310311e-17  3.8963516e-19  3.7145783e-17  -7.3162471e-20  2.6001370e-17  -1.5116150e-16  7.4801480e-18  2.3428931e-18  -3.3491683e-17  -4.9432843e-18  6.7584759e-18  
-1.3031602e-18  1.2147299e-17  -1.4905239e-17  -8.0137787e-18  -4.0482881e-18  2.0730284e-17  2.0328791e-18  -1.8073142e-17  5.7983852e-17  3.4990931e-18  -2.4381843e-18  -1.3031602e-18  1.2147299e-17  -1.4905239e-17  -8.0137787e-18  -4.0482881e-18  2.0730284e-17  2.0328791e-18  -1.8073142e-17  5.7983852e-17  3.4990931e-18  -2.4381843e-18  
-4.7272909e-18  -2.1179212e-17  -2.9544933e-17  -1.0961115e-16  -4.1353843e-17  2.6278403e-18  -1.2201510e-17  -3.6798288e-17  -2.2460137e-18  -6.8440262e-19  3.8340946e-18  -4.7272909e-18  -2.1179212e-17  -2.9544933e-17  -1.0961115e-16  -4.1353843e-17  2.6278403e-18  -1.2201510e-17  -3.6798288e-17  -2.2460137e-18  -6.8440262e-19  3.8340946e-18  
-4.4459912e-17  -1.6502658e-16  -1.2448843e-17  1.2369222e-17  4.0712639e-18  8.0631184e-18  -8.4505301e-18  7.2950289e-17  -1.2781410e-17  -1.6406181e-17  9.6266141e-17  -4.4459912e-17  -1.6502658e-16  -1.2448843e-17  1.2369222e-17  4.0712639e-18  8.0631184e-18  -8.4505301e-18  7.2950289e-17  -1.2781410e-17  -1.6406181e-17  9.6266141e-17  
-5.2453362e-17  6.5215608e-17  -6.4014939e-17  -1.0486268e-18  3.2261791e-17  2.2642038e-17  -3.1002041e-17  2.0885715e-18  8.2164313e-18  3.1691738e-17  1.3790543e-17  -5.2453362e-17  6.5215608e-17  -6.4014939e-17  -1.0486268e-18  3.2261791e-17  2.2642038e-17  -3.1002041e-17  2.0885715e-18  8.2164313e-18  3.1691738e-17  1.3790543e-17  
1.4476068e-16  4.9627660e-18  -2.7423645e-17  -1.3132399e-17  -2.9021678e-17  2.0407671e-17  -4.0292299e-18  1.1240127e-18  1.3428119e-18  1.7145217e-17  -7.0079271e-18  1.4476068e-16  4.9627660e-18  -2.7423645e-17  -1.3132399e-17  -2.9021678e-17  2.0407671e-17  -4.0292299e-18  1.1240127e-18  1.3428119e-18  1.7145217e-17  -7.0079271e-18  
2.4347115e-17  -1.7859690e-17  -2.6278774e-17  -3.3017344e-18  8.1547250e-17  -1.7880866e-17  4.4181239e-17  -2.1561647e-17  -1.1545059e-17  -6.8622374e-18  -5.1986647e-19  2.4347115e-17  -1.7859690e-17  -2.6278774e-17  -3.3017344e-18  8.1547250e-17  -1.7880866e-17  4.4181239e-17  -2.1561647e-17  -1.1545059e-17  -6.8622374e-18  -5.1986647e-19  
2.0760778e-18  -8.1751385e-18  -6.2752436e-18  5.5904175e-20  6.2752436e-18  2.1327019e-17  -1.8007455e-16  -2.8836178e-18  -1.0282980e-18  -1.6493849e-18  1.1879637e-19  2.0760778e-18  -8.1751385e-18  -6.2752436e-18  5.5904175e-20  6.2752436e-18  2.1327019e-17  -1.8007455e-16  -2.8836178e-18  -1.0282980e-18  -1.6493849e-18  1.1879637e-19  
5.9315600e-18  2.7052538e-17  -1.4145450e-18  9.8620046e-18  -1.5616323e-17  -1.5952171e-17  2.8043143e-17  1.8774485e-18  -1.7648778e-17  8.7312156e-18  -8.1001761e-18  5.9315600e-18  2.7052538e-17  -1.4145450e-18  9.8620046e-18  -1.5616323e-17  -1.5952171e-17  2.8043143e-17  1.8774485e-18  -1.7648778e-17  8.7312156e-18  -8.1001761e-18  
3.5861681e-17  -5.4889853e-18  -1.2137982e-18  -1.5068716e-18  5.6759678e-18  -1.0040729e-17  -1.8637435e-16  -9.9475126e-17  2.4323398e-17  6.5509528e-18  3.7725153e-17  3.5861681e-17  -5.4889853e-18  -1.2137982e-18  -1.5068716e-18  5.6759678e-18  -1.0040729e-17  -1.8637435e-16  -9.9475126e-17  2.4323398e-17  6.5509528e-18  3.7725153e-17  
2.2332024e-18  5.3752711e-18  -1.1525968e-17  -5.3012404e-17  -5.7400035e-17  6.5639230e-18  8.2215135e-19  -4.9064701e-17  4.5353320e-18  3.6154754e-17  6.7638757e-18  2.2332024e-18  5.3752711e-18  -1.1525968e-17  -5.3012404e-17  -5.7400035e-17  6.5639230e-18  8.2215135e-19  -4.9064701e-17  4.5353320e-18  3.6154754e-17  6.7638757e-18  
1.8310311e-17  3.8963516e-19  3.7145783e-17  -7.3162471e-20  2.6001370e-17  -1.5116150e-16  7.4801480e-18  2.3428931e-18  -3.3491683e-17  -4.9432843e-18  6.7584759e-18  1.8310311e-17  3.8963516e-19  3.7145783e-17  -7.3162471e-20  2.6001370e-17  -1.5116150e-16  7.4801480e-18  2.3428931e-18  -3.3491683e-17  -4.9432843e-18  6.7584759e-18  
-1.3031602e-18  1.2147299e-17  -1.4905239e-17  -8.0137787e-18  -4.0482881e-18  2.0730284e-17  2.0328791e-18  -1.8073142e-17  5.7983852e-17  3.4990931e-18  -2.4381843e-18  -1.3031602e-18  1.2147299e-17  -1.4905239e-17  -8.0137787e-18  -4.0482881e-18  2.0730284e-17  2.0328791e-18  -1.8073142e-17  5.7983852e-17  3.4990931e-18  -2.4381843e-18  
-4.7272909e-18  -2.1179212e-17  -2.9544933e-17  -1.0961115e-16  -4.1353843e-17  2.6278403e-18  -1.2201510e-17  -3.6798288e-17  -2.2460137e-18  -6.8440262e-19  3.8340946e-18  -4.7272909e-18  -2.1179212e-17  -2.9544933e-17  -1.0961115e-16  -4.1353843e-17  2.6278403e-18  -1.2201510e-17  -3.6798288e-17  -2.2460137e-18  -6.8440262e-19  3.8340946e-18  
-4.4459912e-17  -1.6502658e-16  -1.2448843e-17  1.2369222e-17  4.0712639e-18  8.0631184e-18  -8.4505301e-18  7.2950289e-17  -1.2781410e-17  -1.6406181e-17  9.6266141e-17  -4.4459912e-17  -1.6502658e-16  -1.2448843e-17  1.2369222e-17  4.0712639e-18  8.0631184e-18  -8.4505301e-18  7.2950289e-17  -1.2781410e-17  -1.6406181e-17  9.6266141e-17  
-5.2453362e-17  6.5215608e-17  -6.4014939e-17  -1.0486268e-18  3.2261791e-17  2.2642038e-17  -3.1002041e-17  2.0885715e-18  8.2164313e-18  3.1691738e-17  1.3790543e-17  -5.2453362e-17  6.5215608e-17  -6.4014939e-17  -1.0486268e-18  3.2261791e-17  2.2642038e-17  -3.1002041e-17  2.0885715e-18  8.2164313e-18  3.1691738e-17  1.3790543e-17  
1.4476068e-16  4.9627660e-18  -2.7423645e-17  -1.3132399e-17  -2.9021678e-17  2.0407671e-17  -4.0292299e-18  1.1240127e-18  1.3428119e-18  1.7145217e-17  -7.0079271e-18  1.4476068e-16  4.9627660e-18  -2.7423645e-17  -1.3132399e-17  -2.9021678e-17  2.0407671e-17  -4.0292299e-18  1.1240127e-18  1.3428119e-18  1.7145217e-17  -7.0079271e-18  
2.4347115e-17  -1.7859690e-17  -2.6278774e-17  -3.3017344e-18  8.1547250e-17  -1.7880866e-17  4.4181239e-17  -2.1561647e-17  -1.1545059e-17  -6.8622374e-18  -5.1986647e-19  2.4347115e-17  -1.7859690e-17  -2.6278774e-17  -3.3017344e-18  8.1547250e-17  -1.7880866e-17  4.4181239e-17  -2.1561647e-17  -1.1545059e-17  -6.8622374e-18  -5.1986647e-19  
2.0760778e-18  -8.1751385e-18  -6.2752436e-18  5.5904175e-20  6.2752436e-18  2.1327019e-17  -1.8007455e-16  -2.8836178e-18  -1.0282980e-18  -1.6493849e-18  1.1879637e-19  2.0760778e-18  -8.1751385e-18  -6.2752436e-18  5.5904175e-20  6.2752436e-18  2.1327019e-17  -1.8007455e-16  -2.8836178e-18  -1.0282980e-18  -1.6493849e-18  1.1879637e-19  
