2.7877548e-17  -5.6060029e-17  -4.1928131e-19  1.9765514e-18  5.5057142e-19  3.1023429e-17  -3.0841147e-16  7.5321134e-17  -4.8833143e-17  2.1463815e-18  1.0994488e-17  2.7877548e-17  -5.6060029e-17  -4.1928131e-19  1.9765514e-18  5.5057142e-19  3.1023429e-17  -3.0841147e-16  7.5321134e-17  -4.8833143e-17  2.1463815e-18  1.0994488e-17  
5.9841184e-17  4.1794300e-17  -7.4928535e-18  8.1230460e-18  7.6889416e-19  1.3943856e-17  -7.9733752e-17  -5.0630547e-17  -7.5379156e-17  -1.0959336e-17  3.5926902e-18  5.9841184e-17  4.1794300e-17  -7.4928535e-18  8.1230460e-18  7.6889416e-19  1.3943856e-17  -7.9733752e-17  -5.0630547e-17  -7.5379156e-17  -1.0959336e-17  3.5926902e-18  
1.6525613e-18  8.1108699e-18  1.9030501e-17  -1.5317659e-16  -9.7284910e-18  7.2376848e-18  1.6771252e-18  -1.2201721e-17  -1.3567350e-17  -3.0565184e-17  5.3460484e-18  1.6525613e-18  8.1108699e-18  1.9030501e-17  -1.5317659e-16  -9.7284910e-18  7.2376848e-18  1.6771252e-18  -1.2201721e-17  -1.3567350e-17  -3.0565184e-17  5.3460484e-18  
1.8101094e-18  1.4889145e-17  7.1502286e-17  -1.3305405e-17  -1.4787501e-17  -6.5072459e-17  5.8784087e-19  2.2748129e-17  1.9286940e-18  -2.0379613e-18  -4.3385028e-18  1.8101094e-18  1.4889145e-17  7.1502286e-17  -1.3305405e-17  -1.4787501e-17  -6.5072459e-17  5.8784087e-19  2.2748129e-17  1.9286940e-18  -2.0379613e-18  -4.3385028e-18  
-4.2436351e-19  2.2437903e-18  2.7763728e-17  6.1748702e-18  -1.0953420e-17  -8.8133778e-19  -5.0270347e-18  -3.0276134e-18  -7.6967766e-18  -3.3042967e-17  6.9193063e-18  -4.2436351e-19  2.2437903e-18  2.7763728e-17  6.1748702e-18  -1.0953420e-17  -8.8133778e-19  -5.0270347e-18  -3.0276134e-18  -7.6967766e-18  -3.3042967e-17  6.9193063e-18  
-9.9153677e-18  1.2549534e-17  3.7778834e-17  -1.7601006e-16  1.2954310e-17  2.9997539e-18  2.0808423e-18  -5.7628310e-17  -2.3331946e-17  7.7642428e-17  7.8812181e-18  -9.9153677e-18  1.2549534e-17  3.7778834e-17  -1.7601006e-16  1.2954310e-17  2.9997539e-18  2.0808423e-18  -5.7628310e-17  -2.3331946e-17  7.7642428e-17  7.8812181e-18  
4.9522628e-16  3.1889626e-17  -1.3876517e-17  2.2022857e-19  3.4876582e-19  -3.3691794e-18  -9.1540968e-18  7.3016993e-17  -4.1020747e-18  -8.3271809e-18  2.0852257e-17  4.9522628e-16  3.1889626e-17  -1.3876517e-17  2.2022857e-19  3.4876582e-19  -3.3691794e-18  -9.1540968e-18  7.3016993e-17  -4.1020747e-18  -8.3271809e-18  2.0852257e-17  
4.7321190e-17  -1.5689591e-17  -7.2686862e-17  5.7109079e-17  2.5387589e-17  2.5553713e-17  -2.1042416e-18  4.9996120e-18  7.1486404e-18  7.8392899e-18  7.7067293e-18  4.7321190e-17  -1.5689591e-17  -7.2686862e-17  5.7109079e-17  2.5387589e-17  2.5553713e-17  -2.1042416e-18  4.9996120e-18  7.1486404e-18  7.8392899e-18  7.7067293e-18  
4.8399463e-17  -8.7335873e-17  2.7849596e-17  -1.3357710e-18  -6.3424768e-18  -1.1177023e-17  -3.3770145e-18  -5.8579528e-17  2.1895802e-19  1.2845255e-17  2.6232610e-18  4.8399463e-17  -8.7335873e-17  2.7849596e-17  -1.3357710e-18  -6.3424768e-18  -1.1177023e-17  -3.3770145e-18  -5.8579528e-17  2.1895802e-19  1.2845255e-17  2.6232610e-18  
-6.5517998e-18  -4.2182241e-19  -1.0270274e-17  1.0332108e-17  -9.7311380e-18  6.2238287e-17  2.6232610e-18  3.3293901e-17  -7.5064060e-18  6.9145946e-18  1.0587912e-19  -6.5517998e-18  -4.2182241e-19  -1.0270274e-17  1.0332108e-17  -9.7311380e-18  6.2238287e-17  2.6232610e-18  3.3293901e-17  -7.5064060e-18  6.9145946e-18  1.0587912e-19  
-2.0705720e-17  -1.4588448e-17  -2.3755039e-18  -5.9334658e-18  -5.4613508e-18  1.7827926e-17  -3.4288317e-17  -1.1147377e-17  1.9447876e-18  -1.8075683e-18  9.9404610e-19  -2.0705720e-17  -1.4588448e-17  -2.3755039e-18  -5.9334658e-18  -5.4613508e-18  1.7827926e-17  -3.4288317e-17  -1.1147377e-17  1.9447876e-18  -1.8075683e-18  9.9404610e-19  
2.7877548e-17  -5.6060029e-17  -4.1928131e-19  1.9765514e-18  5.5057142e-19  3.1023429e-17  -3.0841147e-16  7.5321134e-17  -4.8833143e-17  2.1463815e-18  1.0994488e-17  2.7877548e-17  -5.6060029e-17  -4.1928131e-19  1.9765514e-18  5.5057142e-19  3.1023429e-17  -3.0841147e-16  7.5321134e-17  -4.8833143e-17  2.1463815e-18  1.0994488e-17  
5.9841184e-17  4.1794300e-17  -7.4928535e-18  8.1230460e-18  7.6889416e-19  1.3943856e-17  -7.9733752e-17  -5.0630547e-17  -7.5379156e-17  -1.0959336e-17  3.5926902e-18  5.9841184e-17  4.1794300e-17  -7.4928535e-18  8.1230460e-18  7.6889416e-19  1.3943856e-17  -7.9733752e-17  -5.0630547e-17  -7.5379156e-17  -1.0959336e-17  3.5926902e-18  
1.6525613e-18  8.1108699e-18  1.9030501e-17  -1.5317659e-16  -9.7284910e-18  7.2376848e-18  1.6771252e-18  -1.2201721e-17  -1.3567350e-17  -3.0565184e-17  5.3460484e-18  1.6525613e-18  8.1108699e-18  1.9030501e-17  -1.5317659e-16  -9.7284910e-18  7.2376848e-18  1.6771252e-18  -1.2201721e-17  -1.3567350e-17  -3.0565184e-17  5.3460484e-18  
1.8101094e-18  1.4889145e-17  7.1502286e-17  -1.3305405e-17  -1.4787501e-17  -6.5072459e-17  5.8784087e-19  2.2748129e-17  1.9286940e-18  -2.0379613e-18  -4.3385028e-18  1.8101094e-18  1.4889145e-17  7.1502286e-17  -1.3305405e-17  -1.4787501e-17  -6.5072459e-17  5.8784087e-19  2.2748129e-17  1.9286940e-18  -2.0379613e-18  -4.3385028e-18  
-4.2436351e-19  2.2437903e-18  2.7763728e-17  6.1748702e-18  -1.0953420e-17  -8.8133778e-19  -5.0270347e-18  -3.0276134e-18  -7.6967766e-18  -3.3042967e-17  6.9193063e-18  -4.2436351e-19  2.2437903e-18  2.7763728e-17  6.1748702e-18  -1.0953420e-17  -8.8133778e-19  -5.0270347e-18  -3.0276134e-18  -7.6967766e-18  -3.3042967e-17  6.9193063e-18  
-9.9153677e-18  1.2549534e-17  3.7778834e-17  -1.7601006e-16  1.2954310e-17  2.9997539e-18  2.0808423e-18  -5.7628310e-17  -2.3331946e-17  7.7642428e-17  7.8812181e-18  -9.9153677e-18  1.2549534e-17  3.7778834e-17  -1.7601006e-16  1.2954310e-17  2.9997539e-18  2.0808423e-18  -5.7628310e-17  -2.3331946e-17  7.7642428e-17  7.8812181e-18  
4.9522628e-16  3.1889626e-17  -1.3876517e-17  2.2022857e-19  3.4876582e-19  -3.3691794e-18  -9.1540968e-18  7.3016993e-17  -4.1020747e-18  -8.3271809e-18  2.0852257e-17  4.9522628e-16  3.1889626e-17  -1.3876517e-17  2.2022857e-19  3.4876582e-19  -3.3691794e-18  -9.1540968e-18  7.3016993e-17  -4.1020747e-18  -8.3271809e-18  2.0852257e-17  
4.7321190e-17  -1.5689591e-17  -7.2686862e-17  5.7109079e-17  2.5387589e-17  2.5553713e-17  -2.1042416e-18  4.9996120e-18  7.1486404e-18  7.8392899e-18  7.7067293e-18  4.7321190e-17  -1.5689591e-17  -7.2686862e-17  5.7109079e-17  2.5387589e-17  2.5553713e-17  -2.1042416e-18  4.9996120e-18  7.1486404e-18  7.8392899e-18  7.7067293e-18  
4.8399463e-17  -8.7335873e-17  2.7849596e-17  -1.3357710e-18  -6.3424768e-18  -1.1177023e-17  -3.3770145e-18  -5.8579528e-17  2.1895802e-19  1.2845255e-17  2.6232610e-18  4.8399463e-17  -8.7335873e-17  2.7849596e-17  -1.3357710e-18  -6.3424768e-18  -1.1177023e-17  -3.3770145e-18  -5.8579528e-17  2.1895802e-19  1.2845255e-17  2.6232610e-18  
-6.5517998e-18  -4.2182241e-19  -1.0270274e-17  1.0332108e-17  -9.7311380e-18  6.2238287e-17  2.6232610e-18  3.3293901e-17  -7.5064060e-18  6.9145946e-18  1.0587912e-19  -6.5517998e-18  -4.2182241e-19  -1.0270274e-17  1.0332108e-17  -9.7311380e-18  6.2238287e-17  2.6232610e-18  3.3293901e-17  -7.5064060e-18  6.9145946e-18  1.0587912e-19  
-2.0705720e-17  -1.4588448e-17  -2.3755039e-18  -5.9334658e-18  -5.4613508e-18  1.7827926e-17  -3.4288317e-17  -1.1147377e-17  1.9447876e-18  -1.8075683e-18  9.9404610e-19  -2.0705720e-17  -1.4588448e-17  -2.3755039e-18  -5.9334658e-18  -5.4613508e-18  1.7827926e-17  -3.4288317e-17  -1.1147377e-17  1.9447876e-18  -1.8075683e-18  9.9404610e-19  
