-2.9709681e-18  2.2378610e-18  6.2036693e-18  -2.5139091e-17  2.2564958e-17  1.5844937e-16  1.3979432e-17  -5.5760179e-17  1.1275237e-16  -2.3591562e-17  -2.7321048e-17  -2.9709681e-18  2.2378610e-18  6.2036693e-18  -2.5139091e-17  2.2564958e-17  1.5844937e-16  1.3979432e-17  -5.5760179e-17  1.1275237e-16  -2.3591562e-17  -2.7321048e-17  
5.0292581e-18  -1.4792372e-17  7.8756276e-17  -9.3905672e-17  -2.3873624e-17  -1.0004137e-16  -7.8333607e-18  -6.2511455e-17  -3.3093260e-17  -5.9510841e-17  1.4687551e-18  5.0292581e-18  -1.4792372e-17  7.8756276e-17  -9.3905672e-17  -2.3873624e-17  -1.0004137e-16  -7.8333607e-18  -6.2511455e-17  -3.3093260e-17  -5.9510841e-17  1.4687551e-18  
-9.9865184e-18  -6.3452932e-17  1.1925642e-17  3.9295129e-17  9.8971565e-18  3.0908232e-17  3.5998477e-17  8.1306693e-18  -3.7502384e-18  1.4263527e-16  -3.2881819e-18  -9.9865184e-18  -6.3452932e-17  1.1925642e-17  3.9295129e-17  9.8971565e-18  3.0908232e-17  3.5998477e-17  8.1306693e-18  -3.7502384e-18  1.4263527e-16  -3.2881819e-18  
6.0859317e-18  -5.2674861e-18  2.3840907e-17  -3.5558973e-18  -3.9132075e-17  1.4165948e-16  -3.0305251e-17  -1.5366872e-17  -5.0924362e-17  -9.5876506e-17  -9.6535498e-17  6.0859317e-18  -5.2674861e-18  2.3840907e-17  -3.5558973e-18  -3.9132075e-17  1.4165948e-16  -3.0305251e-17  -1.5366872e-17  -5.0924362e-17  -9.5876506e-17  -9.6535498e-17  
-4.2622698e-18  -1.1459509e-17  1.5130550e-17  1.7706165e-18  -1.3570566e-17  -5.2109467e-18  -1.1786463e-18  -5.3347829e-17  7.8674855e-17  -1.3315358e-18  -1.6134707e-16  -4.2622698e-18  -1.1459509e-17  1.5130550e-17  1.7706165e-18  -1.3570566e-17  -5.2109467e-18  -1.1786463e-18  -5.3347829e-17  7.8674855e-17  -1.3315358e-18  -1.6134707e-16  
2.9532312e-16  1.0358705e-16  3.6120873e-17  1.5048303e-16  -3.9387032e-19  -6.1356949e-18  -2.3403520e-18  -1.1819604e-17  3.4760909e-18  2.3414024e-16  -2.9646153e-18  2.9532312e-16  1.0358705e-16  3.6120873e-17  1.5048303e-16  -3.9387032e-19  -6.1356949e-18  -2.3403520e-18  -1.1819604e-17  3.4760909e-18  2.3414024e-16  -2.9646153e-18  
2.7094890e-17  -7.8562306e-18  -1.2725145e-16  -1.8152350e-16  8.5825613e-18  -1.3366180e-17  -2.0658869e-18  -1.5119538e-19  -3.8615173e-18  -2.6638339e-17  -4.6341173e-18  2.7094890e-17  -7.8562306e-18  -1.2725145e-16  -1.8152350e-16  8.5825613e-18  -1.3366180e-17  -2.0658869e-18  -1.5119538e-19  -3.8615173e-18  -2.6638339e-17  -4.6341173e-18  
2.4397090e-17  -2.7447256e-17  -3.3935528e-17  2.4237424e-17  6.4245755e-17  -4.5976419e-18  1.8024861e-18  -7.9462543e-18  -3.5425724e-17  1.9380114e-18  -1.2639637e-16  2.4397090e-17  -2.7447256e-17  -3.3935528e-17  2.4237424e-17  6.4245755e-17  -4.5976419e-18  1.8024861e-18  -7.9462543e-18  -3.5425724e-17  1.9380114e-18  -1.2639637e-16  
-3.8238244e-17  -1.6732501e-17  -1.7730517e-18  -6.0652429e-17  -1.0406223e-17  -4.9318493e-19  -1.7681072e-17  5.7310249e-18  -6.5446729e-18  -1.8300147e-18  -6.4387209e-18  -3.8238244e-17  -1.6732501e-17  -1.7730517e-18  -6.0652429e-17  -1.0406223e-17  -4.9318493e-19  -1.7681072e-17  5.7310249e-18  -6.5446729e-18  -1.8300147e-18  -6.4387209e-18  
-1.5745495e-17  1.8118882e-17  5.7662615e-17  -1.4240572e-16  -3.5727850e-18  6.3017134e-17  -2.8820296e-17  -1.8550022e-18  -1.1191423e-17  -4.0001131e-19  4.9487900e-18  -1.5745495e-17  1.8118882e-17  5.7662615e-17  -1.4240572e-16  -3.5727850e-18  6.3017134e-17  -2.8820296e-17  -1.8550022e-18  -1.1191423e-17  -4.0001131e-19  4.9487900e-18  
-1.1674655e-17  -1.6076643e-16  -2.7346459e-17  -5.1286574e-17  -1.9675390e-16  -1.8067213e-18  1.0312626e-18  3.0800024e-17  -1.0419458e-17  -1.6488343e-17  -1.9246177e-18  -1.1674655e-17  -1.6076643e-16  -2.7346459e-17  -5.1286574e-17  -1.9675390e-16  -1.8067213e-18  1.0312626e-18  3.0800024e-17  -1.0419458e-17  -1.6488343e-17  -1.9246177e-18  
-2.9709681e-18  2.2378610e-18  6.2036693e-18  -2.5139091e-17  2.2564958e-17  1.5844937e-16  1.3979432e-17  -5.5760179e-17  1.1275237e-16  -2.3591562e-17  -2.7321048e-17  -2.9709681e-18  2.2378610e-18  6.2036693e-18  -2.5139091e-17  2.2564958e-17  1.5844937e-16  1.3979432e-17  -5.5760179e-17  1.1275237e-16  -2.3591562e-17  -2.7321048e-17  
5.0292581e-18  -1.4792372e-17  7.8756276e-17  -9.3905672e-17  -2.3873624e-17  -1.0004137e-16  -7.8333607e-18  -6.2511455e-17  -3.3093260e-17  -5.9510841e-17  1.4687551e-18  5.0292581e-18  -1.4792372e-17  7.8756276e-17  -9.3905672e-17  -2.3873624e-17  -1.0004137e-16  -7.8333607e-18  -6.2511455e-17  -3.3093260e-17  -5.9510841e-17  1.4687551e-18  
-9.9865184e-18  -6.3452932e-17  1.1925642e-17  3.9295129e-17  9.8971565e-18  3.0908232e-17  3.5998477e-17  8.1306693e-18  -3.7502384e-18  1.4263527e-16  -3.2881819e-18  -9.9865184e-18  -6.3452932e-17  1.1925642e-17  3.9295129e-17  9.8971565e-18  3.0908232e-17  3.5998477e-17  8.1306693e-18  -3.7502384e-18  1.4263527e-16  -3.2881819e-18  
6.0859317e-18  -5.2674861e-18  2.3840907e-17  -3.5558973e-18  -3.9132075e-17  1.4165948e-16  -3.0305251e-17  -1.5366872e-17  -5.0924362e-17  -9.5876506e-17  -9.6535498e-17  6.0859317e-18  -5.2674861e-18  2.3840907e-17  -3.5558973e-18  -3.9132075e-17  1.4165948e-16  -3.0305251e-17  -1.5366872e-17  -5.0924362e-17  -9.5876506e-17  -9.6535498e-17  
-4.2622698e-18  -1.1459509e-17  1.5130550e-17  1.7706165e-18  -1.3570566e-17  -5.2109467e-18  -1.1786463e-18  -5.3347829e-17  7.8674855e-17  -1.3315358e-18  -1.6134707e-16  -4.2622698e-18  -1.1459509e-17  1.5130550e-17  1.7706165e-18  -1.3570566e-17  -5.2109467e-18  -1.1786463e-18  -5.3347829e-17  7.8674855e-17  -1.3315358e-18  -1.6134707e-16  
2.9532312e-16  1.0358705e-16  3.6120873e-17  1.5048303e-16  -3.9387032e-19  -6.1356949e-18  -2.3403520e-18  -1.1819604e-17  3.4760909e-18  2.3414024e-16  -2.9646153e-18  2.9532312e-16  1.0358705e-16  3.6120873e-17  1.5048303e-16  -3.9387032e-19  -6.1356949e-18  -2.3403520e-18  -1.1819604e-17  3.4760909e-18  2.3414024e-16  -2.9646153e-18  
2.7094890e-17  -7.8562306e-18  -1.2725145e-16  -1.8152350e-16  8.5825613e-18  -1.3366180e-17  -2.0658869e-18  -1.5119538e-19  -3.8615173e-18  -2.6638339e-17  -4.6341173e-18  2.7094890e-17  -7.8562306e-18  -1.2725145e-16  -1.8152350e-16  8.5825613e-18  -1.3366180e-17  -2.0658869e-18  -1.5119538e-19  -3.8615173e-18  -2.6638339e-17  -4.6341173e-18  
2.4397090e-17  -2.7447256e-17  -3.3935528e-17  2.4237424e-17  6.4245755e-17  -4.5976419e-18  1.8024861e-18  -7.9462543e-18  -3.5425724e-17  1.9380114e-18  -1.2639637e-16  2.4397090e-17  -2.7447256e-17  -3.3935528e-17  2.4237424e-17  6.4245755e-17  -4.5976419e-18  1.8024861e-18  -7.9462543e-18  -3.5425724e-17  1.9380114e-18  -1.2639637e-16  
-3.8238244e-17  -1.6732501e-17  -1.7730517e-18  -6.0652429e-17  -1.0406223e-17  -4.9318493e-19  -1.7681072e-17  5.7310249e-18  -6.5446729e-18  -1.8300147e-18  -6.4387209e-18  -3.8238244e-17  -1.6732501e-17  -1.7730517e-18  -6.0652429e-17  -1.0406223e-17  -4.9318493e-19  -1.7681072e-17  5.7310249e-18  -6.5446729e-18  -1.8300147e-18  -6.4387209e-18  
-1.5745495e-17  1.8118882e-17  5.7662615e-17  -1.4240572e-16  -3.5727850e-18  6.3017134e-17  -2.8820296e-17  -1.8550022e-18  -1.1191423e-17  -4.0001131e-19  4.9487900e-18  -1.5745495e-17  1.8118882e-17  5.7662615e-17  -1.4240572e-16  -3.5727850e-18  6.3017134e-17  -2.8820296e-17  -1.8550022e-18  -1.1191423e-17  -4.0001131e-19  4.9487900e-18  
-1.1674655e-17  -1.6076643e-16  -2.7346459e-17  -5.1286574e-17  -1.9675390e-16  -1.8067213e-18  1.0312626e-18  3.0800024e-17  -1.0419458e-17  -1.6488343e-17  -1.9246177e-18  -1.1674655e-17  -1.6076643e-16  -2.7346459e-17  -5.1286574e-17  -1.9675390e-16  -1.8067213e-18  1.0312626e-18  3.0800024e-17  -1.0419458e-17  -1.6488343e-17  -1.9246177e-18  
