-5.3875001e-18  6.3496978e-17  -4.6222588e-18  1.8101941e-17  -8.4383540e-18  -4.5910880e-17  -7.1612824e-17  -7.0451118e-17  1.9473287e-18  -1.3408532e-17  1.9198002e-17  -5.3875001e-18  6.3496978e-17  -4.6222588e-18  1.8101941e-17  -8.4383540e-18  -4.5910880e-17  -7.1612824e-17  -7.0451118e-17  1.9473287e-18  -1.3408532e-17  1.9198002e-17  
-1.9368255e-17  -1.3816484e-17  4.9746245e-18  7.5470636e-18  -2.1579011e-17  -1.0402412e-17  3.0751531e-17  1.8684784e-16  2.7113525e-18  1.1000417e-17  2.5887868e-17  -1.9368255e-17  -1.3816484e-17  4.9746245e-18  7.5470636e-18  -2.1579011e-17  -1.0402412e-17  3.0751531e-17  1.8684784e-16  2.7113525e-18  1.1000417e-17  2.5887868e-17  
-6.8397910e-19  2.0464316e-18  1.6944656e-17  3.1413064e-17  6.9245049e-17  -2.1280697e-17  2.1428875e-17  -6.2441363e-17  2.2695824e-17  6.5920339e-18  -1.4907356e-17  -6.8397910e-19  2.0464316e-18  1.6944656e-17  3.1413064e-17  6.9245049e-17  -2.1280697e-17  2.1428875e-17  -6.2441363e-17  2.2695824e-17  6.5920339e-18  -1.4907356e-17  
4.3012333e-18  1.7714847e-17  6.1833405e-20  -1.8698252e-18  -1.4455888e-17  -7.5235160e-17  3.0408483e-19  1.7028115e-17  -6.0125787e-17  1.7645390e-17  -6.2129867e-18  4.3012333e-18  1.7714847e-17  6.1833405e-20  -1.8698252e-18  -1.4455888e-17  -7.5235160e-17  3.0408483e-19  1.7028115e-17  -6.0125787e-17  1.7645390e-17  -6.2129867e-18  
-1.7381116e-18  1.4087005e-17  1.5470559e-16  1.9447029e-17  -5.5262547e-18  -1.7263802e-17  -2.2149912e-18  -3.0751531e-17  -3.7896254e-18  -2.2906312e-17  -7.5271583e-18  -1.7381116e-18  1.4087005e-17  1.5470559e-16  1.9447029e-17  -5.5262547e-18  -1.7263802e-17  -2.2149912e-18  -3.0751531e-17  -3.7896254e-18  -2.2906312e-17  -7.5271583e-18  
-6.4693835e-17  2.7765740e-18  -6.8320936e-17  -1.2828314e-16  -3.0660475e-18  1.9951530e-18  4.9760539e-18  3.8091072e-17  3.9578673e-18  -1.3362792e-17  2.7875854e-18  -6.4693835e-17  2.7765740e-18  -6.8320936e-17  -1.2828314e-16  -3.0660475e-18  1.9951530e-18  4.9760539e-18  3.8091072e-17  3.9578673e-18  -1.3362792e-17  2.7875854e-18  
-9.5440284e-17  -1.4416247e-16  2.7498289e-17  1.9151415e-18  3.3384745e-18  -1.2924664e-18  2.2189616e-18  4.0820635e-18  -6.0617913e-18  -9.1394855e-19  -1.3478454e-16  -9.5440284e-17  -1.4416247e-16  2.7498289e-17  1.9151415e-18  3.3384745e-18  -1.2924664e-18  2.2189616e-18  4.0820635e-18  -6.0617913e-18  -9.1394855e-19  -1.3478454e-16  
-2.0302321e-16  2.1466356e-17  -4.9572391e-17  -6.2491550e-17  1.6133648e-17  4.9693305e-17  -4.2767117e-17  1.1199893e-18  4.7824963e-17  -2.0953478e-19  1.5970806e-18  -2.0302321e-16  2.1466356e-17  -4.9572391e-17  -6.2491550e-17  1.6133648e-17  4.9693305e-17  -4.2767117e-17  1.1199893e-18  4.7824963e-17  -2.0953478e-19  1.5970806e-18  
1.1776299e-17  1.4555414e-17  -3.7745906e-18  -1.8067213e-18  -2.2436368e-17  1.6388288e-17  -1.3902669e-17  1.1210121e-16  -1.0536931e-17  8.7786495e-18  1.9436442e-17  1.1776299e-17  1.4555414e-17  -3.7745906e-18  -1.8067213e-18  -2.2436368e-17  1.6388288e-17  -1.3902669e-17  1.1210121e-16  -1.0536931e-17  8.7786495e-18  1.9436442e-17  
1.0045811e-18  -1.3876094e-17  -1.2800362e-17  3.7696354e-17  3.3214279e-17  -1.0630263e-17  4.0784636e-18  3.8844931e-18  -9.7027624e-18  -9.0010486e-20  -1.8147681e-18  1.0045811e-18  -1.3876094e-17  -1.2800362e-17  3.7696354e-17  3.3214279e-17  -1.0630263e-17  4.0784636e-18  3.8844931e-18  -9.7027624e-18  -9.0010486e-20  -1.8147681e-18  
-1.3040919e-17  2.3484835e-17  1.1077073e-18  1.1146954e-18  -3.8779286e-18  -3.7163571e-18  -1.9418230e-17  2.1393935e-18  1.1851473e-17  -5.2765917e-18  -5.1356666e-19  -1.3040919e-17  2.3484835e-17  1.1077073e-18  1.1146954e-18  -3.8779286e-18  -3.7163571e-18  -1.9418230e-17  2.1393935e-18  1.1851473e-17  -5.2765917e-18  -5.1356666e-19  
-5.3875001e-18  6.3496978e-17  -4.6222588e-18  1.8101941e-17  -8.4383540e-18  -4.5910880e-17  -7.1612824e-17  -7.0451118e-17  1.9473287e-18  -1.3408532e-17  1.9198002e-17  -5.3875001e-18  6.3496978e-17  -4.6222588e-18  1.8101941e-17  -8.4383540e-18  -4.5910880e-17  -7.1612824e-17  -7.0451118e-17  1.9473287e-18  -1.3408532e-17  1.9198002e-17  
-1.9368255e-17  -1.3816484e-17  4.9746245e-18  7.5470636e-18  -2.1579011e-17  -1.0402412e-17  3.0751531e-17  1.8684784e-16  2.7113525e-18  1.1000417e-17  2.5887868e-17  -1.9368255e-17  -1.3816484e-17  4.9746245e-18  7.5470636e-18  -2.1579011e-17  -1.0402412e-17  3.0751531e-17  1.8684784e-16  2.7113525e-18  1.1000417e-17  2.5887868e-17  
-6.8397910e-19  2.0464316e-18  1.6944656e-17  3.1413064e-17  6.9245049e-17  -2.1280697e-17  2.1428875e-17  -6.2441363e-17  2.2695824e-17  6.5920339e-18  -1.4907356e-17  -6.8397910e-19  2.0464316e-18  1.6944656e-17  3.1413064e-17  6.9245049e-17  -2.1280697e-17  2.1428875e-17  -6.2441363e-17  2.2695824e-17  6.5920339e-18  -1.4907356e-17  
4.3012333e-18  1.7714847e-17  6.1833405e-20  -1.8698252e-18  -1.4455888e-17  -7.5235160e-17  3.0408483e-19  1.7028115e-17  -6.0125787e-17  1.7645390e-17  -6.2129867e-18  4.3012333e-18  1.7714847e-17  6.1833405e-20  -1.8698252e-18  -1.4455888e-17  -7.5235160e-17  3.0408483e-19  1.7028115e-17  -6.0125787e-17  1.7645390e-17  -6.2129867e-18  
-1.7381116e-18  1.4087005e-17  1.5470559e-16  1.9447029e-17  -5.5262547e-18  -1.7263802e-17  -2.2149912e-18  -3.0751531e-17  -3.7896254e-18  -2.2906312e-17  -7.5271583e-18  -1.7381116e-18  1.4087005e-17  1.5470559e-16  1.9447029e-17  -5.5262547e-18  -1.7263802e-17  -2.2149912e-18  -3.0751531e-17  -3.7896254e-18  -2.2906312e-17  -7.5271583e-18  
-6.4693835e-17  2.7765740e-18  -6.8320936e-17  -1.2828314e-16  -3.0660475e-18  1.9951530e-18  4.9760539e-18  3.8091072e-17  3.9578673e-18  -1.3362792e-17  2.7875854e-18  -6.4693835e-17  2.7765740e-18  -6.8320936e-17  -1.2828314e-16  -3.0660475e-18  1.9951530e-18  4.9760539e-18  3.8091072e-17  3.9578673e-18  -1.3362792e-17  2.7875854e-18  
-9.5440284e-17  -1.4416247e-16  2.7498289e-17  1.9151415e-18  3.3384745e-18  -1.2924664e-18  2.2189616e-18  4.0820635e-18  -6.0617913e-18  -9.1394855e-19  -1.3478454e-16  -9.5440284e-17  -1.4416247e-16  2.7498289e-17  1.9151415e-18  3.3384745e-18  -1.2924664e-18  2.2189616e-18  4.0820635e-18  -6.0617913e-18  -9.1394855e-19  -1.3478454e-16  
-2.0302321e-16  2.1466356e-17  -4.9572391e-17  -6.2491550e-17  1.6133648e-17  4.9693305e-17  -4.2767117e-17  1.1199893e-18  4.7824963e-17  -2.0953478e-19  1.5970806e-18  -2.0302321e-16  2.1466356e-17  -4.9572391e-17  -6.2491550e-17  1.6133648e-17  4.9693305e-17  -4.2767117e-17  1.1199893e-18  4.7824963e-17  -2.0953478e-19  1.5970806e-18  
1.1776299e-17  1.4555414e-17  -3.7745906e-18  -1.8067213e-18  -2.2436368e-17  1.6388288e-17  -1.3902669e-17  1.1210121e-16  -1.0536931e-17  8.7786495e-18  1.9436442e-17  1.1776299e-17  1.4555414e-17  -3.7745906e-18  -1.8067213e-18  -2.2436368e-17  1.6388288e-17  -1.3902669e-17  1.1210121e-16  -1.0536931e-17  8.7786495e-18  1.9436442e-17  
1.0045811e-18  -1.3876094e-17  -1.2800362e-17  3.7696354e-17  3.3214279e-17  -1.0630263e-17  4.0784636e-18  3.8844931e-18  -9.7027624e-18  -9.0010486e-20  -1.8147681e-18  1.0045811e-18  -1.3876094e-17  -1.2800362e-17  3.7696354e-17  3.3214279e-17  -1.0630263e-17  4.0784636e-18  3.8844931e-18  -9.7027624e-18  -9.0010486e-20  -1.8147681e-18  
-1.3040919e-17  2.3484835e-17  1.1077073e-18  1.1146954e-18  -3.8779286e-18  -3.7163571e-18  -1.9418230e-17  2.1393935e-18  1.1851473e-17  -5.2765917e-18  -5.1356666e-19  -1.3040919e-17  2.3484835e-17  1.1077073e-18  1.1146954e-18  -3.8779286e-18  -3.7163571e-18  -1.9418230e-17  2.1393935e-18  1.1851473e-17  -5.2765917e-18  -5.1356666e-19  
