-0.99422678  -0.10453574  -0.0085450590  0.0092085745  -0.0029862902  0.0049874967  0.0088006241  -0.0032777992  0.00062397442  0.00028411604  0.00088764128  -0.99422678  -0.10453574  -0.0085450590  0.0092085745  -0.0029862902  0.0049874967  0.0088006241  -0.0032777992  0.00062397442  0.00028411604  0.00088764128  
-0.10412447  0.99375746  -0.027550851  0.013698110  0.0066136219  0.0027130022  0.0085926243  0.00065614064  0.00040663213  -0.00049146977  -0.00012287508  -0.10412447  0.99375746  -0.027550851  0.013698110  0.0066136219  0.0027130022  0.0085926243  0.00065614064  0.00040663213  -0.00049146977  -0.00012287508  
-0.011552315  0.026430950  0.99898947  -0.0070433610  0.015753818  -0.0073421552  -0.0055759997  0.0025678072  -0.0030879749  -0.0013611922  -0.0019399924  -0.011552315  0.026430950  0.99898947  -0.0070433610  0.015753818  -0.0073421552  -0.0055759997  0.0025678072  -0.0030879749  -0.0013611922  -0.0019399924  
-0.010431857  0.012475985  -0.0073961689  -0.99932437  0.0063855982  -0.00077073408  0.0081366159  -0.00097995177  0.00094720465  0.0014766915  -0.00058517348  -0.010431857  0.012475985  -0.0073961689  -0.99932437  0.0063855982  -0.00077073408  0.0081366159  -0.00097995177  0.00094720465  0.0014766915  -0.00058517348  
0.0020247280  0.0073382361  0.015380265  -0.0064437368  -0.99943837  -0.0096557855  0.0024062188  -0.0076131833  -0.0013349868  0.00065397382  -0.0012569037  0.0020247280  0.0073382361  0.015380265  -0.0064437368  -0.99943837  -0.0096557855  0.0024062188  -0.0076131833  -0.0013349868  0.00065397382  -0.0012569037  
-0.0058467468  0.0024100481  -0.0079959588  0.00030423456  0.0093912527  -0.99669403  -0.075166802  -0.014330432  0.017268381  -0.0049702758  0.0025345090  -0.0058467468  0.0024100481  -0.0079959588  0.00030423456  0.0093912527  -0.99669403  -0.075166802  -0.014330432  0.017268381  -0.0049702758  0.0025345090  
-0.0092654930  0.0075200704  -0.0052862248  -0.0079385905  -0.0031487385  0.074958853  -0.99689444  0.0026201893  -0.011060347  -0.00021544898  0.0063865946  -0.0092654930  0.0075200704  -0.0052862248  -0.0079385905  -0.0031487385  0.074958853  -0.99689444  0.0026201893  -0.011060347  -0.00021544898  0.0063865946  
0.0032872201  0.00089451132  0.0031046112  0.0010972380  0.0070683454  0.017939335  -0.0036093785  -0.97942082  0.19936037  -0.010651597  -0.010313359  0.0032872201  0.00089451132  0.0031046112  0.0010972380  0.0070683454  0.017939335  -0.0036093785  -0.97942082  0.19936037  -0.010651597  -0.010313359  
-8.4939542e-06  0.00028326547  -0.0028914891  -0.00069888431  0.0028437512  -0.014768288  0.0092774364  -0.19968002  -0.97923864  -0.014527953  -0.0061421727  -8.4939542e-06  0.00028326547  -0.0028914891  -0.00069888431  0.0028437512  -0.014768288  0.0092774364  -0.19968002  -0.97923864  -0.014527953  -0.0061421727  
0.00036240324  0.00052401388  0.0017530925  0.0014574147  0.00051756298  -0.0044928454  0.00082679562  -0.015608435  -0.012291391  0.97946793  0.19918434  0.00036240324  0.00052401388  0.0017530925  0.0014574147  0.00051756298  -0.0044928454  0.00082679562  -0.015608435  -0.012291391  0.97946793  0.19918434  
0.00077398587  -5.8135164e-05  0.0017986976  -0.00082678947  -0.0012223115  0.0030613614  0.0064808862  -0.0083988216  -0.0014873926  -0.19934231  0.97973784  0.00077398587  -5.8135164e-05  0.0017986976  -0.00082678947  -0.0012223115  0.0030613614  0.0064808862  -0.0083988216  -0.0014873926  -0.19934231  0.97973784  
-0.99422678  -0.10453574  -0.0085450590  0.0092085745  -0.0029862902  0.0049874967  0.0088006241  -0.0032777992  0.00062397442  0.00028411604  0.00088764128  -0.99422678  -0.10453574  -0.0085450590  0.0092085745  -0.0029862902  0.0049874967  0.0088006241  -0.0032777992  0.00062397442  0.00028411604  0.00088764128  
-0.10412447  0.99375746  -0.027550851  0.013698110  0.0066136219  0.0027130022  0.0085926243  0.00065614064  0.00040663213  -0.00049146977  -0.00012287508  -0.10412447  0.99375746  -0.027550851  0.013698110  0.0066136219  0.0027130022  0.0085926243  0.00065614064  0.00040663213  -0.00049146977  -0.00012287508  
-0.011552315  0.026430950  0.99898947  -0.0070433610  0.015753818  -0.0073421552  -0.0055759997  0.0025678072  -0.0030879749  -0.0013611922  -0.0019399924  -0.011552315  0.026430950  0.99898947  -0.0070433610  0.015753818  -0.0073421552  -0.0055759997  0.0025678072  -0.0030879749  -0.0013611922  -0.0019399924  
-0.010431857  0.012475985  -0.0073961689  -0.99932437  0.0063855982  -0.00077073408  0.0081366159  -0.00097995177  0.00094720465  0.0014766915  -0.00058517348  -0.010431857  0.012475985  -0.0073961689  -0.99932437  0.0063855982  -0.00077073408  0.0081366159  -0.00097995177  0.00094720465  0.0014766915  -0.00058517348  
0.0020247280  0.0073382361  0.015380265  -0.0064437368  -0.99943837  -0.0096557855  0.0024062188  -0.0076131833  -0.0013349868  0.00065397382  -0.0012569037  0.0020247280  0.0073382361  0.015380265  -0.0064437368  -0.99943837  -0.0096557855  0.0024062188  -0.0076131833  -0.0013349868  0.00065397382  -0.0012569037  
-0.0058467468  0.0024100481  -0.0079959588  0.00030423456  0.0093912527  -0.99669403  -0.075166802  -0.014330432  0.017268381  -0.0049702758  0.0025345090  -0.0058467468  0.0024100481  -0.0079959588  0.00030423456  0.0093912527  -0.99669403  -0.075166802  -0.014330432  0.017268381  -0.0049702758  0.0025345090  
-0.0092654930  0.0075200704  -0.0052862248  -0.0079385905  -0.0031487385  0.074958853  -0.99689444  0.0026201893  -0.011060347  -0.00021544898  0.0063865946  -0.0092654930  0.0075200704  -0.0052862248  -0.0079385905  -0.0031487385  0.074958853  -0.99689444  0.0026201893  -0.011060347  -0.00021544898  0.0063865946  
0.0032872201  0.00089451132  0.0031046112  0.0010972380  0.0070683454  0.017939335  -0.0036093785  -0.97942082  0.19936037  -0.010651597  -0.010313359  0.0032872201  0.00089451132  0.0031046112  0.0010972380  0.0070683454  0.017939335  -0.0036093785  -0.97942082  0.19936037  -0.010651597  -0.010313359  
-8.4939542e-06  0.00028326547  -0.0028914891  -0.00069888431  0.0028437512  -0.014768288  0.0092774364  -0.19968002  -0.97923864  -0.014527953  -0.0061421727  -8.4939542e-06  0.00028326547  -0.0028914891  -0.00069888431  0.0028437512  -0.014768288  0.0092774364  -0.19968002  -0.97923864  -0.014527953  -0.0061421727  
0.00036240324  0.00052401388  0.0017530925  0.0014574147  0.00051756298  -0.0044928454  0.00082679562  -0.015608435  -0.012291391  0.97946793  0.19918434  0.00036240324  0.00052401388  0.0017530925  0.0014574147  0.00051756298  -0.0044928454  0.00082679562  -0.015608435  -0.012291391  0.97946793  0.19918434  
0.00077398587  -5.8135164e-05  0.0017986976  -0.00082678947  -0.0012223115  0.0030613614  0.0064808862  -0.0083988216  -0.0014873926  -0.19934231  0.97973784  0.00077398587  -5.8135164e-05  0.0017986976  -0.00082678947  -0.0012223115  0.0030613614  0.0064808862  -0.0083988216  -0.0014873926  -0.19934231  0.97973784  
