0.99968272  0.0033112371  0.0024677090  0.0012415473  0.0011961914  0.0033398465  -0.0014758723  0.00092113464  0.0016194837  -0.0024562503  0.00014604432  0.99968272  0.0033112371  0.0024677090  0.0012415473  0.0011961914  0.0033398465  -0.0014758723  0.00092113464  0.0016194837  -0.0024562503  0.00014604432  
-0.0033906245  0.99930630  -0.023375419  0.0027223222  0.0044729508  0.00086294031  -0.0056114917  -0.016277048  -0.0015589746  0.0018858456  0.0031901545  -0.0033906245  0.99930630  -0.023375419  0.0027223222  0.0044729508  0.00086294031  -0.0056114917  -0.016277048  -0.0015589746  0.0018858456  0.0031901545  
-0.0026111188  0.022858185  0.99651185  -0.012133377  0.075646545  -0.0036478844  0.0017959504  -0.0033316023  0.0054278256  0.0073707383  0.0065636758  -0.0026111188  0.022858185  0.99651185  -0.012133377  0.075646545  -0.0036478844  0.0017959504  -0.0033316023  0.0054278256  0.0073707383  0.0065636758  
0.0011857179  0.0018886179  -0.017874524  -0.99695792  0.068933807  -0.015588359  6.8599303e-05  0.0038090494  0.0078345312  0.0064987150  0.0059512250  0.0011857179  0.0018886179  -0.017874524  -0.99695792  0.068933807  -0.015588359  6.8599303e-05  0.0038090494  0.0078345312  0.0064987150  0.0059512250  
-0.0010539910  -0.0065083120  -0.074574536  0.070206038  0.99429317  -0.00048108468  -0.0076885952  -0.0043174022  0.013222101  -0.0085424773  -0.0049733867  -0.0010539910  -0.0065083120  -0.074574536  0.070206038  0.99429317  -0.00048108468  -0.0076885952  -0.0043174022  0.013222101  -0.0085424773  -0.0049733867  
-0.0033505947  -0.00070895830  0.0034395056  -0.015605032  0.0018911841  0.99950028  -0.011617618  0.0062330914  -0.0046104998  0.011600116  -0.012199273  -0.0033505947  -0.00070895830  0.0034395056  -0.015605032  0.0018911841  0.99950028  -0.011617618  0.0062330914  -0.0046104998  0.011600116  -0.012199273  
0.0013816337  0.0055420093  -0.0024135606  0.00043713728  0.0074999626  0.011893812  0.99975151  -1.9692009e-05  0.0031966730  -0.010820896  0.0068895527  0.0013816337  0.0055420093  -0.0024135606  0.00043713728  0.0074999626  0.011893812  0.99975151  -1.9692009e-05  0.0031966730  -0.010820896  0.0068895527  
-0.0010759248  0.016498177  0.0027840432  0.0041513534  0.0037215646  -0.0056836119  -0.00042794183  0.99883362  0.030229963  -0.028235055  -0.00030986276  -0.0010759248  0.016498177  0.0027840432  0.0041513534  0.0037215646  -0.0056836119  -0.00042794183  0.99883362  0.030229963  -0.028235055  -0.00030986276  
0.0016374408  -0.0010599416  0.0041784851  -0.0065351680  0.014285613  -0.0049160163  0.0031752864  0.030555554  -0.99911431  0.0084177819  0.0080807073  0.0016374408  -0.0010599416  0.0041784851  -0.0065351680  0.014285613  -0.0049160163  0.0031752864  0.030555554  -0.99911431  0.0084177819  0.0080807073  
0.0025297621  -0.0016731761  -0.0079867030  0.0076884891  0.0075528270  -0.011148672  0.010695340  0.027969214  0.0096457876  0.99902537  0.019723917  0.0025297621  -0.0016731761  -0.0079867030  0.0076884891  0.0075528270  -0.011148672  0.010695340  0.027969214  0.0096457876  0.99902537  0.019723917  
0.00027123023  0.0034378303  0.0066551248  -0.0061829567  -0.0038671138  -0.012606470  0.0073568752  0.00023560363  -0.0081810765  0.019901321  -0.99914643  0.00027123023  0.0034378303  0.0066551248  -0.0061829567  -0.0038671138  -0.012606470  0.0073568752  0.00023560363  -0.0081810765  0.019901321  -0.99914643  
0.99968272  0.0033112371  0.0024677090  0.0012415473  0.0011961914  0.0033398465  -0.0014758723  0.00092113464  0.0016194837  -0.0024562503  0.00014604432  0.99968272  0.0033112371  0.0024677090  0.0012415473  0.0011961914  0.0033398465  -0.0014758723  0.00092113464  0.0016194837  -0.0024562503  0.00014604432  
-0.0033906245  0.99930630  -0.023375419  0.0027223222  0.0044729508  0.00086294031  -0.0056114917  -0.016277048  -0.0015589746  0.0018858456  0.0031901545  -0.0033906245  0.99930630  -0.023375419  0.0027223222  0.0044729508  0.00086294031  -0.0056114917  -0.016277048  -0.0015589746  0.0018858456  0.0031901545  
-0.0026111188  0.022858185  0.99651185  -0.012133377  0.075646545  -0.0036478844  0.0017959504  -0.0033316023  0.0054278256  0.0073707383  0.0065636758  -0.0026111188  0.022858185  0.99651185  -0.012133377  0.075646545  -0.0036478844  0.0017959504  -0.0033316023  0.0054278256  0.0073707383  0.0065636758  
0.0011857179  0.0018886179  -0.017874524  -0.99695792  0.068933807  -0.015588359  6.8599303e-05  0.0038090494  0.0078345312  0.0064987150  0.0059512250  0.0011857179  0.0018886179  -0.017874524  -0.99695792  0.068933807  -0.015588359  6.8599303e-05  0.0038090494  0.0078345312  0.0064987150  0.0059512250  
-0.0010539910  -0.0065083120  -0.074574536  0.070206038  0.99429317  -0.00048108468  -0.0076885952  -0.0043174022  0.013222101  -0.0085424773  -0.0049733867  -0.0010539910  -0.0065083120  -0.074574536  0.070206038  0.99429317  -0.00048108468  -0.0076885952  -0.0043174022  0.013222101  -0.0085424773  -0.0049733867  
-0.0033505947  -0.00070895830  0.0034395056  -0.015605032  0.0018911841  0.99950028  -0.011617618  0.0062330914  -0.0046104998  0.011600116  -0.012199273  -0.0033505947  -0.00070895830  0.0034395056  -0.015605032  0.0018911841  0.99950028  -0.011617618  0.0062330914  -0.0046104998  0.011600116  -0.012199273  
0.0013816337  0.0055420093  -0.0024135606  0.00043713728  0.0074999626  0.011893812  0.99975151  -1.9692009e-05  0.0031966730  -0.010820896  0.0068895527  0.0013816337  0.0055420093  -0.0024135606  0.00043713728  0.0074999626  0.011893812  0.99975151  -1.9692009e-05  0.0031966730  -0.010820896  0.0068895527  
-0.0010759248  0.016498177  0.0027840432  0.0041513534  0.0037215646  -0.0056836119  -0.00042794183  0.99883362  0.030229963  -0.028235055  -0.00030986276  -0.0010759248  0.016498177  0.0027840432  0.0041513534  0.0037215646  -0.0056836119  -0.00042794183  0.99883362  0.030229963  -0.028235055  -0.00030986276  
0.0016374408  -0.0010599416  0.0041784851  -0.0065351680  0.014285613  -0.0049160163  0.0031752864  0.030555554  -0.99911431  0.0084177819  0.0080807073  0.0016374408  -0.0010599416  0.0041784851  -0.0065351680  0.014285613  -0.0049160163  0.0031752864  0.030555554  -0.99911431  0.0084177819  0.0080807073  
0.0025297621  -0.0016731761  -0.0079867030  0.0076884891  0.0075528270  -0.011148672  0.010695340  0.027969214  0.0096457876  0.99902537  0.019723917  0.0025297621  -0.0016731761  -0.0079867030  0.0076884891  0.0075528270  -0.011148672  0.010695340  0.027969214  0.0096457876  0.99902537  0.019723917  
0.00027123023  0.0034378303  0.0066551248  -0.0061829567  -0.0038671138  -0.012606470  0.0073568752  0.00023560363  -0.0081810765  0.019901321  -0.99914643  0.00027123023  0.0034378303  0.0066551248  -0.0061829567  -0.0038671138  -0.012606470  0.0073568752  0.00023560363  -0.0081810765  0.019901321  -0.99914643  
