0.99979487  0.014121323  0.0032995587  0.0038022714  0.00077834907  -0.0038270486  -0.0012603047  -0.0035303621  0.0011077120  -4.8717951e-05  0.00086746109  0.99979487  0.014121323  0.0032995587  0.0038022714  0.00077834907  -0.0038270486  -0.0012603047  -0.0035303621  0.0011077120  -4.8717951e-05  0.00086746109  
0.014044582  -0.99944315  0.026073984  0.0024372999  0.00092254790  0.00052547123  -0.0028762220  0.00085507252  -0.0013139299  0.00015808080  0.0023600954  0.014044582  -0.99944315  0.026073984  0.0024372999  0.00092254790  0.00052547123  -0.0028762220  0.00085507252  -0.0013139299  0.00015808080  0.0023600954  
0.0036266762  -0.026077381  -0.99921694  -0.012582323  0.011842050  0.0015395820  0.0011294173  -0.00012109637  0.0025842737  -0.00040176034  -0.0034523305  0.0036266762  -0.026077381  -0.99921694  -0.012582323  0.011842050  0.0015395820  0.0011294173  -0.00012109637  0.0025842737  -0.00040176034  -0.0034523305  
-0.0038496156  0.0020177450  -0.012640191  0.99967977  -0.0062555009  0.0021848399  -0.00073289129  -0.0033944420  0.0055889958  0.0015203369  0.00053271498  -0.0038496156  0.0020177450  -0.012640191  0.99967977  -0.0062555009  0.0021848399  -0.00073289129  -0.0033944420  0.0055889958  0.0015203369  0.00053271498  
0.00083598269  -0.0012357143  -0.011795287  -0.0065293891  -0.99978647  0.0016129950  0.00060184330  -0.0035940494  0.0013384691  0.0023983519  -0.00014889435  0.00083598269  -0.0012357143  -0.011795287  -0.0065293891  -0.99978647  0.0016129950  0.00060184330  -0.0035940494  0.0013384691  0.0023983519  -0.00014889435  
-0.0038231826  -0.00064024878  -0.0016018589  0.0020936113  -0.0015830862  -0.99984310  0.0043621678  0.00041101053  0.012893049  0.0033846873  0.0031848315  -0.0038231826  -0.00064024878  -0.0016018589  0.0020936113  -0.0015830862  -0.99984310  0.0043621678  0.00041101053  0.012893049  0.0033846873  0.0031848315  
-0.0013070083  0.0028136855  -0.0012021360  -0.00075714525  -0.00060046270  -0.0043570860  -0.99994267  0.0035002168  0.00080970731  0.0030731899  -0.00082995331  -0.0013070083  0.0028136855  -0.0012021360  -0.00075714525  -0.00060046270  -0.0043570860  -0.99994267  0.0035002168  0.00080970731  0.0030731899  -0.00082995331  
0.0034790136  0.00082914799  -0.00010743475  0.0031133701  -0.0035631870  0.0010588565  0.0034691018  0.99866985  0.048931453  -0.010157159  0.00096849064  0.0034790136  0.00082914799  -0.00010743475  0.0031133701  -0.0035631870  0.0010588565  0.0034691018  0.99866985  0.048931453  -0.010157159  0.00096849064  
-0.0012013668  -0.0012666615  0.0024738061  -0.0054604523  0.0013300665  0.012784345  0.00052200954  -0.049101602  0.99763225  -0.031188669  0.017162559  -0.0012013668  -0.0012666615  0.0024738061  -0.0054604523  0.0013300665  0.012784345  0.00052200954  -0.049101602  0.99763225  -0.031188669  0.017162559  
-6.0971106e-05  -0.00012729405  0.00037929432  0.0016670050  -0.0024631511  -0.0038466293  -0.0031032906  -0.0085757098  -0.031403463  -0.99935616  -0.0086194458  -6.0971106e-05  -0.00012729405  0.00037929432  0.0016670050  -0.0024631511  -0.0038466293  -0.0031032906  -0.0085757098  -0.031403463  -0.99935616  -0.0086194458  
0.00085496581  -0.0022254400  0.0035515855  0.00049668473  0.00013464330  -0.0029068654  0.00082746460  0.00017110812  0.017406110  0.0080629494  -0.99970642  0.00085496581  -0.0022254400  0.0035515855  0.00049668473  0.00013464330  -0.0029068654  0.00082746460  0.00017110812  0.017406110  0.0080629494  -0.99970642  
0.99979487  0.014121323  0.0032995587  0.0038022714  0.00077834907  -0.0038270486  -0.0012603047  -0.0035303621  0.0011077120  -4.8717951e-05  0.00086746109  0.99979487  0.014121323  0.0032995587  0.0038022714  0.00077834907  -0.0038270486  -0.0012603047  -0.0035303621  0.0011077120  -4.8717951e-05  0.00086746109  
0.014044582  -0.99944315  0.026073984  0.0024372999  0.00092254790  0.00052547123  -0.0028762220  0.00085507252  -0.0013139299  0.00015808080  0.0023600954  0.014044582  -0.99944315  0.026073984  0.0024372999  0.00092254790  0.00052547123  -0.0028762220  0.00085507252  -0.0013139299  0.00015808080  0.0023600954  
0.0036266762  -0.026077381  -0.99921694  -0.012582323  0.011842050  0.0015395820  0.0011294173  -0.00012109637  0.0025842737  -0.00040176034  -0.0034523305  0.0036266762  -0.026077381  -0.99921694  -0.012582323  0.011842050  0.0015395820  0.0011294173  -0.00012109637  0.0025842737  -0.00040176034  -0.0034523305  
-0.0038496156  0.0020177450  -0.012640191  0.99967977  -0.0062555009  0.0021848399  -0.00073289129  -0.0033944420  0.0055889958  0.0015203369  0.00053271498  -0.0038496156  0.0020177450  -0.012640191  0.99967977  -0.0062555009  0.0021848399  -0.00073289129  -0.0033944420  0.0055889958  0.0015203369  0.00053271498  
0.00083598269  -0.0012357143  -0.011795287  -0.0065293891  -0.99978647  0.0016129950  0.00060184330  -0.0035940494  0.0013384691  0.0023983519  -0.00014889435  0.00083598269  -0.0012357143  -0.011795287  -0.0065293891  -0.99978647  0.0016129950  0.00060184330  -0.0035940494  0.0013384691  0.0023983519  -0.00014889435  
-0.0038231826  -0.00064024878  -0.0016018589  0.0020936113  -0.0015830862  -0.99984310  0.0043621678  0.00041101053  0.012893049  0.0033846873  0.0031848315  -0.0038231826  -0.00064024878  -0.0016018589  0.0020936113  -0.0015830862  -0.99984310  0.0043621678  0.00041101053  0.012893049  0.0033846873  0.0031848315  
-0.0013070083  0.0028136855  -0.0012021360  -0.00075714525  -0.00060046270  -0.0043570860  -0.99994267  0.0035002168  0.00080970731  0.0030731899  -0.00082995331  -0.0013070083  0.0028136855  -0.0012021360  -0.00075714525  -0.00060046270  -0.0043570860  -0.99994267  0.0035002168  0.00080970731  0.0030731899  -0.00082995331  
0.0034790136  0.00082914799  -0.00010743475  0.0031133701  -0.0035631870  0.0010588565  0.0034691018  0.99866985  0.048931453  -0.010157159  0.00096849064  0.0034790136  0.00082914799  -0.00010743475  0.0031133701  -0.0035631870  0.0010588565  0.0034691018  0.99866985  0.048931453  -0.010157159  0.00096849064  
-0.0012013668  -0.0012666615  0.0024738061  -0.0054604523  0.0013300665  0.012784345  0.00052200954  -0.049101602  0.99763225  -0.031188669  0.017162559  -0.0012013668  -0.0012666615  0.0024738061  -0.0054604523  0.0013300665  0.012784345  0.00052200954  -0.049101602  0.99763225  -0.031188669  0.017162559  
-6.0971106e-05  -0.00012729405  0.00037929432  0.0016670050  -0.0024631511  -0.0038466293  -0.0031032906  -0.0085757098  -0.031403463  -0.99935616  -0.0086194458  -6.0971106e-05  -0.00012729405  0.00037929432  0.0016670050  -0.0024631511  -0.0038466293  -0.0031032906  -0.0085757098  -0.031403463  -0.99935616  -0.0086194458  
0.00085496581  -0.0022254400  0.0035515855  0.00049668473  0.00013464330  -0.0029068654  0.00082746460  0.00017110812  0.017406110  0.0080629494  -0.99970642  0.00085496581  -0.0022254400  0.0035515855  0.00049668473  0.00013464330  -0.0029068654  0.00082746460  0.00017110812  0.017406110  0.0080629494  -0.99970642  
