1.8388026e-18  9.3195647e-17  3.7116984e-18  -8.0112376e-18  2.0396553e-18  -1.1799169e-17  5.0866023e-17  -1.0450693e-17  1.7388739e-17  -4.9920310e-17  7.9621097e-18  1.8388026e-18  9.3195647e-17  3.7116984e-18  -8.0112376e-18  2.0396553e-18  -1.1799169e-17  5.0866023e-17  -1.0450693e-17  1.7388739e-17  -4.9920310e-17  7.9621097e-18  
3.8716182e-17  -7.6186908e-18  -1.0518773e-17  1.1427533e-18  1.4673999e-17  7.3524577e-18  3.4125687e-17  -1.5868823e-16  -1.1292008e-18  7.7202950e-18  2.0850775e-18  3.8716182e-17  -7.6186908e-18  -1.0518773e-17  1.1427533e-18  1.4673999e-17  7.3524577e-18  3.4125687e-17  -1.5868823e-16  -1.1292008e-18  7.7202950e-18  2.0850775e-18  
-8.7837317e-19  -2.2144618e-18  -1.8237599e-17  -3.4111287e-17  8.0951998e-17  -9.0112659e-18  -5.8635856e-18  -1.5151302e-17  -1.6025228e-17  -1.1148716e-16  -1.5036471e-16  -8.7837317e-19  -2.2144618e-18  -1.8237599e-17  -3.4111287e-17  8.0951998e-17  -9.0112659e-18  -5.8635856e-18  -1.5151302e-17  -1.6025228e-17  -1.1148716e-16  -1.5036471e-16  
-1.1130013e-18  -1.2341694e-17  -8.4867090e-17  6.9340235e-19  -4.6163296e-19  -1.4142486e-17  -1.6529848e-18  -1.4308081e-17  -9.2673875e-18  8.2714858e-17  1.9185720e-17  -1.1130013e-18  -1.2341694e-17  -8.4867090e-17  6.9340235e-19  -4.6163296e-19  -1.4142486e-17  -1.6529848e-18  -1.4308081e-17  -9.2673875e-18  8.2714858e-17  1.9185720e-17  
4.4841924e-18  -3.9582273e-17  5.5969396e-17  1.4960296e-17  -3.2391069e-18  2.8043779e-17  1.6326560e-17  6.6610671e-18  2.6036358e-16  5.2328478e-17  -1.2294239e-16  4.4841924e-18  -3.9582273e-17  5.5969396e-17  1.4960296e-17  -3.2391069e-18  2.8043779e-17  1.6326560e-17  6.6610671e-18  2.6036358e-16  5.2328478e-17  -1.2294239e-16  
2.9506393e-18  2.9498981e-18  -2.1014623e-17  -1.4104899e-16  -5.7894702e-19  9.6158092e-19  -3.8311300e-18  1.4931073e-18  1.5736072e-17  1.5922367e-17  6.6513262e-19  2.9506393e-18  2.9498981e-18  -2.1014623e-17  -1.4104899e-16  -5.7894702e-19  9.6158092e-19  -3.8311300e-18  1.4931073e-18  1.5736072e-17  1.5922367e-17  6.6513262e-19  
-1.1311278e-16  4.1760842e-17  1.2197063e-17  1.0431634e-17  -1.2027868e-19  -1.3886682e-17  1.4327562e-18  7.6444723e-18  -3.1695973e-18  1.9166026e-17  1.7747881e-17  -1.1311278e-16  4.1760842e-17  1.2197063e-17  1.0431634e-17  -1.2027868e-19  -1.3886682e-17  1.4327562e-18  7.6444723e-18  -3.1695973e-18  1.9166026e-17  1.7747881e-17  
7.0490082e-18  6.3290302e-17  -1.7239238e-17  1.8829542e-17  -4.3029274e-18  2.1427816e-18  4.5248500e-18  1.5416000e-19  -2.9053230e-18  6.9795515e-18  -5.9800526e-18  7.0490082e-18  6.3290302e-17  -1.7239238e-17  1.8829542e-17  -4.3029274e-18  2.1427816e-18  4.5248500e-18  1.5416000e-19  -2.9053230e-18  6.9795515e-18  -5.9800526e-18  
-2.4843476e-18  1.6144342e-17  -2.8522564e-17  -5.9047937e-17  2.0203382e-16  5.9487124e-18  3.3982962e-18  4.1962012e-18  -1.8634725e-19  -2.9816619e-18  3.8709406e-19  -2.4843476e-18  1.6144342e-17  -2.8522564e-17  -5.9047937e-17  2.0203382e-16  5.9487124e-18  3.3982962e-18  4.1962012e-18  -1.8634725e-19  -2.9816619e-18  3.8709406e-19  
6.2153584e-17  1.8395703e-18  7.1619177e-17  6.3030527e-17  1.6820359e-16  -2.0470351e-17  2.6082474e-17  -5.4282106e-18  3.8486001e-18  3.0670649e-18  -2.2311774e-18  6.2153584e-17  1.8395703e-18  7.1619177e-17  6.3030527e-17  1.6820359e-16  -2.0470351e-17  2.6082474e-17  -5.4282106e-18  3.8486001e-18  3.0670649e-18  -2.2311774e-18  
1.9154803e-17  -3.7155100e-18  -5.2528536e-17  -8.7533338e-17  -2.3609646e-16  2.1618398e-18  2.5301721e-17  -3.5486445e-18  3.1141166e-18  -2.5496486e-18  -1.2806609e-18  1.9154803e-17  -3.7155100e-18  -5.2528536e-17  -8.7533338e-17  -2.3609646e-16  2.1618398e-18  2.5301721e-17  -3.5486445e-18  3.1141166e-18  -2.5496486e-18  -1.2806609e-18  
1.8388026e-18  9.3195647e-17  3.7116984e-18  -8.0112376e-18  2.0396553e-18  -1.1799169e-17  5.0866023e-17  -1.0450693e-17  1.7388739e-17  -4.9920310e-17  7.9621097e-18  1.8388026e-18  9.3195647e-17  3.7116984e-18  -8.0112376e-18  2.0396553e-18  -1.1799169e-17  5.0866023e-17  -1.0450693e-17  1.7388739e-17  -4.9920310e-17  7.9621097e-18  
3.8716182e-17  -7.6186908e-18  -1.0518773e-17  1.1427533e-18  1.4673999e-17  7.3524577e-18  3.4125687e-17  -1.5868823e-16  -1.1292008e-18  7.7202950e-18  2.0850775e-18  3.8716182e-17  -7.6186908e-18  -1.0518773e-17  1.1427533e-18  1.4673999e-17  7.3524577e-18  3.4125687e-17  -1.5868823e-16  -1.1292008e-18  7.7202950e-18  2.0850775e-18  
-8.7837317e-19  -2.2144618e-18  -1.8237599e-17  -3.4111287e-17  8.0951998e-17  -9.0112659e-18  -5.8635856e-18  -1.5151302e-17  -1.6025228e-17  -1.1148716e-16  -1.5036471e-16  -8.7837317e-19  -2.2144618e-18  -1.8237599e-17  -3.4111287e-17  8.0951998e-17  -9.0112659e-18  -5.8635856e-18  -1.5151302e-17  -1.6025228e-17  -1.1148716e-16  -1.5036471e-16  
-1.1130013e-18  -1.2341694e-17  -8.4867090e-17  6.9340235e-19  -4.6163296e-19  -1.4142486e-17  -1.6529848e-18  -1.4308081e-17  -9.2673875e-18  8.2714858e-17  1.9185720e-17  -1.1130013e-18  -1.2341694e-17  -8.4867090e-17  6.9340235e-19  -4.6163296e-19  -1.4142486e-17  -1.6529848e-18  -1.4308081e-17  -9.2673875e-18  8.2714858e-17  1.9185720e-17  
4.4841924e-18  -3.9582273e-17  5.5969396e-17  1.4960296e-17  -3.2391069e-18  2.8043779e-17  1.6326560e-17  6.6610671e-18  2.6036358e-16  5.2328478e-17  -1.2294239e-16  4.4841924e-18  -3.9582273e-17  5.5969396e-17  1.4960296e-17  -3.2391069e-18  2.8043779e-17  1.6326560e-17  6.6610671e-18  2.6036358e-16  5.2328478e-17  -1.2294239e-16  
2.9506393e-18  2.9498981e-18  -2.1014623e-17  -1.4104899e-16  -5.7894702e-19  9.6158092e-19  -3.8311300e-18  1.4931073e-18  1.5736072e-17  1.5922367e-17  6.6513262e-19  2.9506393e-18  2.9498981e-18  -2.1014623e-17  -1.4104899e-16  -5.7894702e-19  9.6158092e-19  -3.8311300e-18  1.4931073e-18  1.5736072e-17  1.5922367e-17  6.6513262e-19  
-1.1311278e-16  4.1760842e-17  1.2197063e-17  1.0431634e-17  -1.2027868e-19  -1.3886682e-17  1.4327562e-18  7.6444723e-18  -3.1695973e-18  1.9166026e-17  1.7747881e-17  -1.1311278e-16  4.1760842e-17  1.2197063e-17  1.0431634e-17  -1.2027868e-19  -1.3886682e-17  1.4327562e-18  7.6444723e-18  -3.1695973e-18  1.9166026e-17  1.7747881e-17  
7.0490082e-18  6.3290302e-17  -1.7239238e-17  1.8829542e-17  -4.3029274e-18  2.1427816e-18  4.5248500e-18  1.5416000e-19  -2.9053230e-18  6.9795515e-18  -5.9800526e-18  7.0490082e-18  6.3290302e-17  -1.7239238e-17  1.8829542e-17  -4.3029274e-18  2.1427816e-18  4.5248500e-18  1.5416000e-19  -2.9053230e-18  6.9795515e-18  -5.9800526e-18  
-2.4843476e-18  1.6144342e-17  -2.8522564e-17  -5.9047937e-17  2.0203382e-16  5.9487124e-18  3.3982962e-18  4.1962012e-18  -1.8634725e-19  -2.9816619e-18  3.8709406e-19  -2.4843476e-18  1.6144342e-17  -2.8522564e-17  -5.9047937e-17  2.0203382e-16  5.9487124e-18  3.3982962e-18  4.1962012e-18  -1.8634725e-19  -2.9816619e-18  3.8709406e-19  
6.2153584e-17  1.8395703e-18  7.1619177e-17  6.3030527e-17  1.6820359e-16  -2.0470351e-17  2.6082474e-17  -5.4282106e-18  3.8486001e-18  3.0670649e-18  -2.2311774e-18  6.2153584e-17  1.8395703e-18  7.1619177e-17  6.3030527e-17  1.6820359e-16  -2.0470351e-17  2.6082474e-17  -5.4282106e-18  3.8486001e-18  3.0670649e-18  -2.2311774e-18  
1.9154803e-17  -3.7155100e-18  -5.2528536e-17  -8.7533338e-17  -2.3609646e-16  2.1618398e-18  2.5301721e-17  -3.5486445e-18  3.1141166e-18  -2.5496486e-18  -1.2806609e-18  1.9154803e-17  -3.7155100e-18  -5.2528536e-17  -8.7533338e-17  -2.3609646e-16  2.1618398e-18  2.5301721e-17  -3.5486445e-18  3.1141166e-18  -2.5496486e-18  -1.2806609e-18  
