-2.0176325e-18  -3.1634987e-17  -3.4965520e-18  -1.7533582e-19  8.4991286e-18  -1.5559148e-17  5.6686833e-17  -6.8852344e-17  -2.0920740e-16  -3.3207080e-17  -5.5785590e-18  -2.0176325e-18  -3.1634987e-17  -3.4965520e-18  -1.7533582e-19  8.4991286e-18  -1.5559148e-17  5.6686833e-17  -6.8852344e-17  -2.0920740e-16  -3.3207080e-17  -5.5785590e-18  
2.1379112e-18  -1.8054507e-18  2.6867885e-18  1.7719929e-17  -7.8409840e-18  -7.2726249e-18  -6.6213413e-17  1.2520248e-16  8.5026014e-17  -4.5062153e-18  -6.7007929e-17  2.1379112e-18  -1.8054507e-18  2.6867885e-18  1.7719929e-17  -7.8409840e-18  -7.2726249e-18  -6.6213413e-17  1.2520248e-16  8.5026014e-17  -4.5062153e-18  -6.7007929e-17  
-1.5500703e-19  -1.3051084e-17  -1.3929192e-17  -2.4675764e-17  1.1355747e-16  4.3091742e-17  -1.0729472e-17  6.3605822e-18  2.1417949e-17  9.1903075e-18  -1.7781339e-18  -1.5500703e-19  -1.3051084e-17  -1.3929192e-17  -2.4675764e-17  1.1355747e-16  4.3091742e-17  -1.0729472e-17  6.3605822e-18  2.1417949e-17  9.1903075e-18  -1.7781339e-18  
1.1223187e-18  -1.1067332e-17  6.9522770e-17  6.4895429e-18  -5.2850621e-18  1.0496686e-16  2.5813329e-18  -5.5065612e-18  -1.6936106e-17  1.0255875e-17  -1.1598422e-17  1.1223187e-18  -1.1067332e-17  6.9522770e-17  6.4895429e-18  -5.2850621e-18  1.0496686e-16  2.5813329e-18  -5.5065612e-18  -1.6936106e-17  1.0255875e-17  -1.1598422e-17  
8.8879167e-18  3.4398008e-18  1.9774831e-17  -7.2510255e-18  -8.5867965e-19  4.9780973e-17  5.9076313e-18  -9.4685578e-18  -3.6918460e-17  5.5036813e-17  2.5852293e-17  8.8879167e-18  3.4398008e-18  1.9774831e-17  -7.2510255e-18  -8.5867965e-19  4.9780973e-17  5.9076313e-18  -9.4685578e-18  -3.6918460e-17  5.5036813e-17  2.5852293e-17  
-2.0122115e-17  2.1094509e-17  -2.7778022e-17  1.3591491e-16  -8.0776450e-17  -3.8116615e-18  1.0980617e-17  5.0393696e-18  8.5958756e-18  2.5117068e-17  -7.3581752e-18  -2.0122115e-17  2.1094509e-17  -2.7778022e-17  1.3591491e-16  -8.0776450e-17  -3.8116615e-18  1.0980617e-17  5.0393696e-18  8.5958756e-18  2.5117068e-17  -7.3581752e-18  
-1.4002725e-17  1.1473315e-16  1.3734322e-17  3.9819019e-18  1.2938428e-18  1.1358712e-18  -4.8852625e-19  -5.8360358e-17  -9.7026036e-18  2.1721313e-17  1.0179896e-16  -1.4002725e-17  1.1473315e-16  1.3734322e-17  3.9819019e-18  1.2938428e-18  1.1358712e-18  -4.8852625e-19  -5.8360358e-17  -9.7026036e-18  2.1721313e-17  1.0179896e-16  
-2.0281780e-17  -3.3243079e-17  3.7616733e-18  -1.0100021e-17  -1.0365354e-17  4.2989040e-18  -1.9957790e-17  5.6860528e-18  5.9122847e-17  1.1366335e-17  -1.3644007e-17  -2.0281780e-17  -3.3243079e-17  3.7616733e-18  -1.0100021e-17  -1.0365354e-17  4.2989040e-18  -1.9957790e-17  5.6860528e-18  5.9122847e-17  1.1366335e-17  -1.3644007e-17  
1.0070311e-16  -7.0336557e-17  -1.8017079e-17  1.6261550e-17  -9.4478055e-18  -5.4700858e-18  -2.5671292e-17  -2.1727983e-18  -3.3207331e-18  7.1561579e-18  -4.8820861e-18  1.0070311e-16  -7.0336557e-17  -1.8017079e-17  1.6261550e-17  -9.4478055e-18  -5.4700858e-18  -2.5671292e-17  -2.1727983e-18  -3.3207331e-18  7.1561579e-18  -4.8820861e-18  
6.4459207e-18  -2.8875353e-18  1.9659635e-18  6.5289300e-18  -5.5492517e-17  -2.9066783e-17  2.1607810e-17  -1.6638268e-17  1.1335418e-18  -3.8451061e-18  7.1498051e-18  6.4459207e-18  -2.8875353e-18  1.9659635e-18  6.5289300e-18  -5.5492517e-17  -2.9066783e-17  2.1607810e-17  -1.6638268e-17  1.1335418e-18  -3.8451061e-18  7.1498051e-18  
1.2183722e-17  -4.0389072e-17  -3.3368863e-18  2.1480756e-18  3.0315309e-17  -3.0896797e-17  7.8226457e-17  1.3494505e-17  -1.8213326e-18  4.0445823e-19  -5.7026493e-18  1.2183722e-17  -4.0389072e-17  -3.3368863e-18  2.1480756e-18  3.0315309e-17  -3.0896797e-17  7.8226457e-17  1.3494505e-17  -1.8213326e-18  4.0445823e-19  -5.7026493e-18  
-2.0176325e-18  -3.1634987e-17  -3.4965520e-18  -1.7533582e-19  8.4991286e-18  -1.5559148e-17  5.6686833e-17  -6.8852344e-17  -2.0920740e-16  -3.3207080e-17  -5.5785590e-18  -2.0176325e-18  -3.1634987e-17  -3.4965520e-18  -1.7533582e-19  8.4991286e-18  -1.5559148e-17  5.6686833e-17  -6.8852344e-17  -2.0920740e-16  -3.3207080e-17  -5.5785590e-18  
2.1379112e-18  -1.8054507e-18  2.6867885e-18  1.7719929e-17  -7.8409840e-18  -7.2726249e-18  -6.6213413e-17  1.2520248e-16  8.5026014e-17  -4.5062153e-18  -6.7007929e-17  2.1379112e-18  -1.8054507e-18  2.6867885e-18  1.7719929e-17  -7.8409840e-18  -7.2726249e-18  -6.6213413e-17  1.2520248e-16  8.5026014e-17  -4.5062153e-18  -6.7007929e-17  
-1.5500703e-19  -1.3051084e-17  -1.3929192e-17  -2.4675764e-17  1.1355747e-16  4.3091742e-17  -1.0729472e-17  6.3605822e-18  2.1417949e-17  9.1903075e-18  -1.7781339e-18  -1.5500703e-19  -1.3051084e-17  -1.3929192e-17  -2.4675764e-17  1.1355747e-16  4.3091742e-17  -1.0729472e-17  6.3605822e-18  2.1417949e-17  9.1903075e-18  -1.7781339e-18  
1.1223187e-18  -1.1067332e-17  6.9522770e-17  6.4895429e-18  -5.2850621e-18  1.0496686e-16  2.5813329e-18  -5.5065612e-18  -1.6936106e-17  1.0255875e-17  -1.1598422e-17  1.1223187e-18  -1.1067332e-17  6.9522770e-17  6.4895429e-18  -5.2850621e-18  1.0496686e-16  2.5813329e-18  -5.5065612e-18  -1.6936106e-17  1.0255875e-17  -1.1598422e-17  
8.8879167e-18  3.4398008e-18  1.9774831e-17  -7.2510255e-18  -8.5867965e-19  4.9780973e-17  5.9076313e-18  -9.4685578e-18  -3.6918460e-17  5.5036813e-17  2.5852293e-17  8.8879167e-18  3.4398008e-18  1.9774831e-17  -7.2510255e-18  -8.5867965e-19  4.9780973e-17  5.9076313e-18  -9.4685578e-18  -3.6918460e-17  5.5036813e-17  2.5852293e-17  
-2.0122115e-17  2.1094509e-17  -2.7778022e-17  1.3591491e-16  -8.0776450e-17  -3.8116615e-18  1.0980617e-17  5.0393696e-18  8.5958756e-18  2.5117068e-17  -7.3581752e-18  -2.0122115e-17  2.1094509e-17  -2.7778022e-17  1.3591491e-16  -8.0776450e-17  -3.8116615e-18  1.0980617e-17  5.0393696e-18  8.5958756e-18  2.5117068e-17  -7.3581752e-18  
-1.4002725e-17  1.1473315e-16  1.3734322e-17  3.9819019e-18  1.2938428e-18  1.1358712e-18  -4.8852625e-19  -5.8360358e-17  -9.7026036e-18  2.1721313e-17  1.0179896e-16  -1.4002725e-17  1.1473315e-16  1.3734322e-17  3.9819019e-18  1.2938428e-18  1.1358712e-18  -4.8852625e-19  -5.8360358e-17  -9.7026036e-18  2.1721313e-17  1.0179896e-16  
-2.0281780e-17  -3.3243079e-17  3.7616733e-18  -1.0100021e-17  -1.0365354e-17  4.2989040e-18  -1.9957790e-17  5.6860528e-18  5.9122847e-17  1.1366335e-17  -1.3644007e-17  -2.0281780e-17  -3.3243079e-17  3.7616733e-18  -1.0100021e-17  -1.0365354e-17  4.2989040e-18  -1.9957790e-17  5.6860528e-18  5.9122847e-17  1.1366335e-17  -1.3644007e-17  
1.0070311e-16  -7.0336557e-17  -1.8017079e-17  1.6261550e-17  -9.4478055e-18  -5.4700858e-18  -2.5671292e-17  -2.1727983e-18  -3.3207331e-18  7.1561579e-18  -4.8820861e-18  1.0070311e-16  -7.0336557e-17  -1.8017079e-17  1.6261550e-17  -9.4478055e-18  -5.4700858e-18  -2.5671292e-17  -2.1727983e-18  -3.3207331e-18  7.1561579e-18  -4.8820861e-18  
6.4459207e-18  -2.8875353e-18  1.9659635e-18  6.5289300e-18  -5.5492517e-17  -2.9066783e-17  2.1607810e-17  -1.6638268e-17  1.1335418e-18  -3.8451061e-18  7.1498051e-18  6.4459207e-18  -2.8875353e-18  1.9659635e-18  6.5289300e-18  -5.5492517e-17  -2.9066783e-17  2.1607810e-17  -1.6638268e-17  1.1335418e-18  -3.8451061e-18  7.1498051e-18  
1.2183722e-17  -4.0389072e-17  -3.3368863e-18  2.1480756e-18  3.0315309e-17  -3.0896797e-17  7.8226457e-17  1.3494505e-17  -1.8213326e-18  4.0445823e-19  -5.7026493e-18  1.2183722e-17  -4.0389072e-17  -3.3368863e-18  2.1480756e-18  3.0315309e-17  -3.0896797e-17  7.8226457e-17  1.3494505e-17  -1.8213326e-18  4.0445823e-19  -5.7026493e-18  
