-8.0 2.348180884217577e-49 5.513953465004843e-98
-7.983983983983984 6.141474220341793e-49 3.771770559912283e-97
-7.967967967967968 1.599184454652895e-48 2.557390920003478e-96
-7.951951951951952 4.1458093513078025e-48 1.7187735177391228e-95
-7.935935935935936 1.0700521278864949e-47 1.1450115563944156e-94
-7.91991991991992 2.7497004431635793e-47 7.560852527133985e-94
-7.903903903903904 7.034782467312197e-47 4.948816436240308e-93
-7.887887887887888 1.7918464938745955e-46 3.210713857610681e-92
-7.871871871871872 4.543973285295364e-46 2.0647693217477943e-91
-7.8558558558558556 1.147243423201824e-45 1.3161674720798395e-90
-7.83983983983984 2.883767364512318e-45 8.316114212626322e-90
-7.823823823823824 7.216883701228949e-45 5.208341035706406e-89
-7.807807807807808 1.7981421801416233e-44 3.2333153000044705e-88
-7.791791791791792 4.4604963446121937e-44 1.989602764029874e-87
-7.7757757757757755 1.101608259920677e-43 1.2135407583254621e-86
-7.75975975975976 2.708669487632617e-43 7.336890393231944e-86
-7.743743743743744 6.630857319605531e-43 4.3968268792966254e-85
-7.727727727727728 1.616099832750787e-42 2.611778669417122e-84
-7.711711711711712 3.921493701199733e-42 1.5378112848549175e-83
-7.6956956956956954 9.473701388587954e-42 8.975101800013333e-83
-7.67967967967968 2.278624140350829e-41 5.192127972989555e-82
-7.663663663663664 5.456454377524557e-41 2.9772894374006906e-81
-7.647647647647648 1.3008678885785537e-40 1.6922572635348244e-80
-7.631631631631632 3.0877397479221318e-40 9.534136750898229e-80
-7.615615615615615 7.296809569650802e-40 5.3243429895747524e-79
-7.5995995995996 1.716762285319318e-39 2.9472727442948067e-78
-7.583583583583583 4.021352485422596e-39 1.617127581201449e-77
-7.5675675675675675 9.378188242137038e-39 8.795041470495739e-77
-7.551551551551552 2.17746194380528e-38 4.741340516720269e-76
-7.535535535535535 5.033464659288712e-38 2.533576647630843e-75
-7.51951951951952 1.1584259965688638e-37 1.341950789526565e-74
-7.503503503503503 2.6543267628808615e-37 7.045450564145594e-74
-7.4874874874874875 6.055155417233713e-37 3.6664907126854776e-73
-7.471471471471472 1.3752479911491964e-36 1.8913070371599e-72
-7.455455455455455 3.109721940861711e-36 9.670370549476724e-72
-7.43943943943944 7.000787709418558e-36 4.901102855234594e-71
-7.423423423423423 1.5691232902601193e-35 2.4621479000367422e-70
-7.407407407407407 3.501483113141891e-35 1.226038399161783e-69
-7.391391391391391 7.779143959832498e-35 6.051508074779844e-69
-7.375375375375375 1.7206652307141886e-34 2.960688836188712e-68
-7.35935935935936 3.789184540853821e-34 1.4357919484645582e-67
-7.343343343343343 8.307683193633045e-34 6.901760004577296e-67
-7.327327327327327 1.8134220392889535e-33 3.288499492578907e-66
-7.311311311311311 3.940965580922611e-33 1.5531209710016694e-65
-7.295295295295295 8.526900199481907e-33 7.27080270119246e-65
-7.2792792792792795 1.836811119328478e-32 3.373875088088737e-64
-7.263263263263263 3.939332120052833e-32 1.551833755207995e-63
-7.247247247247247 8.411345411483111e-32 7.075073163127798e-63
-7.231231231231231 1.7881053654870028e-31 3.197320798083408e-62
-7.215215215215215 3.7844738460223585e-31 1.4322242291227263e-61
-7.1991991991991995 7.97448541028905e-31 6.359241755891292e-61
-7.183183183183183 1.6729562328575652e-30 2.798782557056976e-60
-7.167167167167167 3.4942279755319774e-30 1.2209629144990303e-59
-7.151151151151151 7.266121116207606e-30 5.279651607539808e-59
-7.135135135135135 1.5043149131033923e-29 2.2629633577852666e-58
-7.119119119119119 3.100699032027003e-29 9.614334487213193e-58
-7.103103103103103 6.36304775898115e-29 4.0488376783075036e-57
-7.087087087087087 1.3000362434947727e-28 1.6900942343999998e-56
-7.071071071071071 2.6444200181743205e-28 6.992957232521073e-56
-7.055055055055055 5.355377642715371e-28 2.8680069696095645e-55
-7.039039039039039 1.079777926296151e-27 1.1659203701164164e-54
-7.023023023023023 2.1675217122381285e-27 4.6981503730237084e-54
-7.007007007007007 4.331887046674625e-27 1.8765245385147402e-53
-6.990990990990991 8.619368229225499e-27 7.429350867098192e-53
-6.974974974974975 1.7074908115625083e-26 2.9155248715703932e-52
-6.958958958958959 3.3676421112622176e-26 1.1341013389546646e-51
-6.942942942942943 6.612688852168865e-26 4.372765385559837e-51
-6.926926926926927 1.2927508412891013e-25 1.671204737653679e-50
-6.910910910910911 2.5161477331242147e-25 6.330999414906124e-50
-6.894894894894895 4.875756323110452e-25 2.377299972235155e-49
-6.878878878878879 9.406593512042764e-25 8.848400150080505e-49
-6.862862862862863 1.8067882992858015e-24 3.264483958436079e-48
-6.846846846846847 3.4551479352943516e-24 1.193804725476882e-47
-6.8308308308308305 6.578251683389935e-24 4.3273395210022515e-47
-6.814814814814815 1.246920485851371e-23 1.5548106980358193e-46
-6.798798798798799 2.3531599233156884e-23 5.537361624699096e-46
-6.782782782782783 4.421284953115151e-23 1.9547760636642445e-45
-6.766766766766767 8.27046480643982e-23 6.840058811455965e-45
-6.7507507507507505 1.540265704264777e-22 2.3724184397342694e-44
-6.734734734734735 2.8559174743041444e-22 8.156264620035765e-44
-6.718718718718719 5.272054671453716e-22 2.779456045879695e-43
-6.702702702702703 9.689432911862854e-22 9.388511015349106e-43
-6.686686686686687 1.7729683201491758e-21 3.14341666425259e-42
-6.67067067067067 3.2298898102322493e-21 1.0432188186242116e-41
-6.654654654654655 5.8581232403270246e-21 3.4317607898859596e-41
-6.638638638638639 1.0578237576841759e-20 1.11899110232107e-40
-6.622622622622623 1.9017441516459027e-20 3.6166308183193944e-40
-6.606606606606607 3.4038840933724076e-20 1.1586426921113697e-39
-6.59059059059059 6.065704874808216e-20 3.679277562827215e-39
-6.574574574574575 1.0761469036103605e-19 1.1580921581501666e-38
-6.558558558558559 1.900839925490758e-19 3.6131924223397104e-38
-6.5425425425425425 3.3427442839596144e-19 1.1173939347944676e-37
-6.526526526526526 5.852538883584298e-19 3.425221138386615e-37
-6.51051051051051 1.0201614721406045e-18 1.0407294292400854e-36
-6.494494494494495 1.7704223868474704e-18 3.134395427850694e-36
-6.478478478478479 3.058920105010372e-18 9.356992208836666e-36
-6.4624624624624625 5.2618993543601476e-18 2.768758481541574e-35
-6.446446446446446 9.011560233338944e-18 8.120821783909585e-35
-6.43043043043043 1.536527627133054e-17 2.3609171489431335e-34
-6.414414414414415 2.6083361488374043e-17 6.803417465331942e-34
-6.398398398398399 4.408282468618675e-17 1.9432954323130764e-33
-6.382382382382382 7.417504058768155e-17 5.501936646184206e-33
-6.366366366366366 1.2425919594181169e-16 1.5440347776105548e-32
-6.35035035035035 2.0724377266570958e-16 4.294998130871631e-32
-6.334334334334335 3.4412519355392207e-16 1.1842214883852434e-31
-6.318318318318318 5.688965355762618e-16 3.236432681906729e-31
-6.302302302302302 9.363360638150982e-16 8.767252244007517e-31
-6.286286286286286 1.5343047915172783e-15 2.3540911932728787e-30
-6.27027027027027 2.5030684885193642e-15 6.265351858218613e-30
-6.2542542542542545 4.065507655019127e-15 1.652835249301912e-29
-6.238238238238238 6.574118582527611e-15 4.321903513713485e-29
-6.222222222222222 1.0583777667914853e-14 1.1201634972385318e-28
-6.206206206206206 1.696383394264744e-14 2.8777166203371747e-28
-6.19019019019019 2.7069930005238698e-14 7.327811104885223e-28
-6.1741741741741745 4.3006067666686615e-14 1.849521856151628e-27
-6.158158158158158 6.802232286538356e-14 4.627036408002484e-27
-6.142142142142142 1.0711540270234863e-13 1.1473709496086317e-26
-6.126126126126126 1.6793094288741398e-13 2.8200801579055907e-26
-6.11011011011011 2.621123166257088e-13 6.870286652689583e-26
-6.094094094094094 4.0730671383114467e-13 1.6589875913192597e-25
-6.078078078078078 6.301336205401647e-13 3.9706837973505625e-25
-6.062062062062062 9.705549976827254e-13 9.419770035269153e-25
-6.046046046046046 1.4882760770262887e-12 2.2149656814487594e-24
-6.03003003003003 2.2720720672203126e-12 5.162311478642785e-24
-6.014014014014014 3.453307991724579e-12 1.1925336085708846e-23
-5.997997997997998 5.2254349952365366e-12 2.7305170889442663e-23
-5.981981981981982 7.871958187905791e-12 6.196772571213704e-23
-5.965965965965966 1.1806346383408046e-11 1.3938981492501229e-22
-5.94994994994995 1.7628681939857788e-11 3.107704269366681e-22
-5.933933933933934 2.6205644982327896e-11 6.867358289398073e-22
-5.917917917917918 3.8782839528504975e-11 1.504108641893768e-21
-5.901901901901902 5.714168956853446e-11 3.26517268674676e-21
-5.885885885885886 8.381740130423781e-11 7.025356761395646e-21
-5.86986986986987 1.2240010431781475e-10 1.4981785537011934e-20
-5.853853853853854 1.7794862185242652e-10 3.1665712019177887e-20
-5.837837837837838 2.5755583455706375e-10 6.633500791438561e-20
-5.821821821821822 3.711168442192275e-10 1.3772771206323835e-19
-5.8058058058058055 5.323667717587523e-10 2.834143796728354e-19
-5.78978978978979 7.602748098728334e-10 5.78017786527173e-19
-5.773773773773774 1.0809059882299332e-09 1.1683577553913286e-18
-5.757757757757758 1.5298930101699767e-09 2.340572622566952e-18
-5.741741741741741 2.1556986056979868e-09 4.647036478608244e-18
-5.7257257257257255 3.023895323823734e-09 9.143942929443045e-18
-5.70970970970971 4.222745812797066e-09 1.7831582199495148e-17
-5.693693693693694 5.870433650577947e-09 3.446199124583792e-17
-5.677677677677678 8.124373829533368e-09 6.600545012200669e-17
-5.661661661661661 1.1193123986636392e-08 1.25286024580215e-16
-5.645645645645645 1.535152294083528e-08 2.3566925660299176e-16
-5.62962962962963 2.0959802008098793e-08 4.3931330021870225e-16
-5.613613613613614 2.848754603594852e-08 8.115402791502863e-16
-5.597597597597598 3.8543523127155515e-08 1.4856031750535723e-15
-5.581581581581581 5.191255112370882e-08 2.694912964171682e-15
-5.565565565565565 6.960071974647322e-08 4.844260189227108e-15
-5.54954954954955 9.28904321909498e-08 8.628632392621442e-15
-5.533533533533534 1.234068585921054e-07 1.5229252747571898e-14
-5.5175175175175175 1.6319749255746043e-07 2.6633421577042348e-14
-5.501501501501501 2.1482655384757215e-07 4.615044823802382e-14
-5.485485485485485 2.8148596433594903e-07 7.923434811813916e-14
-5.46946946946947 3.6712451569554533e-07 1.3478041002468872e-13
-5.453453453453454 4.7659661700093187e-07 2.2714433533673295e-13
-5.4374374374374375 6.158316261990669e-07 3.7924859182698725e-13
-5.421421421421421 7.920241959425467e-07 6.273023269584376e-13
-5.405405405405405 1.0138452647067971e-06 1.0278822207683955e-12
-5.38938938938939 1.291672261633742e-06 1.6684172314740259e-12
-5.373373373373374 1.6378357338401416e-06 2.682505891043675e-12
-5.357357357357357 2.0668779192273412e-06 4.271984332989543e-12
-5.341341341341341 2.595816756718891e-06 6.738264634462581e-12
-5.325325325325325 3.2444064438502262e-06 1.0526173172896872e-11
-5.3093093093093096 4.035382932469932e-06 1.628431541166963e-11
-5.293293293293294 4.994679735869147e-06 2.494682566390189e-11
-5.277277277277277 6.151596175432874e-06 3.7842135505600365e-11
-5.261261261261261 7.5388968308357705e-06 5.683496542598563e-11
-5.245245245245245 9.19281762923532e-06 8.45078959643797e-11
-5.2292292292292295 1.1152950922542687e-05 1.2438831428064578e-10
-5.213213213213214 1.3461979323451095e-05 1.812248873050248e-10
-5.197197197197197 1.616522633179601e-05 2.61314542358191e-10
-5.181181181181181 1.930999128624219e-05 3.7287576347474933e-10
-5.165165165165165 2.2944637404215e-05 5.264563856109022e-10
-5.1491491491491495 2.7117405194495298e-05 7.353536644824406e-10
-5.133133133133134 3.18749300101964e-05 1.016011163154919e-09
-5.117117117117117 3.7260452741332826e-05 1.3883413384890969e-09
-5.101101101101101 4.3311727561947164e-05 1.8759057444003337e-09
-5.085085085085085 5.0058651384892444e-05 2.505868578474194e-09
-5.069069069069069 5.7520667663439616e-05 3.3086272084478673e-09
-5.053053053053053 6.570403426246035e-05 4.317020118362563e-09
-5.037037037037037 7.459909378853573e-05 5.56502479407075e-09
-5.021021021021021 8.417774845783783e-05 7.085893335431018e-09
-5.005005005005005 9.43914251444351e-05 8.909741140797493e-09
-4.988988988988989 0.00010516992656339538 1.1060713453349977e-08
-4.972972972972973 0.00011642171120462556 1.3554014839813238e-08
-4.956956956956957 0.0001280363405067004 1.6393304490347735e-08
-4.940940940940941 0.00013989009250085348 1.9569237979897345e-08
-4.924924924924925 0.00015185608161535536 2.3060269523569467e-08
-4.908908908908909 0.00016382064679341815 2.6837204315813868e-08
-4.892892892892893 0.00017570823355481978 3.08733833389551e-08
-4.876876876876877 0.00018751734611476006 3.516275509392272e-08
-4.8608608608608606 0.00019936997931249706 3.9748388651065507e-08
-4.844844844844845 0.00021157539268670814 4.476414679053475e-08
-4.828828828828829 0.00022470468375643488 5.0492194902079404e-08
-4.812812812812813 0.0002396637155814591 5.743869656631052e-08
-4.796796796796797 0.0002577389622008602 6.642937263637645e-08
-4.7807807807807805 0.0002805806958669652 7.872552689319042e-08
-4.764764764764765 0.0003100961905258605 9.615964737865078e-08
-4.748748748748749 0.0003482639798997953 1.21287799695645e-07
-4.732732732732733 0.0003969304858728795 1.5755381061528021e-07
-4.716716716716716 0.00045766563088639245 2.0945782969463963e-07
-4.7007007007007005 0.0005317136867667697 2.827194446951104e-07
-4.684684684684685 0.0006200188352197489 3.844233560272542e-07
-4.668668668668669 0.000723280003314773 5.231339631950181e-07
-4.652652652652653 0.0008420002182719202 7.089643675699612e-07
-4.636636636636636 0.0009765170304468528 9.535855107527397e-07
-4.62062062062062 0.0011270149256200233 1.2701626425703066e-06
-4.604604604604605 0.0012935258565842163 1.6732091416519305e-06
-4.588588588588589 0.0014759240678182046 2.178351853965036e-06
-4.5725725725725725 0.0016739197634395562 2.80200737443354e-06
-4.556556556556556 0.0018870545086594086 3.560974718651802e-06
-4.54054054054054 0.0021147000071774437 4.4719561203562805e-06
-4.524524524524525 0.002356061045976235 5.551023652366631e-06
-4.508508508508509 0.002610182824425939 6.8130543769281725e-06
-4.4924924924924925 0.0028759624832200817 8.27116020488942e-06
-4.476476476476476 0.0031521643571067012 9.936140134213903e-06
-4.46046046046046 0.003437438263212106 1.181598181339466e-05
-4.444444444444445 0.0037303399947115003 1.3915436476144195e-05
-4.428428428428429 0.004029353119955058 1.623568656529156e-05
-4.412412412412412 0.004332911196746225 1.8774119438888806e-05
-4.396396396396396 0.004639419606645232 2.1524214286524197e-05
-4.38038038038038 0.004947276397011798 2.4475543748430036e-05
-4.364364364364365 0.005254891783907122 2.761388766057457e-05
-4.348348348348349 0.005560706302648759 3.092145458431763e-05
-4.332332332332332 0.005863207970248105 3.4377207702380895e-05
-4.316316316316316 0.006160949210666885 3.7957295176416915e-05
-4.3003003003003 0.00645256464692014 4.163559052268363e-05
-4.2842842842842845 0.006736791135154335 4.5384354798694044e-05
-4.268268268268269 0.007012491555019611 4.917503780922136e-05
-4.252252252252252 0.00727868383089276 5.2979238310099704e-05
-4.236236236236236 0.007534576399886059 5.676984152571996e-05
-4.22022022022022 0.007779610835863533 6.05223447574853e-05
-4.2042042042042045 0.008013511567980042 6.421636765014996e-05
-4.188188188188189 0.00823634159735174 6.783732290826661e-05
-4.172172172172172 0.008448561835370407 7.137819708607738e-05
-4.156156156156156 0.008651090207115736 7.484136177165378e-05
-4.14014014014014 0.008845355067765374 7.824030627484257e-05
-4.124124124124124 0.009033335913002816 8.160115771714642e-05
-4.108108108108109 0.009217583055704553 8.496383738881169e-05
-4.092092092092092 0.009401207227259937 8.838269732988448e-05
-4.076076076076076 0.009587830384794157 9.192649148758206e-05
-4.06006006006006 0.009781490858836459 9.567756342150121e-05
-4.044044044044044 0.009986499769326454 9.973017764275732e-05
-4.028028028028028 0.010207251475517135 0.00010418798268444672
-4.012012012012012 0.010447998249416154 0.00010916066741980302
-3.9959959959959956 0.010712607189090713 0.00011475995278775801
-3.97997997997998 0.011004323808089333 0.00012109514247328173
-3.9639639639639643 0.011325569787141592 0.00012826853100341446
-3.947947947947948 0.011677800685938234 0.00013637102886049948
-3.931931931931932 0.012061442902412175 0.00014547840488814901
-3.9159159159159156 0.012475919245613936 0.0001556485610230802
-3.8998998998999 0.012919761590214159 0.00016692023954797307
-3.8838838838838843 0.01339079971790988 0.00017931351708517528
-3.8678678678678677 0.01388640929881226 0.0001928323632141396
-3.851851851851852 0.014403799428678364 0.00020746943798159517
-3.8358358358358355 0.014940320508453474 0.00022321317689531547
-3.81981981981982 0.015493775242692655 0.00024005707127107586
-3.8038038038038042 0.016062717841248308 0.0002580109044475567
-3.7877877877877877 0.016646728198395522 0.00027711355971125656
-3.771771771771772 0.01724664847128811 0.00029744688349218445
-3.7557557557557555 0.017864769158308536 0.00031914997707965185
-3.73973973973974 0.01850495097774861 0.00034243321068887927
-3.723723723723724 0.019172668383115626 0.0003675912129289215
-3.7077077077077076 0.0198749614498206 0.000395014092631855
-3.691691691691692 0.020620286187657166 0.0004251962024608849
-3.6756756756756754 0.021418259871623577 0.0004587418559284008
-3.65965965965966 0.022279307879865397 0.0004963675596058323
-3.643643643643644 0.023214230879270933 0.0005389005153160961
-3.6276276276276276 0.024233723910980557 0.0005872733745936309
-3.611611611611612 0.0253478890293416 0.0006425154782438164
-3.5955955955955954 0.026565787650249518 0.0007057410734781499
-3.5795795795795797 0.027895075805941204 0.0007781352542192063
-3.563563563563563 0.02934175524045611 0.0008609386005908336
-3.5475475475475475 0.030910058005834448 0.0009554316859240502
-3.531531531531532 0.03260246555879509 0.00106292076051242
-3.5155155155155153 0.03441984893694148 0.0011847260008418716
-3.4994994994994997 0.036361706853245995 0.001322173725281397
-3.483483483483483 0.03842647422012182 0.0014765939209896869
-3.4674674674674675 0.040611873942515885 0.0016493243051228007
-3.451451451451452 0.042915288217686594 0.0018417219628071098
-3.4354354354354353 0.04533413033503592 0.0020551833732340243
-3.4194194194194196 0.04786620271387829 0.00229117336224609
-3.403403403403403 0.0505100308031158 0.002551263211731707
-3.3873873873873874 0.05326516513039777 0.0028371778163685424
-3.3713713713713718 0.056132445212778305 0.0031508514055655587
-3.3553553553553552 0.059114219414693636 0.003494490937008542
-3.3393393393393396 0.06221451445255749 0.0038706458085674845
-3.323323323323323 0.06543914743226506 0.004282282016661722
-3.3073073073073074 0.0687957724183485 0.0047328583026372
-3.2912912912912917 0.07229385292966298 0.0052264011714157396
-3.275275275275275 0.07594455178599384 0.0057675749459755
-3.2592592592592595 0.07976053070603002 0.0063617422585075575
-3.243243243243243 0.08375565421209615 0.007015009612496218
-3.2272272272272273 0.0879445958280517 0.007734251935359367
-3.2112112112112117 0.09234234917468934 0.008527109451100249
-3.195195195195195 0.09696365206665739 0.009401949822103791
-3.1791791791791795 0.1018223375854773 0.010367788431370905
-3.163163163163163 0.10693063168757348 0.011434159993103495
-3.1471471471471473 0.11229842150693534 0.012610935472949319
-3.1311311311311307 0.11793252152223124 0.013908079632591537
-3.115115115115115 0.1238359657848722 0.015335346421872037
-3.0990990990990994 0.1300073533496528 0.01690191192498148
-3.083083083083083 0.13644027112449347 0.018615947584525283
-3.067067067067067 0.1431228140261685 0.020484139894769212
-3.0510510510510507 0.15003721720773444 0.02251116654744088
-3.035035035035035 0.15715960984515023 0.02469914296667984
-3.0190190190190194 0.16445989508031705 0.02704705708982889
-3.003003003003003 0.17190175659929174 0.02955021392192214
-2.986986986986987 0.17944278917696502 0.032199714587608716
-2.9709709709709706 0.18703474837537615 0.03498199709984027
-2.954954954954955 0.19462391335203125 0.037878467648458966
-2.9389389389389393 0.20215155625846076 0.040865251697717625
-2.9229229229229228 0.2095545118098302 0.04391309341985626
-2.906906906906907 0.21676584112439914 0.04698742987836826
-2.8908908908908906 0.22371558474987693 0.05004866285997937
-2.874874874874875 0.23033160084946117 0.0530526463498755
-2.8588588588588593 0.23654048580910883 0.05595140142680921
-2.8428428428428427 0.2422685761030512 0.05869406296699991
-2.826826826826827 0.24744303222829542 0.06122805419833325
-2.8108108108108105 0.25199300806130914 0.06350047611178702
-2.794794794794795 0.2558509123349932 0.06545968934264836
-2.778778778778779 0.258953773385924 0.06705705675080847
-2.7627627627627627 0.26124472426487994 0.06824880595623314
-2.746746746746747 0.2626746332085668 0.06899796293125512
-2.7307307307307305 0.2632039148883126 0.0692763008125341
-2.714714714714715 0.2628045713739912 0.06906624273506724
-2.698698698698699 0.2614625288920729 0.06836265401463805
-2.6826826826826826 0.25918035736339484 0.06717445764301706
-2.666666666666667 0.2559804835311624 0.06552600794884769
-2.6506506506506504 0.2519090320936515 0.06345816045036033
-2.6346346346346348 0.247040444688402 0.0610289813118434
-2.618618618618619 0.24148301646496992 0.05831404724102093
-2.6026026026026026 0.23538541982747838 0.05540629586735825
-2.586586586586587 0.2289440920631467 0.05241539729061859
-2.5705705705705704 0.2224109466917439 0.049466629208317764
-2.5545545545545547 0.21610009353406595 0.046699250425432055
-2.538538538538538 0.21039101747416597 0.04426438023381481
-2.5225225225225225 0.20572409622918905 0.04232240376931663
-2.506506506506507 0.20258315751982697 0.04103993571070303
-2.4904904904904903 0.20146063223304206 0.040586386339737025
-2.4744744744744747 0.20280578115157274 0.04113018486849962
-2.458458458458458 0.20696551634357496 0.042834724955362606
-2.4424424424424425 0.21413571964015046 0.045854106425805126
-2.426426426426427 0.22434071270214195 0.050328755375705
-2.4104104104104103 0.23744686156113545 0.05638101206523302
-2.3943943943943946 0.25320107090152244 0.0641107823056778
-2.378378378378378 0.27127726289527937 0.0735913533639545
-2.3623623623623624 0.2913168029396138 0.0848654796749578
-2.3463463463463468 0.3129566211320241 0.09794184671037329
-2.33033033033033 0.3358452366495973 0.11279202298022399
-2.3143143143143146 0.3596498436549317 0.12934801004101681
-2.298298298298298 0.3840579359718879 0.14750049818298677
-2.2822822822822824 0.40877613769004595 0.1670979307447914
-2.2662662662662667 0.4335279371641728 0.187946472301823
-2.25025025025025 0.4580512687886442 0.20981096483888678
-2.2342342342342345 0.4820964022216584 0.23241694103506705
-2.218218218218218 0.5054243213692687 0.2554537446315859
-2.2022022022022023 0.5278056312092249 0.2785787843361683
-2.1861861861861867 0.5490199630694852 0.30142291984881897
-2.17017017017017 0.5688558223572396 0.3235969466297313
-2.1541541541541545 0.5871108162166367 0.3446991105185654
-2.138138138138138 0.6035922010151878 0.36432354512635895
-2.1221221221221223 0.6181176953152284 0.38206948526180956
-2.1061061061061057 0.6305165105262152 0.3975510700461548
-2.09009009009009 0.6406305578191814 0.41040751161171557
-2.0740740740740744 0.6483157960133034 0.42031337136036306
-2.058058058058058 0.6534436913444777 0.426988657757897
-2.042042042042042 0.6559027668719126 0.43020843959023053
-2.0260260260260257 0.6556002275335161 0.429811658341998
-2.01001001001001 0.6524636575038225 0.42570882436326546
-1.9939939939939944 0.6464428008424048 0.417888294760973
-1.9779779779779778 0.6375114562742547 0.4064208568809209
-1.9619619619619622 0.625669545008866 0.3914623795516013
-1.9459459459459456 0.6109454508932961 0.37325434396721285
-1.92992992992993 0.5933987913391146 0.35212212556272204
-1.9139139139139143 0.5731238655701362 0.32847096528605546
-1.8978978978978978 0.5502541600828379 0.3027796406884694
-1.881881881881882 0.5249684956013262 0.27559192137391963
-1.8658658658658656 0.49749971522827 0.24750596665220975
-1.84984984984985 0.46814729832401286 0.2191618929280723
-1.8338338338338342 0.4372960117561668 0.19122780189784955
-1.8178178178178177 0.4054437271229258 0.16438461586332953
-1.801801801801802 0.3732426981016964 0.1393101116862341
-1.7857857857857855 0.3415590414696196 0.1166625788096453
-1.7697697697697699 0.3115518391379938 0.09706454847026635
-1.7537537537537542 0.2847578798699237 0.08108705014801387
-1.7377377377377377 0.26312515487054267 0.06923484712564706
-1.721721721721722 0.24886358838869732 0.061933085625698964
-1.7057057057057055 0.2439585238899012 0.059515761378539485
-1.6896896896896898 0.24943208264627997 0.062216363853260646
-1.6736736736736741 0.26487922189608726 0.07016100219227663
-1.6576576576576576 0.28872867698928506 0.08336424891598292
-1.641641641641642 0.31894805056475634 0.10172785895905836
-1.6256256256256254 0.353613396812681 0.1250424344054026
-1.6096096096096097 0.3911419332070947 0.1529920119129834
-1.593593593593594 0.43030390825343934 0.18516145345818433
-1.5775775775775776 0.4701557459982653 0.22104642549518538
-1.561561561561562 0.509966333388874 0.2600656611900921
-1.5455455455455454 0.5491585559077639 0.3015751195267006
-1.5295295295295297 0.5872679015128287 0.34488358814728143
-1.5135135135135132 0.623914439378637 0.3892692276651589
-1.4974974974974975 0.6587841276974963 0.43399652690615104
-1.4814814814814818 0.6916163192100453 0.4783331329976513
-1.4654654654654653 0.7221952907305025 0.5215660379533151
-1.4494494494494496 0.7503443499202082 0.5630166434571797
-1.433433433433433 0.7759215717846084 0.6020542855606973
-1.4174174174174174 0.7988165479877011 0.638107877338987
-1.4014014014014018 0.8189477490121826 0.6706754156121209
-1.3853853853853852 0.8362602420523417 0.6993311924374411
-1.3693693693693696 0.8507236025088519 0.723730647865639
-1.353353353353353 0.8623299208060037 0.7436128923172886
-1.3373373373373374 0.8710918495656608 0.7588010103797238
-1.3213213213213217 0.8770406656703046 0.7692003292394112
-1.3053053053053052 0.8802243417493943 0.7747948918081546
-1.2892892892892895 0.8807056349601662 0.7756424154505894
-1.273273273273273 0.8785602095059474 0.7718680417271342
-1.2572572572572573 0.8738748144472578 0.763657191325229
-1.2412412412412417 0.8667455409240812 0.7512478327117782
-1.2252252252252251 0.8572761835585113 0.7349224548966463
-1.2092092092092095 0.8455767299832535 0.7150000062891719
-1.193193193193193 0.8317620004334407 0.6918280253650391
-1.1771771771771773 0.8159504563305119 0.6657751471859705
-1.1611611611611616 0.798263192892384 0.6372241251267435
-1.145145145145145 0.7788231261073865 0.6065654617596821
-1.1291291291291294 0.7577543789990878 0.5741916988922932
-1.113113113113113 0.7351818661122498 0.5404923762602899
-1.0970970970970972 0.7112310687583764 0.5058496331671825
-1.0810810810810807 0.6860279870444763 0.4706343990082961
-1.065065065065065 0.6596992484265334 0.435203098374533
-1.0490490490490494 0.6323723469085129 0.3998947851345805
-1.0330330330330328 0.6041759825303977 0.3650286178665714
-1.0170170170170172 0.5752404679612071 0.3309015959802285
-1.0010010010010006 0.5456981683407043 0.2977864909303996
-0.984984984984985 0.515683942484053 0.26592992853589614
-0.9689689689689693 0.48533555865045275 0.23555060449054707
-0.9529529529529528 0.45479406677679196 0.20683764317537312
-0.9369369369369371 0.42420412199353785 0.17994913711630833
-0.9209209209209206 0.3937142722291338 0.15501092815691644
-0.9049049049049049 0.3634772471089032 0.1321157091658667
-0.8888888888888893 0.33365031830761943 0.11132253490677575
-0.8728728728728727 0.3043958463707246 0.09265683128774979
-0.8568568568568571 0.2758821906646666 0.07611098312593548
-0.8408408408408405 0.24828524367847238 0.06164556222847841
-0.8248248248248249 0.22179096298629764 0.04919123126238925
-0.8088088088088092 0.1965994062510159 0.03865132653825199
-0.7927927927927927 0.1729308734056183 0.02990508697682998
-0.776776776776777 0.1510346317065292 0.022811459974726916
-0.7607607607607605 0.13119977322705115 0.01721338049482965
-0.7447447447447448 0.11376462604285509 0.012942390138670663
-0.7287287287287292 0.09911327081986505 0.009823440452611914
-0.7127127127127126 0.08763395992795643 0.007679710932654675
-0.696696696696697 0.07960696002215537 0.006337268083969044
-0.6806806806806804 0.07502931217509302 0.005629397685467564
-0.6646646646646648 0.07348780591305416 0.005400457617914718
-0.6486486486486491 0.07422346065368329 0.0055091221114088726
-0.6326326326326326 0.0763604505918438 0.005830918414589419
-0.6166166166166169 0.07912010918104852 0.006259991676821039
-0.6006006006006004 0.08191502337089868 0.006710071053854875
-0.5845845845845847 0.08434836951857093 0.007114647440441385
-0.5685685685685691 0.08617661311234051 0.007426408647514018
-0.5525525525525525 0.08726975052390633 0.007616009356504849
-0.5365365365365369 0.08758013024206272 0.00767027921321667
-0.5205205205205203 0.08712055894403237 0.007589991790720617
-0.5045045045045047 0.08594957317937917 0.007387329129717456
-0.48848848848848814 0.08416163555145414 0.007083180898695791
-0.4724724724724725 0.08188048671825532 0.006704414105218385
-0.4564564564564568 0.07925427026662502 0.006281239355495244
-0.4404404404404403 0.07645118630830293 0.0058447838879468455
-0.42442442442442463 0.07365433640961101 0.005424961271940152
-0.4084084084084081 0.07105423448040164 0.005048704237595897
-0.39239239239239243 0.06883750545368757 0.004738602157086466
-0.3763763763763768 0.06717112324025484 0.004511959797357504
-0.36036036036036023 0.06618361253040077 0.004380270567574221
-0.3443443443443446 0.06594753106015926 0.004349076852930668
-0.32832832832832803 0.0664693399098587 0.004418173148052336
-0.3123123123123124 0.06769117549986932 0.0045820952405541075
-0.2962962962962967 0.06950417943221684 0.004830830958545794
-0.2802802802802802 0.07176827254977311 0.005150684944778517
-0.2642642642642645 0.0743318988989287 0.005525231193920559
-0.24824824824824798 0.07704733649680698 0.005936292061252204
-0.23223223223223233 0.07978026260380464 0.006364890301132028
-0.21621621621621667 0.08241438280887772 0.00679213049376824
-0.20020020020020013 0.08485267832877248 0.007199977019566135
-0.18418418418418447 0.08701670329072668 0.0075719066515863645
-0.16816816816816793 0.08884494411737752 0.007893424095219934
-0.15215215215215228 0.0902908512623859 0.008152437821686294
-0.13613613613613662 0.09132086799014098 0.008339500930472758
-0.12012012012012008 0.09191260713721013 0.008447927350759131
-0.10410410410410442 0.09205323163452711 0.008473797454359904
-0.08808808808808788 0.09173804693816447 0.008415869256028866
-0.07207207207207222 0.09096929197641414 0.008275412082690087
-0.05605605605605568 0.08975510694972177 0.008055979223555994
-0.040040040040040026 0.08810865431780102 0.007763134965693755
-0.02402402402402437 0.08604737002863028 0.007404149888844019
-0.008008008008007828 0.08359232382570661 0.006987676602581796
0.008008008008008716 0.08076766961156717 0.00652341645448327
0.02402402402402437 0.07760016909973254 0.0060217862443070844
0.040040040040040026 0.07411877430274413 0.005493592704141124
0.05605605605605568 0.07035425680966101 0.004949721451239732
0.07207207207207134 0.06633887437530714 0.004400846253382782
0.08808808808808877 0.06210606820944285 0.0038571637084359677
0.10410410410410442 0.05769018777629726 0.003328157765664438
0.12012012012012008 0.053126244419477 0.0028223978461180107
0.13613613613613573 0.048449701808026616 0.0023473736052866978
0.1521521521521514 0.04369632240524481 0.0019093685917430999
0.16816816816816882 0.03890211017935293 0.0015133741764065149
0.18418418418418447 0.03410343326205431 0.0011630441602593921
0.20020020020020013 0.029337508922165485 0.0008606894297581394
0.21621621621621578 0.02464367964722702 0.0006073109465551513
0.23223223223223144 0.02006659585028387 0.00040266826901862987
0.24824824824824887 0.015664601908326865 0.0002453797529463577
0.2642642642642645 0.011534713671073008 0.00013304961947363856
0.2802802802802802 0.007900396495714576 6.241626478949916e-05
0.29629629629629584 0.0054328237965708725 2.9515574404586742e-05
0.3123123123123115 0.0054637574423365715 2.9852645388688277e-05
0.3283283283283289 0.007653447203474797 5.8575254096376184e-05
0.3443443443443446 0.010518681430220021 0.00011064265903045552
0.36036036036036023 0.013453025732054577 0.00018098390134732264
0.3763763763763759 0.01626777906760943 0.0002646406357925516
0.39239239239239154 0.018891549482297054 0.0003568906418420781
0.408408408408409 0.02129200442175264 0.00045334945229593397
0.42442442442442463 0.02345312129431508 0.0005500488984458554
0.4404404404404403 0.025367157906694093 0.0006434927002631525
0.45645645645645594 0.02703128595582577 0.0007306904204256236
0.4724724724724716 0.02844594978127482 0.0008091720589588092
0.488488488488489 0.02961395316173009 0.0008769862218651436
0.5045045045045047 0.030539893859077495 0.0009326851169237193
0.5205205205205203 0.03122978731612378 0.0009752996158103256
0.536536536536536 0.03169080805110418 0.0010043073149319293
0.5525525525525516 0.03193111338019838 0.0010195960016990838
0.5685685685685691 0.0319597291089459 0.001021424284717204
0.5845845845845847 0.03178648267762933 0.0010103804810152298
0.6006006006006004 0.0314219711465623 0.0009873402707353935
0.616616616616616 0.030877551876666087 0.0009534232098962054
0.6326326326326317 0.030165344099159115 0.0009099479846206735
0.6486486486486491 0.029298230467198726 0.0008583863085090916
0.6646646646646648 0.028289849488399108 0.0008003155840762753
0.6806806806806804 0.027154572586516598 0.0007373708123563987
0.6966966966966961 0.02590746344831935 0.0006711966623260031
0.7127127127127117 0.024564222249853544 0.0006034010147401999
0.7287287287287292 0.023141123338035682 0.0005355115893461798
0.7447447447447448 0.02165496212353991 0.0004689373845719481
0.7607607607607605 0.020123035743503506 0.00040493656753431983
0.7767767767767761 0.018563193325896562 0.0003445921464546107
0.7927927927927936 0.01699400683566839 0.000288796268330744
0.8088088088088092 0.015435134334025599 0.00023824337190941588
0.8248248248248249 0.013907975008238416 0.00019343176882978438
0.8408408408408405 0.012436744363542768 0.0001546726103641128
0.8568568568568562 0.01105009969604185 0.0001221047032924642
0.8728728728728736 0.009783318855935303 9.571332783689924e-05
0.8888888888888893 0.008680502179292351 7.535111808469926e-05
0.9049049049049049 0.007794818438012363 6.075919448157749e-05
0.9209209209209206 0.007182413342507886 5.158706142263531e-05
0.9369369369369362 0.006885509966454489 4.74102474981441e-05
0.9529529529529537 0.006909790239625545 4.774520115562445e-05
0.9689689689689693 0.007215364415532759 5.2061483648936386e-05
0.984984984984985 0.007732512676702835 5.979175229537003e-05
1.0010010010010006 0.00838691500433553 7.034034328994845e-05
1.0170170170170163 0.009115448967168469 8.309140987305269e-05
1.0330330330330337 0.009870032403261548 9.741753964143292e-05
1.0490490490490494 0.010615534889566994 0.00011268958099161416
1.065065065065065 0.011326433311746617 0.00012828809156544344
1.0810810810810807 0.01198400745065246 0.00014361643457729361
1.0970970970970964 0.012574384758350541 0.0001581151520510384
1.1131131131131138 0.013087279897618794 0.00017127689511861702
1.1291291291291294 0.013515211374847366 0.00018266093850680365
1.145145145145145 0.013853020655118077 0.0001919061812711281
1.1611611611611607 0.014097572552950292 0.0001987415518856974
1.1771771771771764 0.01424755722389806 0.0002029928868482498
1.1931931931931938 0.014303342788272524 0.00020458561491882758
1.2092092092092095 0.014266846823187485 0.00020354291827629482
1.2252252252252251 0.01414140779997664 0.0001999794145652402
1.2412412412412408 0.013931646218043402 0.00019409076634472298
1.2572572572572565 0.013643311097239113 0.0001861399376960479
1.2732732732732739 0.013283111511902939 0.00017644105143764836
1.2892892892892895 0.012858535527138707 0.0001653419359026883
1.3053053053053052 0.012377660584445966 0.00015320648154374726
1.3213213213213209 0.011848960318950337 0.00014039786064005966
1.3373373373373365 0.01128111314750423 0.00012726351384679277
1.353353353353354 0.01068281787986519 0.00011412259785436739
1.3693693693693696 0.010062621183645495 0.00010125634508555104
1.3853853853853852 0.009428761071075549 8.890153533542973e-05
1.401401401401401 0.0087890297528823 7.724704399705032e-05
1.4174174174174166 0.008150658292362107 6.643323059885118e-05
1.433433433433434 0.00752022455190137 5.655377731102017e-05
1.4494494494494496 0.006903585006020279 4.7659485935348017e-05
1.4654654654654653 0.006305830141112883 3.976349376856772e-05
1.481481481481481 0.005731262404487039 3.2847368749086556e-05
1.4974974974974966 0.0051833950267727805 2.6867584003572795e-05
1.513513513513514 0.004664969536131983 2.1761940773039444e-05
1.5295295295295297 0.004177989415685294 1.7455595557578346e-05
1.5455455455455454 0.003723767125717444 1.3866441606573953e-05
1.561561561561561 0.0033029816120104987 1.0909687529279473e-05
1.5775775775775767 0.0029157434387194147 8.501559800435318e-06
1.593593593593594 0.002561664802630551 6.562126561036219e-06
1.6096096096096097 0.002239931887203177 5.017294859309585e-06
1.6256256256256254 0.0019493772801463095 3.8000717803506233e-06
1.641641641641641 0.0016885504880426337 2.8512027506690166e-06
1.6576576576576567 0.0014557849171670054 2.119309725050945e-06
1.6736736736736741 0.0012492600342356663 1.560650633138498e-06
1.6896896896896898 0.0010670577595734841 1.1386122622659838e-06
1.7057057057057055 0.0009072124658115261 8.230344581238293e-07
1.721721721721721 0.000767754248113576 5.894465854964423e-07
1.7377377377377385 0.0006467453901550353 4.182795996867889e-07
1.7537537537537542 0.0005423101693018794 2.9410031972823315e-07
1.7697697697697699 0.0004526583226699995 2.0489955708241733e-07
1.7857857857857855 0.0003761026330520775 1.4145319058870568e-07
1.8018018018018012 0.00031107119184282966 9.676528639451852e-08
1.8178178178178186 0.0002561149581676997 6.559487179724256e-08
1.8338338338338342 0.00020991126346980458 4.406273853148972e-08
1.84984984984985 0.00017126391348242314 2.933132806131492e-08
1.8658658658658656 0.00013910051973926141 1.934895459173266e-08
1.8818818818818812 0.00011246765548944355 1.264897353129216e-08
1.8978978978978986 9.05243808131755e-05 8.194663521608818e-09
1.9139139139139143 7.253462321608188e-05 5.261271565098964e-09
1.92992992992993 5.785883685130715e-05 3.3476450017861784e-09
1.9459459459459456 4.5945299039987313e-05 2.1109705038738592e-09
1.9619619619619613 3.632133958939463e-05 1.3192397095681257e-09
1.9779779779779787 2.8584738602626796e-05 8.170872809805025e-10
1.9939939939939944 2.2395473526640643e-05 5.015572344824619e-10
2.01001001001001 1.7467947076880205e-05 3.0512917508068765e-10
2.0260260260260257 1.3563784940589073e-05 1.8397626191455092e-10
2.0420420420420413 1.0485255957834431e-05 1.0994059250130245e-10
2.0580580580580587 8.069337672200033e-06 6.511421046798664e-11
2.0740740740740744 6.182426369227172e-06 3.822239581091548e-11
2.09009009009009 4.7156724586610205e-06 2.223756673737407e-11
2.1061061061061057 3.5809086855525217e-06 1.282290701426549e-11
2.1221221221221214 2.707129505055499e-06 7.328550157142031e-12
2.138138138138139 2.0374743475929817e-06 4.151301717099447e-12
2.1541541541541545 1.526664779010717e-06 2.3307053474718412e-12
2.17017017017017 1.1388451141768696e-06 1.2969681940845272e-12
2.1861861861861858 8.45777322831797e-07 7.153392798165216e-13
2.2022022022022014 6.25343593302134e-07 3.910546096840248e-13
2.218218218218219 4.603132854982936e-07 2.118883208062335e-13
2.2342342342342345 3.3733487347169863e-07 1.1379481686016692e-13
2.25025025025025 2.4611758126003223e-07 6.057386380528857e-14
2.266266266266266 1.787715466704309e-07 3.1959265898938054e-14
2.2822822822822815 1.2927935288028223e-07 1.671315108114454e-14
2.298298298298299 9.307554017849182e-08 8.663056179518045e-15
2.3143143143143146 6.671418088759037e-08 4.450781931502129e-15
2.33033033033033 4.7607731210035003e-08 2.2664960709669407e-15
2.346346346346346 3.382314993498191e-08 1.1440054715242669e-15
2.3623623623623615 2.3923698882750023e-08 5.723433682324947e-16
2.378378378378379 1.684692951116346e-08 2.8381903395411024e-16
2.3943943943943946 1.1811138451182638e-08 1.3950299151300497e-16
2.4104104104104103 8.244070981240682e-09 6.79647063437347e-17
2.426426426426426 5.728896952725034e-09 3.2820260294942174e-17
2.4424424424424416 3.963510087789808e-09 1.5709412216011567e-17
2.458458458458459 2.73003940811994e-09 7.453115169887872e-18
2.4744744744744747 1.8721392867104033e-09 3.504905508844537e-18
2.4904904904904903 1.278168097366583e-09 1.633713685125711e-18
2.506506506506506 8.687976369801581e-10 7.548093340223066e-19
2.5225225225225216 5.879364401017626e-10 3.4566925759953343e-19
2.538538538538539 3.961169707894043e-10 1.5690865454737378e-19
2.5545545545545547 2.6570398152502484e-10 7.059860579825073e-20
2.5705705705705704 1.7744118246020086e-10 3.148537323287429e-20
2.586586586586586 1.1797574369947628e-10 1.3918276101444514e-20
2.6026026026026017 7.80931867230918e-11 6.098545812567681e-21
2.618618618618619 5.146545977625806e-11 2.648693549981637e-21
2.6346346346346348 3.376766398660545e-11 1.1402551311122908e-21
2.6506506506506504 2.2058134279589394e-11 4.865612878963967e-22
2.666666666666666 1.4345618338906435e-11 2.0579676552556864e-22
2.6826826826826817 9.288650821928161e-12 8.627903409170672e-23
2.698698698698699 5.987823544716922e-12 3.5854030802666324e-23
2.714714714714715 3.8429829425466006e-12 1.4768517896704127e-23
2.7307307307307305 2.455563305177032e-12 6.029791145731948e-24
2.746746746746746 1.5621298425438534e-12 2.440249644966084e-24
2.762762762762762 9.893877632077558e-13 9.788881459852461e-25
2.778778778778779 6.238776687961279e-13 3.8922334562249106e-25
2.794794794794795 3.9166605236523736e-13 1.5340229657536886e-25
2.8108108108108105 2.448026322296944e-13 5.992832874658701e-26
2.826826826826826 1.5233509640003165e-13 2.320598159520694e-26
2.8428428428428436 9.437732533030748e-14 8.907079536502697e-27
2.8588588588588593 5.821289908605795e-14 3.388741620003565e-27
2.874874874874875 3.5748244672898926e-14 1.2779369971934464e-27
2.8908908908908906 2.1856177162655108e-14 4.776924801653668e-28
2.9069069069069062 1.3303861759799201e-14 1.769927377238475e-28
2.9229229229229237 8.062418456834761e-15 6.500259137310981e-29
2.9389389389389393 4.8644874182761574e-15 2.3663237842567037e-29
2.954954954954955 2.9220861458423382e-15 8.53858744372373e-30
2.9709709709709706 1.7475643183099479e-15 3.053981046630113e-30
2.9869869869869863 1.0405371342400625e-15 1.082717527732522e-30
3.0030030030030037 6.168311486580305e-16 3.8048066595478516e-31
3.0190190190190194 3.6404857982109934e-16 1.3253136846975937e-31
3.035035035035035 2.1391278874104423e-16 4.575868118697062e-32
3.0510510510510507 1.2514069184664594e-16 1.5660192755857198e-32
3.0670670670670663 7.288611057058853e-17 5.3123851141080564e-33
3.0830830830830838 4.226447197354277e-17 1.7862855912023822e-33
3.0990990990990994 2.4400043036491302e-17 5.9536210018262766e-34
3.115115115115115 1.4024591916117985e-17 1.966891784136419e-34
3.1311311311311307 8.02554236463117e-18 6.440933024648967e-35
3.1471471471471464 4.572388124901828e-18 2.0906733164743256e-35
3.163163163163164 2.5935602530700136e-18 6.726554786304591e-36
3.1791791791791795 1.4646510615849933e-18 2.1452027322020476e-36
3.195195195195195 8.234867039622028e-19 6.781303516025326e-37
3.211211211211211 4.609604021364994e-19 2.124844923378432e-37
3.2272272272272264 2.5689477465234044e-19 6.599492524367678e-38
3.243243243243244 1.4253829439025021e-19 2.0317165367681634e-38
3.2592592592592595 7.873947125812844e-20 6.199904334009634e-39
3.275275275275275 4.330500489580703e-20 1.8753234490258714e-39
3.291291291291291 2.3712009639380037e-20 5.6225940113805175e-40
3.3073073073073065 1.292657044591761e-20 1.670962234932706e-40
3.323323323323324 7.015893137468135e-21 4.922275651637247e-41
3.3393393393393396 3.791118126708985e-21 1.4372576650661447e-41
3.3553553553553552 2.0395595022975275e-21 4.159802963412138e-42
3.371371371371371 1.0924213102891989e-21 1.19338431917397e-42
3.3873873873873865 5.825439215685164e-22 3.393574205564257e-43
3.403403403403404 3.0928006073228307e-22 9.565415596656472e-44
3.4194194194194196 1.6347822403203434e-22 2.672512973266801e-44
3.4354354354354353 8.603053996455872e-23 7.401253806593534e-45
3.451451451451451 4.507441936929084e-23 2.0317032814787012e-45
3.4674674674674666 2.351215269831715e-23 5.528213245089825e-46
3.483483483483484 1.2210667675370665e-23 1.4910040507834204e-46
3.4994994994994997 6.313514762548481e-24 3.9860468656917603e-47
3.5155155155155153 3.250032950311027e-24 1.0562714178107396e-47
3.531531531531531 1.6656705506065966e-24 2.774458383158082e-48
3.5475475475475466 8.49914491657613e-25 7.223546431296186e-49
3.563563563563564 4.317637218620121e-25 1.8641991151613694e-49
3.5795795795795797 2.183744651132714e-25 4.768740701350739e-50
3.5955955955955954 1.099619300974617e-25 1.2091626070759053e-50
3.611611611611611 5.512741797006088e-26 3.039032212045791e-51
3.6276276276276267 2.751552159046328e-26 7.571039283952507e-52
3.643643643643644 1.367327823586485e-26 1.869585377153754e-52
3.65965965965966 6.764759461715501e-27 4.57619705748694e-53
3.6756756756756754 3.33209116186545e-27 1.1102831510981846e-53
3.691691691691691 1.6340532356980297e-27 2.670129977095201e-54
3.7077077077077067 7.9781158936977585e-28 6.365033321327278e-55
3.723723723723724 3.8781026043638925e-28 1.5039679809974005e-55
3.73973973973974 1.8768219170542879e-28 3.5224605083353324e-56
3.7557557557557555 9.042981787149654e-29 8.177551960272036e-57
3.771771771771771 4.337955236247818e-29 1.881785563168986e-57
3.7877877877877886 2.0717783862689485e-29 4.292265681811168e-58
3.8038038038038042 9.851136869284454e-30 9.704489761737551e-59
3.81981981981982 4.663524179409713e-30 2.174845777193904e-59
3.8358358358358355 2.197996206307627e-30 4.83118732294272e-60
3.851851851851851 1.0313936929211884e-30 1.0637729497976065e-60
3.8678678678678686 4.818444182447152e-31 2.3217404339358793e-61
3.8838838838838843 2.2411659873637826e-31 5.022824982916279e-62
3.8998998998999 1.0378295774384957e-31 1.0770902318061668e-62
3.9159159159159156 4.784790153534196e-32 2.2894216813357795e-63
3.9319319319319312 2.1962641870191075e-32 4.8235763791827e-64
3.9479479479479487 1.0036703557010606e-32 1.0073541829130936e-64
3.9639639639639643 4.566489338091393e-33 2.0852824874902363e-65
3.97997997997998 2.0685148038482456e-33 4.2787534937393466e-66
3.9959959959959956 9.328668360265844e-34 8.702405337582501e-67
4.012012012012011 4.188567419268846e-34 1.754409702576048e-67
4.028028028028029 1.872389525577868e-34 3.5058425354937135e-68
4.044044044044044 8.333198607315238e-35 6.944219902896062e-69
4.06006006006006 3.6924285451430457e-35 1.363402856098719e-69
4.076076076076076 1.6289108075883984e-35 2.653350419078289e-70
4.092092092092091 7.154303309449527e-36 5.118405584360046e-71
4.108108108108109 3.128399664437961e-36 9.786884460455549e-72
4.124124124124124 1.3619524718555038e-36 1.8549145355933167e-72
4.14014014014014 5.903186626883343e-37 3.4847612351814337e-73
4.156156156156156 2.547392786805397e-37 6.489210010268168e-74
4.172172172172171 1.0944354611167757e-37 1.1977889785498894e-74
4.188188188188189 4.6813298026439035e-38 2.1914848721122006e-75
4.2042042042042045 1.9935776755157338e-38 3.974351948314717e-76
4.22022022022022 8.452436681233653e-39 7.144368585026417e-77
4.236236236236236 3.567923482329936e-39 1.2730077975761375e-77
4.2522522522522515 1.4994568740214777e-39 2.248370917050262e-78
4.268268268268269 6.273895331722031e-40 3.936176263340349e-79
4.2842842842842845 2.613517429291579e-40 6.830473353210862e-80
4.3003003003003 1.0839228576913835e-40 1.174888761425855e-80
4.316316316316316 4.475650766744261e-41 2.0031449785858492e-81
4.3323323323323315 1.8399196205846634e-41 3.385304210212411e-82
4.348348348348349 7.530544043221154e-42 5.6709093586893596e-83
4.364364364364365 3.0685888180963286e-42 9.416237334545821e-84
4.38038038038038 1.2449040694255277e-42 1.5497861420722392e-84
4.396396396396396 5.028262227449429e-43 2.5283421027994696e-85
4.4124124124124116 2.0220169582169593e-43 4.088552579316964e-86
4.428428428428429 8.095366446801408e-44 6.553495790799806e-87
4.444444444444445 3.2268076279168673e-44 1.041228746758248e-87
4.46046046046046 1.280543928081767e-44 1.6397927517470813e-88
4.476476476476476 5.059419978889661e-45 2.559773052278786e-89
4.492492492492492 1.9901775620879083e-45 3.96080672863817e-90
4.508508508508509 7.794132128189402e-46 6.074849563167426e-91
4.524524524524525 3.0389849280662205e-46 9.235429393013652e-92
4.54054054054054 1.179707044623277e-46 1.3917087111337865e-92
4.556556556556556 4.55936796789112e-47 2.0787836266631597e-93
4.572572572572572 1.7543650184337772e-47 3.0777966179041474e-94
4.588588588588589 6.720786800746528e-48 4.5168975221088736e-95
4.604604604604605 2.563333557099551e-48 6.570678924952636e-96
4.62062062062062 9.733633096927527e-49 9.474361326560297e-97
4.636636636636636 3.6798461789487245e-49 1.3541267900723534e-97
4.652652652652652 1.3850619644202802e-49 1.9183966452837652e-98
4.668668668668669 5.190313445158953e-50 2.69393536589978e-99
4.684684684684685 1.9364345079138283e-50 3.7497786034394707e-100
4.7007007007007005 7.192781796371148e-51 5.1736109970208144e-101
4.716716716716716 2.6599642673957344e-51 7.075409903822127e-102
4.732732732732732 9.793536910772014e-52 9.591336522265383e-103
4.748748748748749 3.589948110199688e-52 1.2887727433926313e-103
4.764764764764765 1.3101518153317716e-52 1.7164977792171365e-104
4.7807807807807805 4.760361340484602e-53 2.2661040091980355e-105
4.796796796796796 1.7220393102199242e-53 2.9654193859427126e-106
4.812812812812812 6.201989801974354e-54 3.84646775037939e-107
4.828828828828829 2.2238417503772842e-54 4.9454721307211034e-108
4.844844844844845 7.938922385030275e-55 6.30264886355348e-109
4.8608608608608606 2.8216560769494133e-55 7.961743016585556e-110
4.876876876876876 9.98461778658736e-56 9.969259234423667e-111
4.892892892892894 3.517577353232061e-56 1.237335043597107e-111
4.908908908908909 1.2337884877407653e-56 1.5222340324816445e-112
4.924924924924925 4.308465461300735e-57 1.8562874631221356e-113
4.940940940940941 1.4979225649974822e-57 2.243772010728636e-114
4.956956956956956 5.184906816483096e-58 2.6883258695612866e-115
4.972972972972974 1.786805963659736e-58 3.192675551769997e-116
4.988988988988989 6.130539234378343e-59 3.75835113042522e-117
5.005005005005005 2.094135621544242e-59 4.385404001420489e-118
5.021021021021021 7.121898461807694e-60 5.072143770029881e-119
5.037037037037036 2.4114129901041936e-60 5.814912608843247e-120
5.053053053053054 8.128908963257924e-61 6.607916093293502e-121
5.069069069069069 2.728209826683865e-61 7.443128858414404e-122
5.085085085085085 9.116079902791328e-62 8.310291279407595e-123
5.101101101101101 3.0326572039587336e-62 9.197009716722803e-124
5.117117117117116 1.0044385385001215e-62 1.00889677762426e-124
5.133133133133134 3.3121367354928625e-63 1.0970249754601319e-125
5.1491491491491495 1.0873716175146752e-63 1.1823770345764811e-126
5.165165165165165 3.5541239811019474e-64 1.2631797273043955e-127
5.181181181181181 1.1565702035724482e-64 1.337654635791614e-128
5.197197197197196 3.7471085188242517e-65 1.4040822251845279e-129
5.213213213213214 1.2086634446056202e-65 1.4608673223259228e-130
5.2292292292292295 3.8814978430773586e-66 1.5066025505814187e-131
5.245245245245245 1.2410182163210391e-66 1.5401262132406532e-132
5.261261261261261 3.950406697184681e-67 1.5605713073161578e-133
5.2772772772772765 1.2519595769709698e-67 1.5674027823693296e-134
5.293293293293294 3.950241523586937e-68 1.560440809467044e-135
5.3093093093093096 1.2409144401112718e-68 1.539868647676671e-136
5.325325325325325 3.8810109865105283e-69 1.5062246277415426e-137
5.341341341341341 1.2084613119303012e-69 1.4603787424323047e-138
5.3573573573573565 3.746325218909693e-70 1.403495264583876e-139
5.373373373373374 1.1562800849190455e-70 1.336983634780395e-140
5.38938938938939 3.553083884793261e-71 1.262440509237757e-141
5.405405405405405 1.0870079526042466e-71 1.1815862890248761e-142
5.421421421421421 3.310890573215945e-72 1.0961996387810211e-143
5.437437437437437 1.0040186465466491e-72 1.0080534426133653e-144
5.453453453453454 3.031262697664827e-73 9.188553542254246e-146
5.46946946946947 9.111507083286693e-74 8.301956132878357e-147
5.485485485485485 2.7267272882446677e-74 7.435041704458118e-148
5.501501501501501 8.124151940625524e-75 6.600184475436947e-149
5.517517517517517 2.4099010736770987e-75 5.807623184910031e-150
5.533533533533534 7.117135571007345e-76 5.065361873609805e-151
5.54954954954955 2.0926476369105025e-76 4.3791741322671105e-152
5.565565565565565 6.1259270604282696e-77 3.752698234968733e-153
5.581581581581581 1.785387052562574e-77 3.1876069274580744e-154
5.597597597597597 5.180572857963784e-78 2.6838335136671046e-155
5.613613613613614 1.4966079094581312e-78 2.2398352346526377e-156
5.62962962962963 4.304504158505676e-79 1.8528756050592658e-157
5.645645645645645 1.2326025807675473e-79 1.519309122114818e-158
5.661661661661661 3.5140493725365795e-80 1.234854299262473e-159
5.677677677677677 9.97418664407553e-81 9.94843992108547e-161
5.693693693693694 2.818590396633488e-81 7.944451823994521e-162
5.70970970970971 7.929965362652051e-82 6.288435065286127e-163
5.7257257257257255 2.221239859793759e-82 4.9339065147365985e-164
5.741741741741741 6.1944745279854304e-83 3.8371514677860326e-165
5.757757757757757 1.7198807279196033e-83 2.9579897182692645e-166
5.773773773773774 4.754195471469339e-84 2.2602374580939565e-167
5.78978978978979 1.3084001443985397e-84 1.7119109378621196e-168
5.8058058058058055 3.5849984985739847e-85 1.2852214234777726e-169
5.821821821821821 9.779625363863742e-86 9.564107225752702e-171
5.837837837837839 2.6560748141600523e-86 7.054733418415357e-172
5.853853853853854 7.181964177339854e-87 5.158060944459292e-173
5.86986986986987 1.933441387156674e-87 3.7381955975703236e-174
5.885885885885886 5.182074263175864e-88 2.6853893669069674e-175
5.901901901901901 1.382805503941907e-88 1.912151061732031e-176
5.917917917917919 3.67369766203935e-89 1.349605451207339e-177
5.933933933933934 9.716963461078574e-90 9.441937890393609e-179
5.94994994994995 2.5588367109481924e-90 6.547645313296164e-180
5.965965965965966 6.708716217021071e-91 4.5006873280521506e-181
5.981981981981981 1.751140995269264e-91 3.066494785312627e-182
5.997997997997999 4.550799005864102e-92 2.0709771591773697e-183
6.014014014014014 1.1774406876510216e-92 1.3863665729361106e-184
6.03003003003003 3.0330199663633816e-93 9.199210116358929e-186
6.046046046046046 7.778508752488085e-94 6.050519841253375e-187
6.062062062062061 1.986105278075508e-94 3.9446141755993904e-188
6.078078078078079 5.0488565525635304e-95 2.5490952488363695e-189
6.094094094094094 1.2778169461035644e-95 1.6328161477494393e-190
6.11011011011011 3.219801514441649e-96 1.0367121792400736e-191
6.126126126126126 8.077452311657863e-97 6.524523584710696e-193
6.142142142142141 2.0174582238450775e-97 4.0701376849601355e-194
6.158158158158159 5.016716318150408e-98 2.5167442616796585e-195
6.1741741741741745 1.241993668965021e-98 1.5425482737491942e-196
6.19019019019019 3.0612871318060932e-99 9.371478903361576e-198
6.206206206206206 7.512311628582132e-100 5.643482600493033e-199
6.222222222222221 1.8353883463426672e-100 3.368650381890471e-200
6.238238238238239 4.464442048485031e-101 1.9931242804281218e-201
6.2542542542542545 1.0811632007574262e-101 1.1689138666720426e-202
6.27027027027027 2.606754705273961e-102 6.795170093467935e-204
6.286286286286286 6.257400064531207e-103 3.9155055567595164e-205
6.3023023023023015 1.4954521583739056e-103 2.2363771579851728e-206
6.318318318318319 3.5582460085182406e-104 1.2661114657135991e-207
6.334334334334335 8.429159332832277e-105 7.105072705827348e-209
6.35035035035035 1.9880046730586177e-105 3.952162580102901e-210
6.366366366366366 4.668048762459294e-106 2.1790679248697746e-211
6.3823823823823815 1.091285067301378e-106 1.1909030981149727e-212
6.398398398398399 2.5399542049491676e-107 6.451367363238957e-214
6.414414414414415 5.885703845834963e-108 3.4641509760876477e-215
6.43043043043043 1.3578624241132212e-108 1.8437903628186333e-216
6.446446446446446 3.1188750801009123e-109 9.727381765274472e-218
6.462462462462462 7.132225006475496e-110 5.086863354299439e-219
6.478478478478479 1.6238164496025655e-110 2.636779861999881e-220
6.494494494494495 3.6807276425100705e-111 1.3547755978337742e-221
6.51051051051051 8.306446540660864e-112 6.899705413285684e-223
6.526526526526526 1.8663010968471966e-112 3.4830797840930493e-224
6.542542542542542 4.174774226619599e-113 1.7428739843247272e-225
6.558558558558559 9.297562819366891e-114 8.644467438007362e-227
6.574574574574575 2.0615320663693767e-114 4.2499144606691924e-228
6.59059059059059 4.550885543528912e-115 2.0710559230300437e-229
6.606606606606606 1.0001993704480351e-115 1.0003987806446459e-230
6.622622622622622 2.1885782863491637e-116 4.789874915479042e-232
6.638638638638639 4.767848430529429e-117 2.273237865650194e-233
6.654654654654655 1.0341121500694715e-117 1.069387938921305e-234
6.67067067067067 2.233046086062641e-118 4.986494822479679e-236
6.686686686686686 4.8007885397197437e-119 2.304757060310443e-237
6.702702702702702 1.0275721216604001e-119 1.0559044652136562e-238
6.718718718718719 2.1897618982123733e-120 4.7950571708626564e-240
6.734734734734735 4.645862174471605e-121 2.1584035344186034e-241
6.7507507507507505 9.813424692766702e-122 9.630330420060324e-243
6.766766766766766 2.063762476527819e-122 4.259115559524236e-244
6.782782782782782 4.3209941160707124e-123 1.8670990151117717e-245
6.798798798798799 9.007255527007175e-124 8.113065212880129e-247
6.814814814814815 1.8693306951038401e-124 3.4943972476574057e-248
6.8308308308308305 3.8624657071908035e-125 1.4918641339224954e-249
6.846846846846846 7.945623479545963e-126 6.313293247871211e-251
6.862862862862862 1.6273320252478077e-126 2.648209520397132e-252
6.878878878878879 3.3182507917313255e-127 1.1010788316825568e-253
6.894894894894895 6.736387906141879e-128 4.537892202201456e-255
6.910910910910911 1.361538146878137e-128 1.853786125404351e-256
6.926926926926926 2.739790688029357e-129 7.506453014212376e-258
6.942942942942944 5.488956667022252e-130 3.012864529244803e-259
6.958958958958959 1.094830946219556e-130 1.198654800800008e-260
6.974974974974975 2.1741483402855614e-131 4.726921005566461e-262
6.990990990990991 4.2984920259080954e-132 1.847703369679548e-263
7.007007007007006 8.46112135279705e-133 7.159057454675821e-265
7.023023023023024 1.6581528732787478e-133 2.7494709511625668e-266
7.039039039039039 3.235236674473346e-134 1.0466756339857356e-267
7.055055055055055 6.28452403809356e-135 3.94952423853758e-269
7.071071071071071 1.2154121451598794e-135 1.4772266826021399e-270
7.087087087087086 2.3402356840137015e-136 5.476703056731077e-272
7.103103103103104 4.486218975805957e-137 2.0126160698881447e-273
7.119119119119119 8.562216090212811e-138 7.331154437549916e-275
7.135135135135135 1.626959513624141e-138 2.6469972589721017e-276
7.151151151151151 3.0778833248985753e-139 9.473365761688708e-278
7.167167167167166 5.797121532068307e-140 3.3606618057569994e-279
7.183183183183184 1.0870699805025696e-140 1.1817211425098572e-280
7.1991991991991995 2.0294924777769095e-141 4.118839717353059e-282
7.215215215215215 3.772265350311738e-142 1.4229985873162542e-283
7.231231231231231 6.980746517838674e-143 4.873082194631678e-285
7.2472472472472464 1.2861343800263334e-143 1.654141643485721e-286
7.263263263263264 2.3591506362368324e-144 5.565591724456651e-288
7.2792792792792795 4.308338742835701e-145 1.8561782723019109e-289
7.295295295295295 7.833373920480413e-146 6.136174697806267e-291
7.311311311311311 1.417988532291246e-146 2.010691477709482e-292
7.3273273273273265 2.5555325960322305e-147 6.530746849383232e-294
7.343343343343344 4.5853762411465236e-148 2.102567527287102e-295
7.35935935935936 8.191310211880444e-149 6.709756298725685e-297
7.375375375375375 1.4568559623409962e-149 2.12242929500851e-298
7.391391391391391 2.5796732688846153e-150 6.654714174197837e-300
7.4074074074074066 4.547761037429167e-151 2.068213045355881e-301
7.423423423423424 7.982067849612083e-152 6.371340715581085e-303
7.43943943943944 1.3948195920406664e-152 1.945521694340491e-304
7.455455455455455 2.426640872513887e-153 5.888585924154959e-306
7.471471471471471 4.2031783931956605e-154 1.7666708605026856e-307
7.487487487487487 7.248280354562964e-155 5.25375680983434e-309
7.503503503503504 1.2444486714738124e-155 1.54865249593295e-310
7.51951951951952 2.127178031839179e-156 4.52488637914e-312
7.535535535535535 3.6200580553834634e-157 1.31048203247e-313
7.551551551551551 6.133552359647147e-158 3.762046457e-315
7.567567567567567 1.0346500045499635e-158 1.07050063e-316
7.583583583583584 1.7376395638552558e-159 3.01939e-318
7.5995995995996 2.905432392214561e-160 8.4416e-320
7.615615615615615 4.836672675163278e-161 2.337e-321
7.631631631631631 8.016180096229884e-162 6.4e-323
7.647647647647647 1.3227357138456218e-162 0.0
7.663663663663664 2.173019076564275e-163 0.0
7.67967967967968 3.554175293591488e-164 0.0
7.6956956956956954 5.787606472534087e-165 0.0
7.711711711711711 9.38304910378677e-166 0.0
7.727727727727727 1.514515875011177e-166 0.0
7.743743743743744 2.4338203391812564e-167 0.0
7.75975975975976 3.8939291720521534e-168 0.0
7.7757757757757755 6.20258071785504e-169 0.0
7.791791791791791 9.836523799739224e-170 0.0
7.807807807807807 1.5530867508917832e-170 0.0
7.823823823823824 2.4413757585391715e-171 0.0
7.83983983983984 3.8208359069106114e-172 0.0
7.8558558558558556 5.953426419388478e-173 0.0
7.871871871871871 9.235500574852882e-174 0.0
7.887887887887889 1.4263914743189648e-174 0.0
7.903903903903904 2.1933193718263497e-175 0.0
7.91991991991992 3.357761613398755e-176 0.0
7.935935935935936 5.117792702406007e-177 0.0
7.951951951951951 7.766053300616669e-178 0.0
7.967967967967969 1.1732832982374446e-178 0.0
7.983983983983984 1.7647787084597315e-179 0.0
8.0 2.6427888623056e-180 0.0
