-8.0 0.00018085023725238574 3.270680831424421e-08
-7.983983983983984 0.00019277798871964691 3.716335293479232e-08
-7.967967967967968 0.0002052661538507623 4.213419391668482e-08
-7.951951951951952 0.00021832116385086232 4.766413058519507e-08
-7.935935935935936 0.00023194756098424355 5.3799671046539375e-08
-7.91991991991992 0.0002461478051927115 6.058874200118904e-08
-7.903903903903904 0.00026092207550226554 6.808032948440995e-08
-7.887887887887888 0.0002762680670298214 7.632404486039389e-08
-7.871871871871872 0.0002921807845024037 8.536961083244006e-08
-7.8558558558558556 0.0003086523333038992 9.52662628539413e-08
-7.83983983983984 0.0003256717091685033 1.060620621527342e-07
-7.823823823823824 0.00034322458774494347 1.1780311763268642e-07
-7.807807807807808 0.0003612931153607062 1.3053271520704454e-07
-7.791791791791792 0.00037985570242038804 1.442903546612864e-07
-7.7757757757757755 0.0003988868209762823 1.5911069594856465e-07
-7.75975975975976 0.0004183568081118355 1.7502241889352317e-07
-7.743743743743744 0.0004382316768793049 1.920470026204475e-07
-7.727727727727728 0.0004584729366311833 2.1019743362322095e-07
-7.711711711711712 0.0004790374246806396 2.2947685424465944e-07
-7.6956956956956954 0.0004998771513190448 2.498771664108432e-07
-7.67967967967968 0.0005209391603086306 2.713776087430612e-07
-7.663663663663664 0.0005421654070559137 2.939433286081045e-07
-7.647647647647648 0.0005634926567570711 3.175239742191423e-07
-7.631631631631632 0.0005848524048912703 3.4205233550710234e-07
-7.615615615615615 0.0006061708225235243 3.6744306607884603e-07
-7.5995995995996 0.0006273687289672456 3.9359152208597727e-07
-7.583583583583583 0.0006483615944518121 4.20372757160096e-07
-7.5675675675675675 0.0006690595755463108 4.476407156302095e-07
-7.551551551551552 0.0006893675862136475 4.7522766892203063e-07
-7.535535535535535 0.0007091854075172838 5.029439422354558e-07
-7.51951951951952 0.0007284078391872357 5.305779801894178e-07
-7.503503503503503 0.0007469248964872084 5.578968009924269e-07
-7.4874874874874875 0.0007646220561305222 5.846468887212673e-07
-7.471471471471472 0.0007813805553953608 6.105555723499625e-07
-7.455455455455455 0.0007970777491252753 6.353329381506152e-07
-7.43943943943944 0.0008115875300171715 6.586743188793732e-07
-7.423423423423423 0.0008247808185618817 6.802633986676076e-07
-7.407407407407407 0.00083652613030197 6.997759666779885e-07
-7.391391391391391 0.0008466902298325518 7.168843452938994e-07
-7.375375375375375 0.0008551388833671228 7.312625098463697e-07
-7.35935935935936 0.0008617377249663296 7.425919066301456e-07
-7.343343343343343 0.0008663532560296117 7.505679642331101e-07
-7.327327327327327 0.0008688540038742144 7.549072800482533e-07
-7.311311311311311 0.000869111873890623 7.553554493376703e-07
-7.295295295295295 0.0008670037419154161 7.516954884953335e-07
-7.2792792792792795 0.0008624133506459868 7.437567873724378e-07
-7.263263263263263 0.000855233598433929 7.314245078902469e-07
-7.247247247247247 0.0008453693440846544 7.146493279181188e-07
-7.231231231231231 0.0008327409025789585 6.934574108280183e-07
-7.215215215215215 0.0008172884818604696 6.679604625817911e-07
-7.1991991991991995 0.0007989779221181598 6.383657200322523e-07
-7.183183183183183 0.0007778082647588783 6.049856967272173e-07
-7.167167167167167 0.000753821926140361 5.682474963299638e-07
-7.151151151151151 0.0007271186211803485 5.287014892672112e-07
-7.135135135135135 0.0006978747279133419 4.87029135860121e-07
-7.119119119119119 0.0006663705646756911 4.440497294661994e-07
-7.103103103103103 0.0006330290882264706 4.007258265408367e-07
-7.087087087087087 0.0005984706571622804 3.581671274842517e-07
-7.071071071071071 0.0005635890108207671 3.176325731179308e-07
-7.055055055055055 0.0005296512315135784 2.805304270438502e-07
-7.039039039039039 0.0004984136077008669 2.4841612434139363e-07
-7.023023023023023 0.0004722157159106128 2.2298768235297257e-07
-7.007007007007007 0.00045395868746817626 2.0607848992782938e-07
-6.990990990990991 0.00044681911057853466 1.9964731757819282e-07
-6.974974974974975 0.0004536137372250145 2.0576542259924453e-07
-6.958958958958959 0.00047602590292289404 2.2660066025355652e-07
-6.942942942942943 0.0005141969996459051 2.6439855444485096e-07
-6.926926926926927 0.0005669747160181446 3.2146032860385566e-07
-6.910910910910911 0.0006325487723096239 4.0011794935041243e-07
-6.894894894894895 0.0007090178356836845 5.027062913175762e-07
-6.878878878878879 0.0007946902482284889 6.315325906294574e-07
-6.862862862862863 0.0008881685741387429 7.888434160876475e-07
-6.846846846846847 0.0009883265908542287 9.767894501895418e-07
-6.8308308308308305 0.0010942524551522397 1.1973884356067041e-06
-6.814814814814815 0.0012051915638264334 1.4524867055184045e-06
-6.798798798798799 0.0013204998208871447 1.743719776962981e-06
-6.782782782782783 0.0014396084689253694 2.0724725438016465e-06
-6.766766766766767 0.001561998610308161 2.439839658604626e-06
-6.7507507507507505 0.0016871830781984133 2.8465867393590736e-06
-6.734734734734735 0.0018146936589838326 3.29311307595613e-06
-6.718718718718719 0.0019440721544145406 3.779416541569994e-06
-6.702702702702703 0.0020748641965151614 4.3050614339805065e-06
-6.686686686686687 0.0022066150503434277 4.869149980402127e-06
-6.67067067067067 0.002338866869955709 5.470298235376416e-06
-6.654654654654655 0.0024711570334231244 6.106617083836576e-06
-6.638638638638639 0.0026030172934177636 6.775699029831939e-06
-6.622622622622623 0.0027339735560336555 7.474611405091312e-06
-6.606606606606607 0.0028635461529989224 8.199896570354927e-06
-6.59059059059059 0.0029912505087716745 8.947579606226803e-06
-6.574574574574575 0.0031165981292920414 9.713183899506649e-06
-6.558558558558559 0.0032390978568392864 1.0491754926180855e-05
-6.5425425425425425 0.0033582573478558365 1.1277892414427716e-05
-6.526526526526526 0.003473584739343922 1.2065790941402983e-05
-6.51051051051051 0.0035845904756074284 1.284928887781549e-05
-6.494494494494495 0.0036907892714559834 1.3621925446294586e-05
-6.478478478478479 0.003791702191036394 1.437700550551019e-05
-6.4624624624624625 0.0038868588235778925 1.5107671514425316e-05
-6.446446446446446 0.003975799538794318 1.5806981972677106e-05
-6.43043043043043 0.00405807780566693 1.646799547684652e-05
-6.414414414414415 0.004133262558971521 1.7083859381395807e-05
-6.398398398398399 0.004200940598312636 1.7647901910551325e-05
-6.382382382382382 0.0042607190046592665 1.8153726436664647e-05
-6.366366366366366 0.004312227559494748 1.859530652486603e-05
-6.35035035035035 0.004355121151740036 1.8967080246333463e-05
-6.334334334334335 0.004389082157614749 1.926404218629214e-05
-6.318318318318318 0.004413822778588404 1.9481831520785863e-05
-6.302302302302302 0.004429087322562978 1.961681451088809e-05
-6.286286286286286 0.004434654413431538 1.9666159766567815e-05
-6.27027027027027 0.004430339114187145 1.9627904666696536e-05
-6.2542542542542545 0.0044159949488202345 1.9501011388005822e-05
-6.238238238238238 0.004391515808348375 1.9285411094973685e-05
-6.222222222222222 0.004356837726475905 1.8982034974843733e-05
-6.206206206206206 0.004311940510588363 1.8592830966853027e-05
-6.19019019019019 0.0042568492140544825 1.8120765231196266e-05
-6.1741741741741745 0.004191635436145034 1.756980762954677e-05
-6.158158158158158 0.004116418436294594 1.6944900742666034e-05
-6.142142142142142 0.00403136604994677 1.625191222866342e-05
-6.126126126126126 0.003936695393862175 1.5497570624055664e-05
-6.11011011011011 0.00383267334957412 1.4689385004535705e-05
-6.094094094094094 0.003719616814715551 1.3835549248314658e-05
-6.078078078078078 0.003597892713319966 1.2944831976560907e-05
-6.062062062062062 0.0034679177580889636 1.2026453576868782e-05
-6.046046046046046 0.0033301579602983598 1.1089952040538532e-05
-6.03003003003003 0.003185127886937994 1.014503965615009e-05
-6.014014014014014 0.003033389670602208 9.20145289371617e-06
-5.997997997997998 0.0028755517868433865 8.268798078818192e-06
-5.981981981981982 0.002712267628358368 7.356395687840726e-06
-5.965965965965966 0.0025442339293442126 6.473126287226291e-06
-5.94994994994995 0.0023721891335669286 5.627281285413016e-06
-5.933933933933934 0.002196911868989317 4.826421760106134e-06
-5.917917917917918 0.0020192198148576653 4.077248660713824e-06
-5.901901901901902 0.0018399694730671912 3.385487661819157e-06
-5.885885885885886 0.0016600577866520392 2.755791855024068e-06
-5.86986986986987 0.0014804274081931606 2.191665310929519e-06
-5.853853853853854 0.001302079229174386 1.6954103190473637e-06
-5.837837837837838 0.0011260998272415276 1.2681008209133986e-06
-5.821821821821822 0.0009537212337377438 9.095841916822443e-07
-5.8058058058058055 0.0007864560384851936 6.185131004698244e-07
-5.78978978978979 0.0006264253295213972 3.924086934659911e-07
-5.773773773773774 0.0004772376782603818 2.2775580155135972e-07
-5.757757757757758 0.0003465981569309758 1.2013028238794932e-07
-5.741741741741741 0.0002536887337280114 6.435797362052188e-08
-5.7257257257257255 0.00023388900814260414 5.470406812993115e-08
-5.70970970970971 0.0002917036760599323 8.509103462687791e-08
-5.693693693693694 0.00038644858489101443 1.493425087642676e-07
-5.677677677677678 0.0004913755018646186 2.414498838327058e-07
-5.661661661661661 0.0005965380534618606 3.5585764922806564e-07
-5.645645645645645 0.0006984002241423905 4.877628730821412e-07
-5.62962962962963 0.0007958791472010006 6.334236169493921e-07
-5.613613613613614 0.0008890840902945638 7.90470519614912e-07
-5.597597597597598 0.0009788847267141946 9.582153081943234e-07
-5.581581581581581 0.0010667472060524447 1.1379496016206968e-06
-5.565565565565565 0.0011546545273738945 1.3332270775850313e-06
-5.54954954954955 0.001245038911558151 1.5501218912939053e-06
-5.533533533533534 0.0013406924233656625 1.7974561740700928e-06
-5.5175175175175175 0.0014446416549990047 2.086989511358263e-06
-5.501501501501501 0.0015599883047011196 2.4335635108042733e-06
-5.485485485485485 0.0016897322058150779 2.855194927368688e-06
-5.46946946946947 0.001836603200802124 3.373111317196607e-06
-5.453453453453454 0.0020029288169890382 4.011723845925108e-06
-5.4374374374374375 0.002190555335582475 4.798532678248848e-06
-5.421421421421421 0.0024008251329404803 5.763961318958674e-06
-5.405405405405405 0.0026346000367004564 6.941117353382046e-06
-5.38938938938939 0.0028923136476128207 8.36547823616738e-06
-5.373373373373374 0.003174035615357954 1.0074502087560744e-05
-5.357357357357357 0.0034795351497828734 1.210716485857452e-05
-5.341341341341341 0.003808336474191113 1.4503426700654394e-05
-5.325325325325325 0.004159763442646074 1.7303631898774713e-05
-5.3093093093093096 0.0045329734473028615 2.0547848273952788e-05
-5.293293293293294 0.004926982190386209 2.427515350438289e-05
-5.277277277277277 0.005340681353938242 2.8522877324303614e-05
-5.261261261261261 0.005772851115822192 3.3325810005449525e-05
-5.245245245245245 0.0062221691455394135 3.8715388875702674e-05
-5.2292292292292295 0.0066872173473834645 4.4718875851146344e-05
-5.213213213213214 0.007166487285911564 5.13585400191321e-05
-5.197197197197197 0.007658384958987619 5.8650860180047785e-05
-5.181181181181181 0.008161235378575297 6.660576290450909e-05
-5.165165165165165 0.008673287269727253 7.52259120632128e-05
-5.1491491491491495 0.009192718091728754 8.450606591399714e-05
-5.133133133133134 0.009717639510892467 9.44325176636584e-05
-5.117117117117117 0.010246103402945394 0.00010498263494384917
-5.101101101101101 0.010776108427388537 0.00011612451283883425
-5.085085085085085 0.011305607191626084 0.00012781675397134743
-5.069069069069069 0.011832514005506447 0.00014000838769050622
-5.053053053053053 0.012354713214734558 0.0001526389386183367
-5.037037037037037 0.012870068092720972 0.00016563865271127442
-5.021021021021021 0.013376430263689598 0.00017892888659935097
-5.005005005005005 0.01387164962450273 0.00019242266330496676
-4.988988988988989 0.014353584728171378 0.0002060253945487946
-4.972972972972973 0.014820113588049166 0.00021963576676267953
-4.956956956956957 0.01526914485803453 0.00023314678469564233
-4.940940940940941 0.015698629340564502 0.00024644696317243264
-4.924924924924925 0.01610657177066121 0.0002594216542034605
-4.908908908908909 0.01649104282070336 0.00027195449331427195
-4.892892892892893 0.016850191266859806 0.0002839289457297584
-4.876876876876877 0.01718225625417092 0.00029522992998399567
-4.8608608608608606 0.01748557959301432 0.0003057454937036388
-4.844844844844845 0.017758618015049934 0.000315368513804456
-4.828828828828829 0.017999955311596892 0.0003239983912194852
-4.812812812812813 0.018208314271607486 0.0003315427086136249
-4.796796796796797 0.018382568329803412 0.00033791881839989135
-4.7807807807807805 0.01852175282791358 0.0003430553278183247
-4.764764764764765 0.018625075783041397 0.00034689344792403513
-4.748748748748749 0.018691928046680018 0.00034938817410226305
-4.732732732732733 0.018721892725409334 0.0003505092672217349
-4.716716716716716 0.018714753719404453 0.0003502420067779628
-4.7007007007007005 0.018670503217048277 0.00034858769037781007
-4.684684684684685 0.01858934796258835 0.00034556385767418754
-4.668668668668669 0.018471714088276022 0.0003412042213590149
-4.652652652652653 0.01831825027211711 0.0003355582930319185
-4.636636636636636 0.01812982894662082 0.00032869069763373016
-4.62062062062062 0.017907545242259126 0.00032068017660355746
-4.604604604604605 0.017652713301513294 0.0003116182869054244
-4.588588588588589 0.01736685954565313 0.00030160781047844316
-4.5725725725725725 0.017051712417844894 0.0002907608963808858
-4.556556556556556 0.016709188065144834 0.00027919696579637853
-4.54054054054054 0.016341371362567556 0.00026704041800934303
-4.524524524524525 0.015950491631437573 0.00025441818328456
-4.508508508508509 0.015538892371730229 0.00024145717614021587
-4.4924924924924925 0.015108994328386189 0.00022828170961520605
-4.476476476476476 0.014663251263788838 0.00021501093762500492
-4.46046046046046 0.014204097936824187 0.00020175639819889311
-4.444444444444445 0.013733890021350448 0.00018861973511854943
-4.428428428428429 0.013254836063183825 0.0001756906790618785
-4.412412412412412 0.012768922101418782 0.000163045371632101
-4.396396396396396 0.012277830283386075 0.0001507451164676322
-4.38038038038038 0.011782853680038041 0.000138835640845186
-4.364364364364365 0.011284810529553057 0.00012734694868791154
-4.348348348348349 0.010783962239163431 0.00011629384157570278
-4.332332332332332 0.010279940571611778 0.00010567717815586991
-4.316316316316316 0.009771690448865307 9.548593422844548e-05
-4.3003003003003 0.00925743569912735 8.570011572347747e-05
-4.2842842842842845 0.008734676000017538 7.629456482528237e-05
-4.268268268268269 0.008200224734485072 6.724368569606078e-05
-4.252252252252252 0.0076503006943207 5.8527100713523794e-05
-4.236236236236236 0.007080694246336295 5.0136231010099913e-05
-4.22022022022022 0.006487046829815044 4.2081776572213414e-05
-4.2042042042042045 0.005865326201982352 3.440205145566072e-05
-4.188188188188189 0.0052126873171328665 2.7172109066197835e-05
-4.172172172172172 0.004529191015011332 2.051357125045938e-05
-4.156156156156156 0.0038216558563679355 1.4605053484511338e-05
-4.14014014014014 0.0031133674872976086 9.693057110961825e-06
-4.124124124124124 0.0024704612451120567 6.103178763600614e-06
-4.108108108108109 0.0020619086439621188 4.251467256045704e-06
-4.092092092092092 0.002157716324894033 4.655739738714212e-06
-4.076076076076076 0.0028189807193541028 7.946652296090175e-06
-4.06006006006006 0.003857240699500799 1.4878305813885414e-05
-4.044044044044044 0.005132071349422213 2.6338156335560326e-05
-4.028028028028028 0.006584526609787648 4.335599067500161e-05
-4.012012012012012 0.008192174507152847 6.7111723155645e-05
-3.9959959959959956 0.009946947691043128 9.894176836834821e-05
-3.97997997997998 0.011846676668883631 0.00014034374809707178
-3.9639639639639643 0.013891698899471285 0.0001929792983135717
-3.947947947947948 0.016083368881709068 0.00025867475458512753
-3.931931931931932 0.018423341485596063 0.0003394195114948849
-3.9159159159159156 0.02091319855457223 0.000437361873782962
-3.8998998998999 0.023554240463872993 0.0005548022438299517
-3.8838838838838843 0.026347362708284354 0.0006941835216818929
-3.8678678678678677 0.02929297918985483 0.0008580786298172682
-3.851851851851852 0.03239097273846732 0.0010491751149441335
-3.8358358358358355 0.03564066249173744 0.0012702568228499397
-3.81981981981982 0.03904078238420131 0.0015241826891705637
-3.8038038038038042 0.042589467456977864 0.0018138627382689766
-3.7877877877877877 0.046284246061665396 0.0021422314334967885
-3.771771771771772 0.050122036811737644 0.0025122185741571837
-3.7557557557557555 0.054099149592468185 0.0029267179866282506
-3.73973973973974 0.05821129021433315 0.0033885543084173184
-3.723723723723724 0.062453568460418635 0.0039004482134401973
-3.7077077077077076 0.06682050937820576 0.004464980473562884
-3.691691691691692 0.07130606772511798 0.005084555294419112
-3.6756756756756754 0.07590364551024537 0.005761363401744991
-3.65965965965966 0.08060611259084055 0.006497345387007264
-3.643643643643644 0.08540583028729143 0.007294155847061627
-3.6276276276276276 0.09029467797796245 0.008153128871143937
-3.611611611611612 0.09526408262804434 0.009075245438962858
-3.5955955955955954 0.1003050511959758 0.010061103295427325
-3.5795795795795797 0.10540820584822551 0.011110889860141884
-3.563563563563563 0.11056382189908924 0.012224358712933526
-3.5475475475475475 0.11576186837719127 0.013400810170178159
-3.531531531531532 0.12099205110508168 0.014639076430614698
-3.5155155155155153 0.12624385816295927 0.015937511723869376
-3.4994994994994997 0.1315066075924432 0.01729398784047284
-3.483483483483483 0.1367694971816333 0.0187058953593168
-3.4674674674674675 0.14202165615860923 0.02017015081803423
-3.451451451451452 0.1472521986071823 0.021683209994649066
-3.4354354354354353 0.1524502784061749 0.02324108738612024
-3.4194194194194196 0.15760514548188453 0.024839381882365986
-3.403403403403403 0.1627062031526973 0.0264733085443668
-3.3873873873873874 0.1677430663350541 0.028137736303486358
-3.3713713713713718 0.17270562037115073 0.02982723130778403
-3.3553553553553552 0.1775840802307553 0.031536105551403334
-3.3393393393393396 0.1823690498323037 0.033258470336737275
-3.323323323323323 0.18705158122181223 0.03498829403758021
-3.3073073073073074 0.19162323334193485 0.03671946355641761
-3.2912912912912917 0.19607613011750086 0.03844584880185512
-3.275275275275275 0.20040301757773818 0.04016136945426324
-3.2592592592592595 0.2045973197288722 0.04186006324023836
-3.243243243243243 0.2086531928834408 0.043536154900454344
-3.2272272272272273 0.2125655781440921 0.04518412501173212
-3.2112112112112117 0.21633025172937792 0.046798777813296014
-3.195195195195195 0.21994387281660846 0.04837530718956844
-3.1791791791791795 0.2234040285617367 0.04990935997761326
-3.163163163163163 0.22670927593799436 0.051397095796329666
-3.1471471471471473 0.2298591800131883 0.0528352426363353
-3.1311311311311307 0.23285434825988258 0.05422114750353468
-3.115115115115115 0.23569646046292647 0.055552821474751865
-3.0990990990990994 0.23838829375504034 0.0568289785994394
-3.083083083083083 0.24093374227376219 0.058049068166039657
-3.067067067067067 0.24333783089278566 0.059213299943605954
-3.0510510510510507 0.24560672243886378 0.06032266210716107
-3.035035035035035 0.2477477177639278 0.06137893165723481
-3.0190190190190194 0.24976924800358755 0.06238467724827763
-3.003003003003003 0.25168085832122644 0.06334325444530926
-2.986986986986987 0.2534931824159959 0.06425879353138936
-2.9709709709709706 0.25521790706851943 0.06513618008843543
-2.954954954954955 0.256867726016359 0.06598102866881528
-2.9389389389389393 0.2584562824992664 0.06679964996334059
-2.9229229229229228 0.25999809989934314 0.06759901195126883
-2.906906906906907 0.2615085000307511 0.06838669558833334
-2.8908908908908906 0.2630035088140586 0.0691708456485066
-2.874874874874875 0.26449974930653103 0.06996011738321775
-2.8588588588588593 0.2660143223538741 0.07076361969739084
-2.8428428428428427 0.2675646754795202 0.07159085556446095
-2.826826826826827 0.2691684610281635 0.07245166041226997
-2.8108108108108105 0.27084338501882 0.07335613920845276
-2.794794794794795 0.2726070486210709 0.0743146029578909
-2.778778778778779 0.27447678462221975 0.07533750529655242
-2.7627627627627627 0.2764694916736441 0.07643537982628315
-2.746746746746747 0.27860146945919323 0.07761877878482178
-2.7307307307307305 0.2808882581839285 0.07889821358560126
-2.714714714714715 0.28334448590727024 0.08028409769405528
-2.698698698698699 0.2859837272164212 0.08178669223259641
-2.6826826826826826 0.28881837653910203 0.08341605462668253
-2.666666666666667 0.291859539026975 0.08518199052103834
-2.6506506506506504 0.2951169414143889 0.08709400910978383
-2.6346346346346348 0.2985988645969431 0.08916128193858358
-2.618618618618619 0.30231209891868005 0.0913926051526178
-2.6026026026026026 0.3062619223520224 0.0937963650827562
-2.586586586586587 0.310452100951723 0.09638050698533882
-2.5705705705705704 0.31488491021299636 0.09915250667984676
-2.5545545545545547 0.31956117530891653 0.1021193447648161
-2.538538538538538 0.3244803276576395 0.10528748303680908
-2.5225225225225225 0.32964047489826304 0.10866284269115238
-2.506506506506507 0.3350384811441992 0.11225078384741191
-2.4904904904904903 0.34067005433103226 0.11605608591790847
-2.4744744744744747 0.34652983756755806 0.12008292832459819
-2.458458458458458 0.3526115016115195 0.12433487106873059
-2.4424424424424425 0.35890783589814595 0.1288148346690905
-2.426426426426427 0.3654108359208824 0.13352507900839805
-2.4104104104104103 0.37211178517140847 0.13846718066345245
-2.3943943943943946 0.3790013302649254 0.14364200834258303
-2.378378378378378 0.38606954828562523 0.1490496961134667
-2.3623623623623624 0.3933060057699698 0.15468961417472754
-2.3463463463463468 0.40069980909057046 0.1605603370052196
-2.33033033033033 0.4082396463040919 0.16665960881449002
-2.3143143143143146 0.41591382077971284 0.1729843063155791
-2.298298298298298 0.4237102771301787 0.17953039894573286
-2.2822822822822824 0.43161662012759394 0.18629290677036775
-2.2662662662662667 0.43962012740456885 0.19326585641920935
-2.25025025025025 0.44770775682264274 0.20044223551916257
-2.2342342342342345 0.4558661494390518 0.20781394620438792
-2.218218218218218 0.46408162902474487 0.21537175839826092
-2.2022022022022023 0.47234019908569286 0.22310526367231198
-2.1861861861861867 0.48062753832024296 0.2310028305917766
-2.17017017017017 0.4889289954111313 0.23905156255373802
-2.1541541541541545 0.4972295840050307 0.2472372592098159
-2.138138138138138 0.5055139786777806 0.25554438263863966
-2.1221221221221223 0.5137665126219133 0.2639560294916826
-2.1061061061061057 0.5219711777265865 0.2724539103772798
-2.09009009009009 0.5301116276499427 0.28101833776967144
-2.0740740740740744 0.5381711844114901 0.2896282237308661
-2.058058058058058 0.5461328489581959 0.29826108871119555
-2.042042042042042 0.5539793160834645 0.3068930826483032
-2.0260260260260257 0.5616929940036338 0.3154990195127662
-2.01001001001001 0.5692560288225875 0.3240524263508626
-1.9939939939939944 0.5766503340421164 0.3325256077508844
-1.9779779779779778 0.58385762520405 0.34088972650891286
-1.9619619619619622 0.5908594596804541 0.3491149010938781
-1.9459459459459456 0.5976372815605966 0.35717032031113977
-1.92992992992993 0.6041724715183169 0.36502437534055143
-1.9139139139139143 0.6104464014812296 0.37264480908138253
-1.8978978978978978 0.6164404938641178 0.3799988824754375
-1.881881881881882 0.6221362850732807 0.3870535572047824
-1.8658658658658656 0.6275154929367609 0.393775693875666
-1.84984984984985 0.6325600876675407 0.4001322645099668
-1.8338338338338342 0.6372523659232862 0.40609057787482583
-1.8178178178178177 0.6415750274872101 0.4116185158952143
-1.801801801801802 0.6455112540603847 0.41668477911861057
-1.7857857857857855 0.6490447896265551 0.42125913894137923
-1.7697697697697699 0.6521600218263125 0.42531269406849637
-1.7537537537537542 0.6548420637586185 0.42881812846764655
-1.7377377377377377 0.6570768356141252 0.4317499679006721
-1.721721721721722 0.6588511455366826 0.43408483197499886
-1.7057057057057055 0.6601527691068526 0.4358016785594455
-1.6896896896896898 0.6609705268441715 0.4368820373566616
-1.6736736736736741 0.6612943591333033 0.4373102294215262
-1.6576576576576576 0.6611153979929857 0.4370735694634238
-1.641641641641642 0.6604260351257151 0.4361625478718722
-1.6256256256256254 0.659219985710248 0.4345709895598196
-1.6096096096096097 0.657492347428017 0.4322961869264042
-1.593593593593594 0.6552396542482496 0.4293390044993657
-1.5775775775775776 0.6524599245345941 0.4257039531236882
-1.561561561561562 0.6491527030781349 0.4213992319136492
-1.5455455455455454 0.6453190967073953 0.41643673657524855
-1.5295295295295297 0.6409618031749187 0.4108320331292432
-1.5135135135135132 0.6360851330718131 0.40460429651498625
-1.4974974974974975 0.6306950245758084 0.3977762140246796
-1.4814814814814818 0.6247990508943503 0.39037385399848096
-1.4654654654654653 0.6184064203215661 0.38242650069493345
-1.4494494494494496 0.6115279688859627 0.37396645672979095
-1.433433433433433 0.6041761456238915 0.3650288149409418
-1.4174174174174174 0.5963649905715079 0.3556512019793548
-1.4014014014014018 0.5881101056244604 0.34587349633761394
-1.3853853853853852 0.5794286184692189 0.33573752390114764
-1.3693693693693696 0.5703391398419609 0.32528673443566786
-1.353353353353353 0.5608617144195082 0.31456586270158987
-1.3373373373373374 0.5510177656910269 0.30362057810713144
-1.3213213213213217 0.5408300351980475 0.2924971269723213
-1.3053053053053052 0.5303225165627461 0.2812419715734441
-1.2892892892892895 0.5195203847490404 0.26990143016979096
-1.273273273273273 0.508449921016415 0.25852132218159857
-1.2572572572572573 0.4971384340308648 0.2471466225906605
-1.2412412412412417 0.4856141775888034 0.23582112947524986
-1.2252252252252251 0.4739062653860759 0.22458714837217778
-1.2092092092092095 0.4620445832224812 0.2134851968852364
-1.193193193193193 0.4500596989694132 0.20255373263643883
-1.1771771771771773 0.4379827705408183 0.1918289072906111
-1.1611611611611616 0.4258454519915988 0.18134434898192905
-1.145145145145145 0.4136797977187172 0.1711309750405988
-1.1291291291291294 0.4015181645540724 0.16121683646687116
-1.113113113113113 0.3893931113107102 0.15162699513623515
-1.0970970970970972 0.3773372950718744 0.14238343425215885
-1.0810810810810807 0.36538336319431675 0.13350500209919
-1.065065065065065 0.3535638396351231 0.12500738869753106
-1.0490490490490494 0.34191100381183476 0.1169031345276165
-1.0330330330330328 0.3304567597836344 0.10920167008669868
-1.0170170170170172 0.31923249312212926 0.10190938466497032
-1.0010010010010006 0.3082689124639926 0.09502972239173273
-0.984984984984985 0.2975958724628862 0.08856330330694644
-0.9689689689689693 0.28724217476486474 0.08250806696364911
-0.9529529529529528 0.27723534382320414 0.0768594358647702
-0.9369369369369371 0.26760137496894665 0.0716104958852708
-0.9209209209209206 0.2583644532978365 0.06675219072788995
-0.9049049049049049 0.24954664375156924 0.062273527407672606
-0.8888888888888893 0.24116755535428816 0.058161789755563645
-0.8728728728728727 0.23324398593017287 0.054402756972594675
-0.8568568568568571 0.2257895576651714 0.05098092435063376
-0.8408408408408405 0.21881435830357374 0.047879723399804744
-0.8248248248248249 0.21232460710529116 0.04508173878241625
-0.8088088088088092 0.20632236825903338 0.042568919644016184
-0.7927927927927927 0.20080533645590223 0.0403227831491681
-0.776776776776777 0.19576671899898207 0.03832460826762641
-0.7607607607607605 0.19119523558549584 0.036555618110593255
-0.7447447447447448 0.18707525058515803 0.03499714938149967
-0.7287287287287292 0.18338704364315353 0.0336308077761759
-0.7127127127127126 0.18010721373257393 0.03243860843851107
-0.696696696696697 0.17720920079145475 0.03140310084514613
-0.6806806806806804 0.1746638993958745 0.03050747775217217
-0.6646646646646648 0.17244033195399155 0.029735668084402797
-0.6486486486486491 0.1705063455716353 0.029072413880193916
-0.6326326326326326 0.16882929727731455 0.02850333161915185
-0.6166166166166169 0.16737669626938045 0.028014958454052434
-0.6006006006006004 0.16611677832202937 0.027594784040090244
-0.5845845845845847 0.1650189952790351 0.027231268802902213
-0.5685685685685691 0.1640544105194747 0.026913849610892333
-0.5525525525525525 0.16319599847101163 0.02663293391695043
-0.5365365365365369 0.1624188520766086 0.02637988350988327
-0.5205205205205203 0.16170030633046303 0.026146989067365588
-0.5045045045045047 0.16101998860685635 0.025927436730952144
-0.48848848848848814 0.16035980771681868 0.02571526793097506
-0.4724724724724725 0.15970389374269162 0.02550533367657693
-0.4564564564564568 0.15903850004168046 0.0252932444955076
-0.4404404404404403 0.1583518776700656 0.025075317161635413
-0.42442442442442463 0.1576341310995083 0.02484851928749697
-0.4084084084084081 0.15687706265359133 0.02461041278681882
-0.39239239239239243 0.15607401170597762 0.024359097129997637
-0.3763763763763768 0.15521969342261666 0.024093153226211105
-0.36036036036036023 0.1543100407338595 0.023811588671285383
-0.3443443443443446 0.15334205229717046 0.023513785002708162
-0.32832832832832803 0.15231364845006298 0.023199447504169378
-0.3123123123123124 0.1512235365395 0.022868558003513492
-0.2962962962962967 0.1500710865277049 0.02252133101160589
-0.2802802802802802 0.14885621739379493 0.022158173456788735
-0.2642642642642645 0.14757929455573318 0.021779648181567857
-0.24824824824824798 0.14624103830999988 0.021386441285986855
-0.23223223223223233 0.14484244311203223 0.02097933332666229
-0.21621621621621667 0.14338470738658665 0.020559174312337072
-0.20020020020020013 0.14186917345407357 0.020126862376542008
-0.18418418418418447 0.14029727707918613 0.019683325955833927
-0.16816816816816793 0.1386705060863472 0.019229509258243658
-0.15215215215215228 0.13699036743874396 0.018766360771002084
-0.13613613613613662 0.13525836214134374 0.018294824529158888
-0.12012012012012008 0.1334759673015959 0.017815833847096695
-0.10410410410410442 0.13164462466345403 0.017330307202781687
-0.08808808808808788 0.12976573492031812 0.016839145959410266
-0.07207207207207222 0.12784065711017337 0.01634323361036092
-0.05605605605605568 0.1258707124013679 0.01584343624042787
-0.040040040040040026 0.12385719158996829 0.015340603908554108
-0.02402402402402437 0.12180136564917995 0.014835572674005234
-0.008008008008007828 0.11970449869759828 0.014329167008443309
0.008008008008008716 0.11756786278555086 0.013822202359962114
0.02402402402402437 0.1153927539369053 0.013315487661143176
0.040040040040040026 0.1131805089266984 0.012809827600906454
0.05605605605605568 0.1109325223219596 0.012306024508712066
0.07207207207207134 0.10865026336324644 0.011804879728902814
0.08808808808808877 0.10633529231675619 0.011307194392089989
0.10410410410410442 0.10398927598049254 0.010813769518947046
0.12012012012012008 0.10161400208195653 0.010325405419111868
0.13613613613613573 0.0992113923583839 0.009842900373689194
0.1521521521521514 0.0967835141629059 0.009367048613721406
0.16816816816816882 0.09433259049055405 0.008898637628658567
0.18418418418418447 0.09186100836621523 0.008438444858057864
0.20020020020020013 0.08937132558204647 0.007987233836292153
0.21621621621621578 0.08686627581416667 0.007545749873822879
0.23223223223223144 0.08434877218736923 0.007114715369516715
0.24824824824824887 0.0818219093919649 0.006694824856546914
0.2642642642642645 0.07928896448845259 0.006286739889651095
0.2802802802802802 0.07675339656326682 0.005891083883998099
0.29629629629629584 0.07421884542202786 0.005508437015778867
0.3123123123123115 0.0716891295248997 0.005139331292037845
0.3283283283283289 0.06916824338096848 0.004784245892408891
0.3443443443443446 0.06666035462355123 0.004443602878537609
0.36036036036036023 0.06416980098390218 0.004117763358313615
0.3763763763763759 0.061701087363795634 0.0038070241818747414
0.39239239239239154 0.05925888317340467 0.003511615234959223
0.408408408408409 0.056848020043502825 0.003231697382866499
0.42442442442442463 0.05447348993162598 0.002967361105330957
0.4404404404404403 0.05214044350889759 0.002718625849304541
0.45645645645645594 0.049854188522772534 0.0024854401132641444
0.4724724724724716 0.04762018756232572 0.0022676822634710814
0.488488488488489 0.04544405428506451 0.0020651620698638904
0.5045045045045047 0.04333154667430202 0.0018776229371872148
0.5205205205205203 0.04128855526354878 0.0017047447957511217
0.536536536536536 0.039321083480160654 0.001546147606053763
0.5525525525525516 0.03743521634142881 0.0014013954225295785
0.5685685685685691 0.035637072747684524 0.0012700009540237592
0.5845845845845847 0.033932735703519394 0.0011514305523249
0.6006006006006004 0.032328154219899506 0.0010451095552656063
0.616616616616616 0.030829010810432326 0.0009504279075497532
0.6326326326326317 0.029440549936728375 0.0008667459805769971
0.6486486486486491 0.028167366083431598 0.0007934005120780527
0.6646646646646648 0.027013155818734914 0.000729710587287252
0.6806806806806804 0.02598044621594309 0.0006749835855795117
0.6966966966966961 0.025070321495433836 0.0006285210198844118
0.7127127127127117 0.024282178663361503 0.0005896242006394086
0.7287287287287292 0.023613548259930946 0.0005575996614240879
0.7447447447447448 0.023060014951914985 0.0005317642895825426
0.7607607607607605 0.02261526280943931 0.0005114501119400089
0.7767767767767761 0.022271252614026765 0.000496008692997794
0.7927927927927936 0.022018517447624345 0.0004848151105913377
0.8088088088088092 0.021846543931883365 0.00047727148176770985
0.8248248248248249 0.02174419507439838 0.0004728100194334907
0.8408408408408405 0.021700129216282366 0.0004708956080033514
0.8568568568568562 0.021703177041972197 0.00047102789371518904
0.8728728728728736 0.0217426514563828 0.00047274289235374505
0.8888888888888893 0.021808579131599077 0.0004756141237392188
0.9049049049049049 0.021891854384765153 0.0004792532884037612
0.9209209209209206 0.021984324127112164 0.000483310507325926
0.9369369369369362 0.022078816779132156 0.00048747415036648755
0.9529529529529537 0.02216912905619062 0.0004914702831100352
0.9689689689689693 0.022249983486350444 0.0004950617651428674
0.984984984984985 0.022316967432464307 0.0004980470353816726
1.0010010010010006 0.022366461989244923 0.0005002586219163379
1.0170170170170163 0.022395566859631927 0.0005015614149642438
1.0330330330330337 0.022402025399162227 0.0005018507419847095
1.0490490490490494 0.022384152514965297 0.0005010502838132272
1.065065065065065 0.02234076699437604 0.0004991098698970018
1.0810810810810807 0.02227112905544439 0.0004960031894042593
1.0970970970970964 0.022174883386467288 0.000491725453203423
1.1131131131131138 0.02205200760773901 0.00048629103953177913
1.1291291291291294 0.021902765890773272 0.00047973115366602105
1.145145145145145 0.02172766736533881 0.00047209152913880916
1.1611611611611607 0.021527428900943578 0.0004634301950851809
1.1771771771771764 0.021302941844187805 0.0004538153312168477
1.1931931931931938 0.021055242310991106 0.00044332322877455016
1.2092092092092095 0.02078548466256265 0.0004320363726576272
1.2252252252252251 0.02049491782929674 0.0004200416568296254
1.2412412412412408 0.02018486418327796 0.00040742874209737735
1.2572572572572565 0.019856700695237567 0.000394288562500248
1.2732732732732739 0.019511842144242158 0.00038071198386182447
1.2892892892892895 0.01915172617747525 0.00036678861557699086
1.3053053053053052 0.01877780004301485 0.0003526057744554485
1.3213213213213209 0.018391508840614253 0.0003382475974343923
1.3373373373373365 0.01799428515440401 0.00032379429821800457
1.353353353353354 0.017587539947475896 0.0003093215614040605
1.3693693693693696 0.017172654611831692 0.0002949000664172642
1.3853853853853852 0.016750974078520654 0.0002805951325792709
1.401401401401401 0.016323800902277415 0.00026646647589719294
1.4174174174174166 0.015892390242892504 0.0002525680676323848
1.433433433433434 0.015457945672167923 0.000238948084403695
1.4494494494494496 0.015021615740854045 0.00022564893946587402
1.4654654654654653 0.014584491244629379 0.000212707384864671
1.481481481481481 0.014147603132142587 0.00020015467438461073
1.4974974974974966 0.01371192100152493 0.00018801677755206044
1.513513513513514 0.01327835213472586 0.00017631463541377876
1.5295295295295297 0.012847741021623092 0.00016506444935869671
1.5455455455455454 0.012420869328193597 0.00015427799486806046
1.561561561561561 0.01199845626517582 0.0001439629527473369
1.5775775775775767 0.011581159315656129 0.00013412325109460872
1.593593593593594 0.011169575281924474 0.0001247594119785782
1.6096096096096097 0.01076424161379744 0.00011586889752020851
1.6256256256256254 0.010365637982429473 0.00010744645078278455
1.641641641641641 0.009974188065449046 9.948442756494617e-05
1.6576576576576567 0.009590261511075575 9.197311585081758e-05
1.6736736736736741 0.009214176050711636 8.490104029350786e-05
1.6896896896896898 0.00884619973136606 7.825524968722097e-05
1.7057057057057055 0.00848655324115053 7.202158591488256e-05
1.721721721721721 0.008135412303008143 6.618493333993625e-05
1.7377377377377385 0.007792910113770369 6.0729448041304504e-05
1.7537537537537542 0.007459139807599193 5.5638766669310934e-05
1.7697697697697699 0.007134156924844057 5.08961950283004e-05
1.7857857857857855 0.00681798186932463 4.648487677043938e-05
1.8018018018018012 0.006510602339027047 4.2387942816944456e-05
1.8178178178178186 0.0062119757171670426 3.858864231067298e-05
1.8338338338338342 0.0059220314125149305 3.5070456050813576e-05
1.84984984984985 0.005640673139782892 3.1817193469868195e-05
1.8658658658658656 0.005367781132734476 2.8813074288940207e-05
1.8818818818818812 0.005103214284473683 2.6042796033256248e-05
1.8978978978978986 0.0048468122110983955 2.3491588609652517e-05
1.9139139139139143 0.004598397236547249 2.114525714508538e-05
1.92992992992993 0.004357776298022024 1.8990214263602537e-05
1.9459459459459456 0.004124742772826235 1.7013502941982255e-05
1.9619619619619613 0.003899078228822522 1.5202811034477776e-05
1.9779779779779787 0.003680554101989229 1.3546478497669739e-05
1.9939939939939944 0.0034689333057714945 1.203349827989075e-05
2.01001001001001 0.003263971778117294 1.0653511768346172e-05
2.0260260260260257 0.003065419973341042 9.396799612958194e-06
2.0420420420420413 0.002873024307387807 8.25426867084119e-06
2.0580580580580587 0.0026865285668877274 7.217435740703826e-06
2.0740740740740744 0.0025056752949272755 6.278408683608888e-06
2.09009009009009 0.0023302071702839236 5.4298654564426115e-06
2.1061061061061057 0.0021598684029313724 4.665031517981317e-06
2.1221221221221214 0.001994406178594315 3.977656005215178e-06
2.138138138138139 0.0018335722020351238 3.3619870200759328e-06
2.1541541541541545 0.0016771244182297738 2.8127463142225578e-06
2.17017017017017 0.0015248290436143286 2.3251036122497883e-06
2.1861861861861858 0.0013764631385082288 1.8946507716719236e-06
2.2022022022022014 0.0012318181445566839 1.5173759412590713e-06
2.218218218218219 0.0010907052065797123 1.1896378476600928e-06
2.2342342342342345 0.0009529639623545636 9.081403135465101e-07
2.25025025025025 0.0008184785204966223 6.6990708851434e-07
2.266266266266266 0.0006872096160559851 4.7225705639981446e-07
2.2822822822822815 0.0005592672609486347 3.1277986916898823e-07
2.298298298298299 0.00043510004341378375 1.893120477786765e-07
2.3143143143143146 0.00031609110078447225 9.991358399513937e-08
2.33033033033033 0.00020699051597448625 4.284507370338405e-08
2.346346346346346 0.0001286289677290887 1.654541133905094e-08
2.3623623623623615 0.00014003598221127601 1.9610076313876813e-08
2.378378378378379 0.00022532209229093875 5.077004527436632e-08
2.3943943943943946 0.00032995661581735323 1.0887136832164044e-07
2.4104104104104103 0.00043915310829803895 1.9285545252782915e-07
2.426426426426426 0.0005493087490841968 3.017401018204451e-07
2.4424424424424416 0.0006592430266575353 4.346013681965879e-07
2.458458458458459 0.0007684765936041794 5.905562749174831e-07
2.4744744744744747 0.0008767818870664376 7.687464774877835e-07
2.4904904904904903 0.000984034009847921 9.683229325373783e-07
2.506506506506506 0.0010901521214575006 1.1884316479182892e-06
2.5225225225225216 0.001195073466011604 1.428200589164988e-06
2.538538538538539 0.0012987408585761987 1.6867278177352414e-06
2.5545545545545547 0.00140109633322819 1.9630709349854793e-06
2.5705705705705704 0.001502077861669231 2.2562379025168097e-06
2.586586586586586 0.0016016177147728438 2.5651793042741866e-06
2.6026026026026017 0.0016996417588900964 2.8887821085630203e-06
2.618618618618619 0.001796069313522209 3.2258649789761387e-06
2.6346346346346348 0.0018908133625939985 3.575175172164024e-06
2.6506506506506504 0.001983780997878077 3.93538704754214e-06
2.666666666666666 0.0020748740201669224 4.305102199563646e-06
2.6826826826826817 0.0021639896504596187 4.682851207296342e-06
2.698698698698699 0.0022510213190824577 5.067096978963729e-06
2.714714714714715 0.0023358595101416082 5.456239651118994e-06
2.7307307307307305 0.002418392644614132 5.848622983523737e-06
2.746746746746746 0.002498507989166563 6.2425421719291415e-06
2.762762762762762 0.0025760925802777355 6.636252982162002e-06
2.778778778778779 0.002651034154921475 7.0279820905602195e-06
2.794794794794795 0.0027232220802301758 7.4159384982531656e-06
2.8108108108108105 0.0027925482753942345 7.798325870407312e-06
2.826826826826826 0.0028589081196688754 8.173355636708624e-06
2.8428428428428436 0.002922201340833993 8.539260676371987e-06
2.8588588588588593 0.0029823328788313682 8.894309400158595e-06
2.874874874874875 0.0030392137196200014 9.236820033526444e-06
2.8908908908908906 0.0030927616945649996 9.565174899368569e-06
2.9069069069069062 0.003142902240923709 9.877834496003272e-06
2.9229229229229237 0.0031895691192235344 1.0173351166304393e-05
2.9389389389389393 0.0032327050835459776 1.0450382157184007e-05
2.954954954954955 0.0032722625009446765 1.070770187508871e-05
2.9709709709709706 0.0033082039164336746 1.0944213152707103e-05
2.9869869869869863 0.0033405025601872347 1.1158957354617469e-05
3.0030030030030037 0.0033691427937937693 1.1351123164972484e-05
3.0190190190190194 0.003394120492603496 1.1520053918310997e-05
3.035035035035035 0.003415443361401188 1.1665253354939446e-05
3.0510510510510507 0.003433131180820221 1.1786389704720044e-05
3.0670670670670663 0.003447215982090959 1.1883298027183337e-05
3.0830830830830838 0.0034577421478839353 1.195598076125301e-05
3.0990990990990994 0.0034647664371654013 1.2004606464107827e-05
3.115115115115115 0.0034683579321298057 1.202950674536774e-05
3.1311311311311307 0.003468597905411145 1.2031171429422582e-05
3.1471471471471464 0.0034655796059055205 1.2010242004868261e-05
3.163163163163164 0.003459407961664343 1.1967503445226645e-05
3.1791791791791795 0.003450199198447914 1.190387450897063e-05
3.195195195195195 0.003438080372671161 1.1820396648946668e-05
3.211211211211211 0.003423188817639225 1.1718221681210235e-05
3.2272272272272264 0.003405671502175672 1.1598598380731498e-05
3.243243243243244 0.003385684301009543 1.146285818610248e-05
3.2592592592592595 0.0033633911766325388 1.1312400207049613e-05
3.275275275275275 0.0033389632727913025 1.1148675737049208e-05
3.291291291291291 0.0033125779203728926 1.0973172478541997e-05
3.3073073073073065 0.003284417557206902 1.0787398690088954e-05
3.323323323323324 0.003254668564279929 1.0592867463311973e-05
3.3393393393393396 0.00322352002207002 1.03910813326863e-05
3.3553553553553552 0.003191162392189188 1.018351741332262e-05
3.371371371371371 0.003157786131291797 9.971613250978815e-06
3.3873873873873865 0.0031235802462727213 9.756753554905154e-06
3.403403403403404 0.003088730802131045 9.540257968033091e-06
3.4194194194194196 0.0030534193964773444 9.32337001078407e-06
3.4354354354354353 0.0030178216174503855 9.107247314750863e-06
3.451451451451451 0.0029821055046842697 8.892953241068224e-06
3.4674674674674666 0.0029464300357945586 8.681449955832324e-06
3.483483483483484 0.0029109436634630077 8.473593011855436e-06
3.4994994994994997 0.0028757829303958033 8.270127462755872e-06
3.5155155155155153 0.002841071190991606 8.071685512282462e-06
3.531531531531531 0.002806917469261112 7.878785679243207e-06
3.5475475475475466 0.0027734154821828358 7.691833436811452e-06
3.563563563563564 0.0027406428560941298 7.511123264659789e-06
3.5795795795795797 0.0027086605607985403 7.336842033625464e-06
3.5955955955955954 0.0026775125818022404 7.169073625709299e-06
3.611611611611611 0.0026472258455564174 7.007804677381889e-06
3.6276276276276267 0.002617810405968306 6.852931321595948e-06
3.643643643643644 0.0025892598930432505 6.704266793722344e-06
3.65965965965966 0.002561552216709218 6.56154975892791e-06
3.6756756756756754 0.0025346505110840716 6.424453213338745e-06
3.691691691691691 0.0025085042971223805 6.292593808681448e-06
3.7077077077077067 0.0024830508351455626 6.165541449917075e-06
3.723723723723724 0.0024582166335761963 6.042829017590687e-06
3.73973973973974 0.0024339190765273813 5.923962071083901e-06
3.7557557557557555 0.0024100681308865815 5.808428395515142e-06
3.771771771771771 0.002386568093202026 5.695707263489954e-06
3.7877877877877886 0.002363319337931258 5.585278293039839e-06
3.8038038038038042 0.002340220031250165 5.476629794664522e-06
3.81981981981982 0.0023171677783776533 5.36926651315163e-06
3.8358358358358355 0.0022940611769360322 5.262716683525134e-06
3.851851851851851 0.002270801253918473 5.1565383347977086e-06
3.8678678678678686 0.0022472927690674665 5.050324789902922e-06
3.8838838838838843 0.0022234453726135152 4.943709324996453e-06
3.8998998998999 0.0021991746101629856 4.83636896598552e-06
3.9159159159159156 0.0021744027718971284 4.7280274144339155e-06
3.9319319319319312 0.0021490595870455285 4.618457108672298e-06
3.9479479479479487 0.0021230827677744413 4.507480438820782e-06
3.9639639639639643 0.002096418409174466 4.394970146325598e-06
3.97997997997998 0.0020690212539685514 4.280848949373596e-06
3.9959959959959956 0.0020408548319407155 4.165088445055767e-06
4.012012012012011 0.0020118914849734087 4.047707347308507e-06
4.028028028028029 0.001982112289050658 3.9287691264056386e-06
4.044044044044044 0.0019515068847093724 3.8083791210680796e-06
4.06006006006006 0.0019200732272738174 3.6866811980936924e-06
4.076076076076076 0.0018878172678535453 3.563854036806024e-06
4.092092092092091 0.0018547525755797023 3.440107116619539e-06
4.108108108108109 0.0018208999109472785 3.3156764856878064e-06
4.124124124124124 0.0017862867594608267 3.1908203870250615e-06
4.14014014014014 0.0017509468340798015 3.0658148157740797e-06
4.156156156156156 0.0017149195542512767 2.9409490775533977e-06
4.172172172172171 0.0016782495086195928 2.8165214131819047e-06
4.188188188188189 0.001640985907827397 2.6928347496881067e-06
4.2042042042042045 0.0016031820331784553 2.570192631506206e-06
4.22022022022022 0.0015648946863243795 2.448895379286278e-06
4.236236236236236 0.0015261836445676145 2.329236516945687e-06
4.2522522522522515 0.001487111125841709 2.211499500602195e-06
4.268268268268269 0.0014477412669366347 2.0959547759912923e-06
4.2842842842842845 0.0014081396180798719 1.9828571840061272e-06
4.3003003003003 0.0013683726565608702 1.872443727223453e-06
4.316316316316316 0.0013285073216953917 1.764931703798263e-06
4.3323323323323315 0.0012886105730640005 1.6605172090123316e-06
4.348348348348349 0.0012487489736239268 1.5593739991268106e-06
4.364364364364365 0.001208988298983082 1.461652707078006e-06
4.38038038038038 0.0011693931738371664 1.3674803950169612e-06
4.396396396396396 0.0011300267363042495 1.2769604247624336e-06
4.4124124124124116 0.001090950330643757 1.1901726239317224e-06
4.428428428428429 0.0010522232286178774 1.10717372284303e-06
4.444444444444445 0.0010139023795415086 1.0279980352399336e-06
4.46046046046046 0.0009760421888712156 9.526583544565138e-07
4.476476476476476 0.0009386943250038626 8.811470357944572e-07
4.492492492492492 0.0009019075537904909 8.134372355843473e-07
4.508508508508509 0.0008657276001207574 7.494842776108462e-07
4.524524524524525 0.0008301970357970726 6.892271182462459e-07
4.54054054054054 0.0007953551927952159 6.32589882706315e-07
4.556556556556556 0.0007612381008996257 5.794834462612687e-07
4.572572572572572 0.0007278784486060208 5.298070359451076e-07
4.588588588588589 0.0006953055661017119 4.834498302520219e-07
4.604604604604605 0.0006635454290643263 4.4029253643216084e-07
4.62062062062062 0.0006326206819624116 4.002089272465868e-07
4.636636636636636 0.0006025506794963889 3.6306732136156e-07
4.652652652652652 0.0005733515447848107 3.287319939071288e-07
4.668668668668669 0.0005450362428788304 2.970645060514714e-07
4.684684684684685 0.0005176146681764982 2.6792494471146624e-07
4.7007007007007005 0.0004910937443074281 2.4117306569788965e-07
4.716716716716716 0.00046547753506727185 2.166693356523033e-07
4.732732732732732 0.00044076736499922643 1.942758700483613e-07
4.748748748748749 0.00041696194824633235 1.7385726628537718e-07
4.764764764764765 0.00039405752433262166 1.552813324831547e-07
4.7807807807807805 0.0003720479995726308 1.3841971398599628e-07
4.796796796796796 0.0003509250928568551 1.2314842079659237e-07
4.812812812812812 0.0003306784846143523 1.0934826018684441e-07
4.828828828828829 0.0003112959678124978 9.690517957631966e-08
4.844844844844845 0.0002927635999169172 8.57105254363128e-08
4.8608608608608606 0.00027506585480116346 7.566122447749473e-08
4.876876876876876 0.0002581857736652013 6.665989372309857e-08
4.892892892892894 0.00024210511409324494 5.861488627010315e-08
4.908908908908909 0.00022680449645456031 5.144027961200666e-08
4.924924924924925 0.00021226354692461174 4.505581335301686e-08
4.940940940940941 0.00019846103647798373 3.938678299991559e-08
4.956956956956956 0.0001853750152780359 3.436389628933205e-08
4.972972972972974 0.00017298294196091608 2.992309820945366e-08
4.988988988988989 0.00016126180738271738 2.600537052034064e-08
5.005005005005005 0.00015018825246778948 2.255651117932847e-08
5.021021021021021 0.00013973867986316214 1.9526898649899317e-08
5.037037037037036 0.00012988935916819372 1.6871245625124034e-08
5.053053053053054 0.00012061652556975346 1.4548346240518989e-08
5.069069069069069 0.00011189647177111267 1.2520820394823415e-08
5.085085085085085 0.00010370563315704059 1.0754858348502675e-08
5.101101101101101 9.60206661882743e-05 9.219968335240002e-09
5.117117117117116 8.881852006528912e-05 7.888729506588166e-09
5.133133133133134 8.207650174418425e-05 6.7365521385630805e-09
5.1491491491491495 7.577233442637916e-05 5.741446664423044e-09
5.165165165165165 6.988420967869793e-05 4.883802762416218e-09
5.181181181181181 6.439083337137268e-05 4.1461794222598816e-09
5.197197197197196 5.927146564849464e-05 3.5131066401206807e-09
5.213213213213214 5.450595516866247e-05 2.970899148848243e-09
5.2292292292292295 5.007476787308112e-05 2.5074823775429567e-09
5.245245245245245 4.595901055429883e-05 2.1122306511301513e-09
5.261261261261261 4.214044951133392e-05 1.7758174850172832e-09
5.2772772772772765 3.860152458624832e-05 1.4900777003827338e-09
5.293293293293294 3.532535888353237e-05 1.2478809802503593e-09
5.3093093093093096 3.22957644771375e-05 1.0430164031627363e-09
5.325325325325325 2.9497244410848133e-05 8.700874278333114e-10
5.341341341341341 2.691499129616771e-05 7.244167564727837e-10
5.3573573573573565 2.453488280817954e-05 6.01960474411104e-10
5.373373373373374 2.2343474374202452e-05 4.992308471106416e-10
5.38938938938939 2.0327989342682885e-05 4.13227150716229e-10
5.405405405405405 1.8476306910871084e-05 3.4137391706470257e-10
5.421421421421421 1.6776948079649364e-05 2.814659868672505e-10
5.437437437437437 1.521905989258644e-05 2.3161978401413316e-10
5.453453453453454 1.379239820411124e-05 1.9023024822077095e-10
5.46946946946947 1.2487309208798354e-05 1.5593289127614018e-10
5.485485485485485 1.1294709950314146e-05 1.275704728617254e-10
5.501501501501501 1.0206068014761746e-05 1.0416382432194277e-10
5.517517517517517 9.213380599117346e-06 8.48863820641919e-11
5.533533533533534 8.30915313132822e-06 6.904202575986157e-11
5.54954954954955 7.486377604558249e-06 5.60458496380313e-11
5.565565565565565 6.7385107741376795e-06 4.5407527453169595e-11
5.581581581581581 6.059452352105881e-06 3.671696280744149e-11
5.597597597597597 5.4435233209081035e-06 2.963194614527038e-11
5.613613613613614 4.885444474907833e-06 2.3867567717407475e-11
5.62962962962963 4.380315285962952e-06 1.9187162004440697e-11
5.645645645645645 3.923593177442767e-06 1.5394583422075432e-11
5.661661661661661 3.5110732797811184e-06 1.2327635575992939e-11
5.677677677677677 3.138868729995228e-06 9.852496904141852e-12
5.693693693693694 2.803391567582349e-06 7.859004281191819e-12
5.70970970970971 2.501334269848162e-06 6.2566731295168375e-12
5.7257257257257255 2.2296519610312726e-06 4.9713478673306e-12
5.741741741741741 1.9855453215709115e-06 3.9423902240121346e-12
5.757757757757757 1.7664442165103134e-06 3.120325170042735e-12
5.773773773773774 1.569992055330094e-06 2.464875053799613e-12
5.78978978978979 1.3940308894462115e-06 1.9433221207301957e-12
5.8058058058058055 1.2365872481660054e-06 1.5291480223267739e-12
5.821821821821821 1.095858709052144e-06 1.2009063102054317e-12
5.837837837837839 9.702011943688953e-07 9.412903575548309e-13
5.853853853853854 8.581169815524826e-07 7.363647540287437e-13
5.86986986986987 7.582434124248243e-07 5.749330724856422e-13
5.885885885885886 6.693422831280858e-07 4.4801909198311866e-13
5.901901901901901 5.90289894462074e-07 3.4844215950404645e-13
5.917917917917919 5.200677404264703e-07 2.704704546322944e-13
5.933933933933934 4.5775381127166193e-07 2.095385517337323e-13
5.94994994994995 4.0251448621313614e-07 1.6201791161142496e-13
5.965965965965966 3.5359699013392404e-07 1.250308314317704e-13
5.981981981981981 3.103223880555323e-07 9.629998452848835e-14
5.997997997997999 2.7207909087123984e-07 7.40270316893204e-14
6.014014014014014 2.3831684577743307e-07 5.679491898130481e-14
6.03003003003003 2.0854118498158804e-07 4.348942583352492e-14
6.046046046046046 1.8230830658420126e-07 3.323631864959912e-14
6.062062062062061 1.5922036200163968e-07 2.5351123675933182e-14
6.078078078078079 1.389211248954653e-07 1.9299078942221463e-14
6.094094094094094 1.2109201728003713e-07 1.4663276648948814e-14
6.11011011011011 1.0544846927480618e-07 1.1119379672399742e-14
6.126126126126126 9.173658983320781e-08 8.415601914226207e-15
6.142142142142141 7.973012670001023e-08 6.3568931035996844e-15
6.158158158158159 6.922769480919914e-08 4.792473728595616e-15
6.1741741741741745 6.00502533217037e-08 3.6060329240007856e-15
6.19019019019019 5.203881250500351e-08 2.7080380069309095e-15
6.206206206206206 4.505235266470642e-08 2.029714480625079e-15
6.222222222222221 3.896593834252349e-08 1.5183443509133423e-15
6.238238238238239 3.3669011988078255e-08 1.1336023682533571e-15
6.2542542542542545 2.906385228701873e-08 8.447075097616438e-16
6.27027027027027 2.506418327940416e-08 6.282132834635631e-16
6.286286286286286 2.159392132577421e-08 4.662974382237262e-16
6.3023023023023015 1.8586047869883114e-08 3.454411754215867e-16
6.318318318318319 1.5981596803949345e-08 2.554114364040039e-16
6.334334334334335 1.3728746062176745e-08 1.8847846843973345e-16
6.35035035035035 1.1782003849689575e-08 1.3881561471409995e-16
6.366366366366366 1.0101480655901905e-08 1.0203991144156037e-16
6.3823823823823815 8.652238903174126e-09 7.48612380375998e-17
6.398398398398399 7.4037127433511734e-09 5.481496238606056e-17
6.414414414414415 6.329191136709884e-09 4.005866044500695e-17
6.43043043043043 5.405357930579022e-09 2.921789435767353e-17
6.446446446446446 4.611883199331418e-09 2.1269466644275397e-17
6.462462462462462 3.931060614659085e-09 1.5453237556123863e-17
6.478478478478479 3.347486086325439e-09 1.1205663098142404e-17
6.494494494494495 2.8477733503454404e-09 8.109813054937695e-18
6.51051051051051 2.420302585294285e-09 5.8578646043822004e-18
6.526526526526526 2.054998509785953e-09 4.223018875222488e-18
6.542542542542542 1.743134756723555e-09 3.0385187800976872e-18
6.558558558558559 1.4771616343771754e-09 2.1820064940758483e-18
6.574574574574575 1.250554672352256e-09 1.5638869885420586e-18
6.59059059059059 1.0576816137295785e-09 1.118690396021605e-18
6.606606606606606 8.936857547139926e-10 7.986742281787187e-19
6.622622622622622 7.543837516086135e-10 5.690948446910862e-19
6.638638638638639 6.36176213375554e-10 4.0472017446485847e-19
6.654654654654655 5.359695779341637e-10 2.8726338847092554e-19
6.67067067067067 4.511079331028294e-10 2.0349836730830675e-19
6.686686686686686 3.793135900646446e-10 1.4387879960772926e-19
6.702702702702702 3.1863534971235013e-10 1.0152848608631167e-19
6.718718718718719 2.6740352141683956e-10 7.150464326612618e-20
6.734734734734735 2.2419086080531754e-10 5.0261542068629265e-20
6.7507507507507505 1.8777868909726368e-10 3.5260836079086813e-20
6.766766766766766 1.5712754242613897e-10 2.46890645888781e-20
6.782782782782782 1.313517762985198e-10 1.7253289136776388e-20
6.798798798798799 1.0969761877072519e-10 1.2033567563967358e-20
6.814814814814815 9.152422685022665e-11 8.376684100531748e-21
6.8308308308308305 7.62873547880742e-11 5.819760500561507e-21
6.846846846846846 6.35252909924995e-11 4.035462595681739e-21
6.862862862862862 5.2846762879726494e-11 2.792780346866038e-21
6.878878878878879 4.392054665019624e-11 1.9290144180520645e-21
6.894894894894895 3.6466552251109304e-11 1.3298094330828854e-21
6.910910910910911 3.0248183127361745e-11 9.149525825064119e-22
6.926926926926926 2.5065796197167462e-11 6.282941389979348e-22
6.942942942942944 2.075111020019777e-11 4.306085745407519e-22
6.958958958958959 1.7162430502160815e-11 2.9454902074149993e-22
6.974974974974975 1.4180575913204156e-11 2.0108873323014592e-22
6.990990990990991 1.1705408369787217e-11 1.3701658510348464e-22
7.007007007007006 9.652879693173476e-12 9.317808637088086e-23
7.023023023023024 7.952521298656973e-12 6.324259500559278e-23
7.039039039039039 6.545312890131342e-12 4.284112082971949e-23
7.055055055055055 5.381875014946563e-12 2.896457867650607e-23
7.071071071071071 4.4209380346971066e-12 1.9544693106631515e-23
7.087087087087086 3.628046731255343e-12 1.3162723084172581e-23
7.103103103103104 2.974465540526467e-12 8.847445251779409e-24
7.119119119119119 2.436254401034303e-12 5.935335506559011e-24
7.135135135135135 1.9934895195167614e-12 3.9740004644231685e-24
7.151151151151151 1.6296070785187073e-12 2.655619230358276e-24
7.167167167167166 1.3308511183797238e-12 1.7711646992925614e-24
7.183183183183184 1.0858095856051404e-12 1.1789824561920067e-24
7.1991991991991995 8.850249106701512e-13 7.832690925067091e-25
7.215215215215215 7.20667512787245e-13 5.19361663986954e-25
7.231231231231231 5.862623724969133e-13 3.4370356940570953e-25
7.2472472472472464 4.764603047860356e-13 2.2701442203680193e-25
7.263263263263264 3.8684684037792837e-13 1.496504779103864e-25
7.2792792792792795 3.1378271096455897e-13 9.845958970026798e-26
7.295295295295295 2.542708616143259e-13 6.465367106609168e-26
7.311311311311311 2.0584570307355637e-13 4.2372453473846735e-26
7.3273273273273265 1.6648098783480022e-13 2.77159193104509e-26
7.343343343343344 1.3451326366492227e-13 1.8093818101788905e-26
7.35935935935936 1.0857834144428666e-13 1.1789256230792097e-26
7.375375375375375 8.755862331711532e-14 7.666512517188489e-27
7.391391391391391 7.053948318463381e-14 4.975818687955235e-27
7.4074074074074066 5.6773183849197205e-14 3.2231944043747463e-27
7.423423423423424 4.56490616759318e-14 2.0838368318930252e-27
7.43943943943944 3.6668917365871374e-14 1.344609500785103e-27
7.455455455455455 2.942672622556781e-14 8.659322163545204e-28
7.471471471471471 2.3591928209933526e-14 5.565790766626574e-28
7.487487487487487 1.8895681305796678e-14 3.570467720102341e-28
7.503503503503504 1.511956517609956e-14 2.286012511143226e-28
7.51951951951952 1.2086308515202474e-14 1.4607885352465584e-28
7.535535535535535 9.65218592247512e-15 9.31646930820269e-29
7.551551551551551 7.700790531088881e-15 5.930217480370816e-29
7.567567567567567 6.137939035394486e-15 3.767429560221939e-29
7.583583583583584 4.887507754350918e-15 2.3887732048840355e-29
7.5995995995996 3.8880333112088966e-15 1.5116803029070015e-29
7.615615615615615 3.089940549539185e-15 9.547732599686523e-30
7.631631631631631 2.4532844104972943e-15 6.018604398789058e-30
7.647647647647647 1.9459124802911595e-15 3.786575380952892e-30
7.663663663663664 1.541971464548328e-15 2.3776759974813157e-30
7.67967967967968 1.2206945319977568e-15 1.4900951404492225e-30
7.6956956956956954 9.654177749528214e-16 9.320314801948563e-31
7.711711711711711 7.627833614047073e-16 5.818384564358642e-31
7.727727727727727 6.020946398751694e-16 3.6251795536640995e-31
7.743743743743744 4.747947846709874e-16 2.2543008755076933e-31
7.75975975975976 3.7404577019694613e-16 1.3991023820222662e-31
7.7757757757757755 2.9438873365685004e-16 8.666472650408378e-32
7.791791791791791 2.314702880586339e-16 5.357849425394695e-32
7.807807807807807 1.818222166793982e-16 3.305931847821003e-32
7.823823823823824 1.426843277874602e-16 2.0358817396159386e-32
7.83983983983984 1.1186216701817257e-16 1.2513144410001533e-32
7.8558558558558556 8.761285092387916e-17 7.676011647009873e-33
7.871871871871871 6.855356212152096e-17 4.699590879549233e-33
7.887887887887889 5.3588286335732145e-17 2.871704432400417e-33
7.903903903903904 4.184921749112642e-17 1.751357004619602e-33
7.91991991991992 3.2649944241833976e-17 1.0660188589948678e-33
7.935935935935936 2.544808903582918e-17 6.476052355754893e-34
7.951951951951951 1.9815522882197805e-17 3.926549470949048e-34
7.967967967967969 1.5414645006347655e-17 2.376112806717187e-34
7.983983983983984 1.1979512579081455e-17 1.435087216323708e-34
8.0 9.300844807508428e-18 8.650571413335651e-35
