-8.0 0.00037294563156630946 1.3908844410439345e-07
-7.983983983983984 0.00034617718761073237 1.198386452220762e-07
-7.967967967967968 0.0003177228507465187 1.0094780988649459e-07
-7.951951951951952 0.0002875741252499897 8.269887751329675e-08
-7.935935935935936 0.00025572650535345945 6.539604554029291e-08
-7.91991991991992 0.0002221798329690406 4.9363878178150774e-08
-7.903903903903904 0.00018693890635449045 3.494615470901295e-08
-7.887887887887888 0.00015001482899190013 2.2504448917469042e-08
-7.871871871871872 0.00011142905144191835 1.2416433505245686e-08
-7.8558558558558556 7.123135441306448e-05 5.0739058515196005e-09
-7.83983983983984 2.9673796910663322e-05 8.805342230952922e-10
-7.823823823823824 1.5790075906276225e-05 2.493264971259649e-10
-7.807807807807808 5.9998555101222404e-05 3.599826614234421e-09
-7.791791791791792 0.00010656006432203717 1.13550473083167e-08
-7.7757757757757755 0.0001547195887203899 2.3938151133806603e-08
-7.75975975975976 0.0002043744000617937 4.17688954006181e-08
-7.743743743743744 0.00025546009531176683 6.525986029669699e-08
-7.727727727727728 0.0003079163574573659 9.481248318981235e-08
-7.711711711711712 0.0003616806959357248 1.3081292581255022e-07
-7.6956956956956954 0.0004166866984954766 1.7362780470306024e-07
-7.67967967967968 0.0004728634251577876 2.235998188519546e-07
-7.663663663663664 0.0005301351827073406 2.810433119441454e-07
-7.647647647647648 0.0005884214559584678 3.4623980983228304e-07
-7.631631631631632 0.0006476369174812214 4.1943357688457826e-07
-7.615615615615615 0.0007076914847316429 5.008272375616772e-07
-7.5995995995996 0.0007684904110936018 5.905775119428132e-07
-7.583583583583583 0.0008299344045705876 6.887911158899357e-07
-7.5675675675675675 0.0008919197710890266 7.955208780595017e-07
-7.551551551551552 0.0009543385809022913 9.107621269985992e-07
-7.535535535535535 0.0010170788573408537 1.0344494020497766e-06
-7.51951951951952 0.0010800247875385213 1.1664535416976283e-06
-7.503503503503503 0.0011430569549603809 1.3065792022832983e-06
-7.4874874874874875 0.0012060525936540935 1.454562858659766e-06
-7.471471471471472 0.001268885864188402 1.6100713363371477e-06
-7.455455455455455 0.001331428151254843 1.7727009219538894e-06
-7.43943943943944 0.001393548382905111 1.9419770954974496e-06
-7.423423423423423 0.00145511337138485 2.1173549235829847e-06
-7.407407407407407 0.00151598817551012 2.2982201482865022e-06
-7.391391391391391 0.001576036484519106 2.4838910005353426e-06
-7.375375375375375 0.0016351210233208264 2.6736207609057468e-06
-7.35935935935936 0.0016931039790573975 2.866601083899992e-06
-7.343343343343343 0.0017498474488979359 3.0619660944146143e-06
-7.327327327327327 0.0018052139089928733 3.2587972572213303e-06
-7.311311311311311 0.0018590667045384928 3.4561290119236116e-06
-7.295295295295295 0.0019112705609348856 3.6529551570963524e-06
-7.2792792792792795 0.0019616921160683213 3.848235958244608e-06
-7.263263263263263 0.002010200473812765 4.040905944917065e-06
-7.247247247247247 0.0020566677789275664 4.229882352878849e-06
-7.231231231231231 0.0021009698136310543 4.414074157788908e-06
-7.215215215215215 0.0021429866162553123 4.592391637449394e-06
-7.1991991991991995 0.0021826031225382595 4.76375639051376e-06
-7.183183183183183 0.0022197098302872992 4.92711173067407e-06
-7.167167167167167 0.0022542034883566726 5.081433366919392e-06
-7.151151151151151 0.0022859878111197267 5.22574027258796e-06
-7.135135135135135 0.0023149742198886308 5.359105638748975e-06
-7.119119119119119 0.0023410826130377486 5.480667801067654e-06
-7.103103103103103 0.0023642421669207198 5.58964102384598e-06
-7.087087087087087 0.0023843921700313006 5.685326020506575e-06
-7.071071071071071 0.002401482893235724 5.767120086503823e-06
-7.055055055055055 0.0024154764992862067 5.834526718603948e-06
-7.039039039039039 0.002426347995190339 5.887164593764178e-06
-7.023023023023023 0.002434086231327185 5.924775781536579e-06
-7.007007007007007 0.002438694951422046 5.947233066091375e-06
-6.990990990990991 0.0024401938975513785 5.954546257646987e-06
-6.974974974974975 0.0024386199741545387 5.9468673783454825e-06
-6.958958958958959 0.002434028474451474 5.924494614440571e-06
-6.942942942942943 0.0024264943715309626 5.88787493507144e-06
-6.926926926926927 0.002416113674449223 5.837605287860527e-06
-6.910910910910911 0.0024030048466575815 5.774432293059826e-06
-6.894894894894895 0.002387310279565617 5.699250370919664e-06
-6.878878878878879 0.002369197807547592 5.6130982512883175e-06
-6.862862862862863 0.002348862241612286 5.5171538300718935e-06
-6.846846846846847 0.0023265268865784523 5.412727353972427e-06
-6.8308308308308305 0.0023024449901658628 5.30125293273988e-06
-6.814814814814815 0.002276901051179761 5.1842783968635e-06
-6.798798798798799 0.0022502118873594713 5.063453538013873e-06
-6.782782782782783 0.00222272733132902 4.940516789437027e-06
-6.766766766766767 0.0021948303860865083 4.817280423688652e-06
-6.7507507507507505 0.0021669366315972974 4.695614365358241e-06
-6.734734734734735 0.0021394926353082806 4.577428736538372e-06
-6.718718718718719 0.0021129730884466677 4.464655272499849e-06
-6.702702702702703 0.0020878763766305386 4.359227764091866e-06
-6.686686686686687 0.0020647183104587864 4.263061701543785e-06
-6.67067067067067 0.0020440238040070236 4.1780333113473435e-06
-6.654654654654655 0.00202631641001422 4.105958193492916e-06
-6.638638638638639 0.0020121058074245224 4.048569780271491e-06
-6.622622622622623 0.0020018735848940116 4.0074978498964026e-06
-6.606606606606607 0.0019960579495883007 3.984247338114651e-06
-6.59059059059059 0.0019950382699469764 3.980177698553025e-06
-6.574574574574575 0.001999120573547425 3.996483067580585e-06
-6.558558558558559 0.0020085252031751184 4.034173491789651e-06
-6.5425425425425425 0.002023377739239192 4.094057475648702e-06
-6.526526526526526 0.0020437040155891506 4.176726103335219e-06
-6.51051051051051 0.0020694296272445066 4.282538982117337e-06
-6.494494494494495 0.002100383832744244 4.411612244853401e-06
-6.478478478478479 0.0021363072897377174 4.563808836186512e-06
-6.4624624624624625 0.002176862717497552 4.738731290830828e-06
-6.446446446446446 0.00222164740519697 4.93571719301843e-06
-6.43043043043043 0.0022702064848336393 5.153837483780709e-06
-6.414414414414415 0.0023220460282681065 5.3918977573956874e-06
-6.398398398398399 0.002376645253335324 5.648442660201325e-06
-6.382382382382382 0.00243346737686291 5.921763474256052e-06
-6.366366366366366 0.0024919688872972797 6.2099089352576415e-06
-6.35035035035035 0.0025516071991961327 6.5106992989895335e-06
-6.334334334334335 0.002611846786023864 6.82174363366319e-06
-6.318318318318318 0.002672163968998497 7.1404602772138e-06
-6.302302302302302 0.0027320505777289304 7.4641003592689825e-06
-6.286286286286286 0.002791016704993717 7.789774247553985e-06
-6.27027027027027 0.0028485927645698723 8.114480738359827e-06
-6.2542542542542545 0.0029043310367182357 8.435138770844823e-06
-6.238238238238238 0.0029578068574258654 8.748621405835474e-06
-6.222222222222222 0.003008619579132083 9.051791771936914e-06
-6.206206206206206 0.003056393404921443 9.341540645647291e-06
-6.19019019019019 0.003100778176248306 9.614825298297768e-06
-6.1741741741741745 0.0031414501765121084 9.868709211507958e-06
-6.158158158158158 0.0031781129990827903 1.0100402234939007e-05
-6.142142142142142 0.0032104985182866623 1.0307300735920853e-05
-6.126126126126126 0.003238367994912458 1.0487027270473336e-05
-6.11011011011011 0.003261513343489169 1.0637469289757897e-05
-6.094094094094094 0.003279758586462919 1.0756816385477243e-05
-6.078078078078078 0.0032929615200504754 1.0843595572533139e-05
-6.062062062062062 0.0033010156176036688 1.0896704107663332e-05
-6.046046046046046 0.0033038521984279914 1.0915439349057472e-05
-6.03003003003003 0.0033014428927815825 1.0899525174298023e-05
-6.014014014014014 0.003293802436776949 1.0849134492517767e-05
-5.997997997997998 0.0032809918334981273 1.0764907411481401e-05
-5.981981981981982 0.0032631219179464687 1.064796465138264e-05
-5.965965965965966 0.0032403573621483804 1.0499915834429209e-05
-5.94994994994995 0.003212921151011398 1.0322862322616405e-05
-5.933933933933934 0.0031810995465780295 1.0119394325238946e-05
-5.917917917917918 0.003145247534354518 9.892582052363175e-06
-5.901901901901902 0.003105794705109962 9.645960750289077e-06
-5.885885885885886 0.0030632514620128337 9.383509519523762e-06
-5.86986986986987 0.003018215347590116 9.109623884428523e-06
-5.853853853853854 0.0029713771480386407 8.829082155886245e-06
-5.837837837837838 0.002923526244690284 8.547005703392875e-06
-5.821821821821822 0.0028755544387417246 8.268813330167236e-06
-5.8058058058058055 0.0028284571807616504 8.000170023402143e-06
-5.78978978978979 0.0027833308159111894 7.746930430800848e-06
-5.773773773773774 0.0027413641664620725 7.515077493162294e-06
-5.757757757757758 0.0027038226162363604 7.310656740071235e-06
-5.741741741741741 0.002672022984698787 7.139706830758614e-06
-5.7257257257257255 0.0026472980553676234 7.008186993953201e-06
-5.70970970970971 0.0026309507954480277 6.92190208806861e-06
-5.693693693693694 0.0026242000810507773 6.886426065386907e-06
-5.677677677677678 0.002628121892160153 6.907024680051462e-06
-5.661661661661661 0.002643591936880618 6.9885783287402175e-06
-5.645645645645645 0.0026712367835818565 7.1355059539607425e-06
-5.62962962962963 0.0027114001866481788 7.351690972155778e-06
-5.613613613613614 0.0027641291958685715 7.640410211453035e-06
-5.597597597597598 0.0028291813049429724 8.004266856238819e-06
-5.581581581581581 0.00290605030878118 8.445128397167193e-06
-5.565565565565565 0.002994005774079428 8.964070575220953e-06
-5.54954954954955 0.0030921397585833192 9.561328286611708e-06
-5.533533533533534 0.003199414693558005 1.0236254381354865e-05
-5.5175175175175175 0.0033147077159414316 1.0987287242121663e-05
-5.501501501501501 0.003436848552297013 1.1811927971426073e-05
-5.485485485485485 0.0035646497646282236 1.270672794446405e-05
-5.46946946946947 0.0036969294559464944 1.3667287402244842e-05
-5.453453453453454 0.0038325273209003554 1.4688265665447654e-05
-5.4374374374374375 0.003970315282727868 1.5763403444262476e-05
-5.421421421421421 0.004109204011002422 1.6885557604038387e-05
-5.405405405405405 0.004248146492499155 1.804674862173287e-05
-5.38938938938939 0.004386139627842671 1.923822083493184e-05
-5.373373373373374 0.004522224612372285 2.0450515444745658e-05
-5.357357357357357 0.004655486664943009 2.1673556087462184e-05
-5.341341341341341 0.00478505450740747 2.289674663886054e-05
-5.325325325325325 0.004910099872821749 2.4109080761084156e-05
-5.3093093093093096 0.005029837228634617 2.5299262546558763e-05
-5.293293293293294 0.005143523836664469 2.645583745833558e-05
-5.277277277277277 0.005250460228705932 2.756733261322275e-05
-5.261261261261261 0.005349991149990496 2.8622405304976624e-05
-5.245245245245245 0.0054415070083137715 2.9609998521527893e-05
-5.2292292292292295 0.0055244458613154706 3.0519502074605636e-05
-5.213213213213214 0.0055982959759258545 3.1340917834067614e-05
-5.197197197197197 0.005662599000865772 3.206502744460603e-05
-5.181181181181181 0.005716953804349036 3.2683560801060916e-05
-5.165165165165165 0.005761021044231126 3.31893634720739e-05
-5.1491491491491495 0.0057945285564803455 3.3576561191866196e-05
-5.133133133133134 0.005817277669841652 3.3840719488038315e-05
-5.117117117117117 0.0058291505797002045 3.3978996480819225e-05
-5.101101101101101 0.00583011894195435 3.399028687733491e-05
-5.085085085085085 0.00582025387712829 3.387535519422689e-05
-5.069069069069069 0.0057997376039030475 3.3636956274127065e-05
-5.053053053053053 0.005768876945876858 3.32799412166695e-05
-5.037037037037037 0.0057281189690173845 3.2811346923216786e-05
-5.021021021021021 0.005678068998910674 3.224046755639047e-05
-5.005005005005005 0.005619511219014381 3.15789063406285e-05
-4.988988988988989 0.00555343193691041 3.08406062778965e-05
-4.972972972972973 0.005481045385928527 3.0041858522608398e-05
-4.956956956956957 0.005403821550601987 2.9201287350750464e-05
-4.940940940940941 0.005323514897963699 2.8339810868841447e-05
-4.924924924924925 0.005242191987816623 2.7480576837128794e-05
-4.908908908908909 0.005162254665013181 2.6648873226450346e-05
-4.892892892892893 0.005086453910868396 2.5872013387388395e-05
-4.876876876876877 0.005017887601504945 2.517919598133705e-05
-4.8608608608608606 0.004959973800668838 2.460134010332128e-05
-4.844844844844845 0.004916390577756717 2.417089631305503e-05
-4.828828828828829 0.004890974808853253 2.3921634580837114e-05
-4.812812812812813 0.004887577154924198 2.388841044533692e-05
-4.796796796796797 0.004909878915805893 2.410691096787525e-05
-4.7807807807807805 0.004961187594631509 2.4613382349125573e-05
-4.764764764764765 0.005044238430711548 2.5444341345867305e-05
-4.748748748748749 0.00516103409057875 2.6636272884116027e-05
-4.732732732732733 0.005312750371254437 2.8225316507264152e-05
-4.716716716716716 0.005499722222120104 3.0246944520481692e-05
-4.7007007007007005 0.005721506348187995 3.273563489235554e-05
-4.684684684684685 0.005977001099926848 3.5724542148526754e-05
-4.668668668668669 0.006264596526279019 3.924516963706716e-05
-4.652652652652653 0.006582328361521 4.3327046658883734e-05
-4.636636636636636 0.006928016601898923 4.79974140361871e-05
-4.62062062062062 0.00729937817460941 5.3280921735964205e-05
-4.604604604604605 0.007694110875970483 5.919934217172728e-05
-4.588588588588589 0.008109950849064497 6.577130277424195e-05
-4.5725725725725725 0.008544708382942693 7.301204134953112e-05
-4.556556556556556 0.008996287435919443 8.093318762968203e-05
-4.54054054054054 0.009462693816710272 8.95425742688068e-05
-4.524524524524525 0.009942036026051353 9.884408034330299e-05
-4.508508508508509 0.010432521755702556 0.00010883751018320714
-4.4924924924924925 0.010932452153624593 0.000119518510091291
-4.476476476476476 0.011440215260231002 0.00013087852520042229
-4.46046046046046 0.011954279500660869 0.00014290479837992065
-4.444444444444445 0.012473187753373936 0.00015558041273091758
-4.428428428428429 0.012995552270384491 0.0001688843788122955
-4.412412412412412 0.013520050566334763 0.0001827917673162489
-4.396396396396396 0.01404542229588898 0.0001972738874698553
-4.38038038038038 0.01457046708176045 0.00021229851098066485
-4.364364364364365 0.015094043224889093 0.00022783014087482035
-4.348348348348349 0.015615067214091121 0.00024383032410058345
-4.332332332332332 0.016132513948343436 0.0002602580062934955
-4.316316316316316 0.016645417586441145 0.00027706992662700414
-4.3003003003003 0.0171528729433213 0.0002942210502097239
-4.2842842842842845 0.01765403735814914 0.0003116650350429255
-4.268268268268269 0.01814813296526223 0.0003293547301248376
-4.252252252252252 0.018634449304641098 0.00034724270088723914
-4.236236236236236 0.01911234621337043 0.0003652817777797351
-4.22022022022022 0.019581256943390715 0.00038342562348308705
-4.2042042042042045 0.02004069145363016 0.0004016293139396049
-4.188188188188189 0.020490239826324252 0.0004198499281402846
-4.172172172172172 0.020929575757979338 0.00043804714140899644
-4.156156156156156 0.02135846007503872 0.00045618381677702295
-4.14014014014014 0.021776744222899113 0.0004742265889495699
-4.124124124124124 0.02218437367454562 0.0004921464353318728
-4.108108108108109 0.022581391201782274 0.00050991922860793
-4.092092092092092 0.022967939947910968 0.0005275262654508445
-4.076076076076076 0.02334426623585757 0.0005449547660905996
-4.06006006006006 0.023710722040304503 0.0005621983396725817
-4.044044044044044 0.024067767046555246 0.0005792574106072506
-4.028028028028028 0.02441597021288058 0.0005961396014362717
-4.012012012012012 0.024756010747306337 0.0006128600681207468
-3.9959959959959956 0.02508867840460359 0.0006294417840896224
-3.97997997997998 0.02541487300513241 0.0006459157698670082
-3.9639639639639643 0.025735603074758598 0.0006623212656215242
-3.947947947947948 0.026051983504974455 0.0006787058445434611
-3.931931931931932 0.026365232135349 0.0006951254655508396
-3.9159159159159156 0.02667666516727476 0.0007116444644468904
-3.8998998998999 0.026987691329421106 0.0007283354832921111
-3.8838838838838843 0.027299804732025368 0.0007452793384067147
-3.8678678678678677 0.027614576369665488 0.0007625648280760875
-3.851851851851852 0.027933644260730542 0.0007802884816850444
-3.8358358358358355 0.028258702246350825 0.0007985542526479132
-3.81981981981982 0.028591487511540805 0.0008174731581225937
-3.8038038038038042 0.028933766935700527 0.0008371628690894369
-3.7877877877877877 0.029287322426808367 0.0008577472549318323
-3.771771771771772 0.02965393544146833 0.0008793558871667714
-3.7557557557557555 0.030035370938822165 0.0009021235074326431
-3.73973973973974 0.030433361057243962 0.0009261894652405732
-3.723723723723724 0.030849588835640318 0.0009516971313280637
-3.7077077077077076 0.03128567232317107 0.0009787932927128324
-3.691691691691692 0.031743149429840495 0.0010076275357251828
-3.6756756756756754 0.03222346386398769 0.0010383516233937202
-3.65965965965966 0.032727952480528 0.0010711188735676989
-3.643643643643644 0.03325783432631395 0.0011060835440765465
-3.6276276276276276 0.03381420161782059 0.0011434002310506206
-3.611611611611612 0.034398012824232146 0.001183223286256039
-3.5955955955955954 0.03501008795947328 0.0012257062589300558
-3.5795795795795797 0.03565110611387665 0.001271001367142893
-3.563563563563563 0.03632160518423702 0.0013192590031595938
-3.5475475475475475 0.037021983693935744 0.0013706272766340441
-3.531531531531532 0.037752504536018916 0.0014252515987421286
-3.5155155155155153 0.0385133004240999 0.0014832743095569735
-3.4994994994994997 0.03930438080028762 0.0015448343500940181
-3.483483483483483 0.040125639926549 0.0016100669795150635
-3.4674674674674675 0.040976865875610086 0.0016791035369877383
-3.451451451451452 0.04185775013854595 0.0017520712466609434
-3.4354354354354353 0.042767897576904614 0.0018290930631486035
-3.4194194194194196 0.04370683646555582 0.00191028755382684
-3.403403403403403 0.044674028396333665 0.0019957688131564265
-3.3873873873873874 0.04566887783992034 0.0020856464031575673
-3.3713713713713718 0.046690741192480206 0.002180025313103168
-3.3553553553553552 0.04773893516276759 0.0022790059304749273
-3.3393393393393396 0.048812744383620744 0.002382684014260699
-3.323323323323323 0.04991142815806763 0.002491150660777946
-3.3073073073073074 0.05103422627417275 0.002604492251403464
-3.2912912912912917 0.0521803638439932 0.002722790370891513
-3.275275275275275 0.053349055140525896 0.0028461216843868728
-3.2592592592592595 0.054539506422443276 0.0029745577608037317
-3.243243243243243 0.05575091774994465 0.003108164829961094
-3.2272272272272273 0.05698248380648257 0.0032470034607560475
-3.2112112112112117 0.05823339375077556 0.0033911281477328665
-3.195195195195195 0.05950283013169108 0.0035405867936808832
-3.1791791791791795 0.060789966905572874 0.0036954200763806458
-3.163163163163163 0.062093966601641556 0.003855660688325777
-3.1471471471471473 0.06341397668642226 0.0040213324391861075
-3.1311311311311307 0.06474912518292081 0.004192449211953549
-3.115115115115115 0.06609851560458152 0.004369013765129106
-3.0990990990990994 0.06746122126800783 0.004551016374971112
-3.083083083083083 0.06883627905203138 0.004738433313729135
-3.067067067067067 0.07022268267399787 0.004931225161933001
-3.0510510510510507 0.07161937555707235 0.005129334955184972
-3.035035035035035 0.07302524336491702 0.005332686168505356
-3.0190190190190194 0.07443910628222361 0.005541180544096184
-3.003003003003003 0.07585971112122332 0.005754695771395454
-2.986986986986987 0.07728572333541292 0.005973083031477989
-2.9709709709709706 0.07871571902227101 0.006196164421193117
-2.954954954954955 0.08014817699665248 0.006423730275886735
-2.9389389389389393 0.08158147101582834 0.006655536413106441
-2.9229229229229228 0.083013862235749 0.0068913013232959125
-2.906906906906907 0.08444349197607623 0.007130703337113652
-2.8908908908908906 0.08586837486885072 0.007373377802617474
-2.874874874874875 0.08728639246237632 0.007618914309095984
-2.8588588588588593 0.0886952873480638 0.007866853997755606
-2.8428428428428427 0.09009265787362178 0.008116687002733465
-2.826826826826827 0.09147595350120079 0.008367850068953847
-2.8108108108108105 0.09284247086394604 0.008619724396122672
-2.794794794794795 0.09418935056898002 0.008871633760606219
-2.778778778778779 0.09551357478920351 0.009122842969012774
-2.7627627627627627 0.0968119656805441 0.009372556698930846
-2.746746746746747 0.0980811846554827 0.009619918783422896
-2.7307307307307305 0.09931773253792373 0.009864011996474553
-2.714714714714715 0.10051795061880316 0.01010385839660415
-2.698698698698699 0.10167802262632984 0.010338420285200442
-2.6826826826826826 0.10279397761946234 0.010566601834830524
-2.666666666666667 0.10386169380820258 0.010787251440708825
-2.6506506506506504 0.10487690329956172 0.010999164845705619
-2.6346346346346348 0.1058351977636643 0.011201089085673934
-2.618618618618619 0.10673203501043055 0.011391727297467773
-2.6026026026026026 0.107562746463628 0.011569744426798716
-2.586586586586587 0.10832254551584408 0.011733773867032114
-2.5705705705705704 0.10900653674511672 0.011882425053164482
-2.5545545545545547 0.10960972597158651 0.012014292027566285
-2.538538538538538 0.11012703113065014 0.012127962985651185
-2.5225225225225225 0.11055329393771811 0.0122220308004795
-2.506506506506507 0.11088329231888436 0.012295104515475157
-2.4904904904904903 0.111111753581662 0.012345821783991979
-2.4744744744744747 0.11123336830054315 0.012372862223484278
-2.458458458458458 0.11124280489363451 0.012374961640603236
-2.4424424424424425 0.11113472486920395 0.01235092707175366
-2.426426426426427 0.1109037987249026 0.012299652571613707
-2.4104104104104103 0.11054472248806418 0.012220135669963123
-2.3943943943943946 0.11005223489330423 0.01211149440501101
-2.378378378378378 0.10942113520430974 0.01197298482939983
-2.3623623623623624 0.10864630170112684 0.01180401887333228
-2.3463463463463468 0.10772271087366085 0.011604182437970331
-2.33033033033033 0.10664545738824119 0.011373253581547168
-2.3143143143143146 0.10540977492939724 0.011111220650666182
-2.298298298298298 0.10401105806689835 0.010818300200195701
-2.2822822822822824 0.10244488536358137 0.010494954537157328
-2.2662662662662667 0.10070704402970541 0.010141908717201026
-2.25025025025025 0.09879355655511034 0.009760166816807784
-2.2342342342342345 0.09670070992705856 0.009351027300397122
-2.218218218218218 0.09442508829315138 0.008916097299169434
-2.2022022022022023 0.09196361029177652 0.008457305617897747
-2.1861861861861867 0.08931357280445437 0.00797691428709657
-2.17017017017017 0.08647270367650915 0.00747752848112536
-2.1541541541541545 0.08343922715299149 0.0069621046278885105
-2.138138138138138 0.08021194763201778 0.006433956542921562
-2.1221221221221223 0.0767903602662738 0.005896759429824121
-2.1061061061061057 0.0731748016752272 0.005354551600208834
-2.09009009009009 0.0693666618741425 0.0048117337795616135
-2.0740740740740744 0.06536869189903786 0.00427306588059134
-2.058058058058058 0.061185465126254404 0.0037436611427160943
-2.042042042042042 0.056824093087146275 0.003228977555176665
-2.0260260260260257 0.05229537744159679 0.002734806501759071
-2.01001001001001 0.047615738859016994 0.002267258587090101
-1.9939939939939944 0.04281059013560541 0.0018327466277587954
-1.9779779779779778 0.03792051972103334 0.0014379658159132782
-1.9619619619619622 0.033013195668646196 0.0010898710882563199
-1.9459459459459456 0.028207299751511004 0.000795651759271593
-1.92992992992993 0.023721372299988136 0.0005627035037946445
-1.9139139139139143 0.019964914235192248 0.0003985978004185821
-1.8978978978978978 0.017636580547590302 0.00031104897341164065
-1.881881881881882 0.017546481029631304 0.0003078789965232112
-1.8658658658658656 0.0199243631509331 0.0003969802469702607
-1.84984984984985 0.024213145638820502 0.0005862764217267323
-1.8338338338338342 0.029726786753516928 0.0008836818506890694
-1.8178178178178177 0.03601471174496787 0.0012970594620731269
-1.801801801801802 0.04282730057142354 0.001834177674235055
-1.7857857857857855 0.050026657940947565 0.0025026665047405716
-1.7697697697697699 0.0575323665573553 0.0033099732016898947
-1.7537537537537542 0.06529408636182546 0.004263317713825521
-1.7377377377377377 0.07327788428037763 0.0053696483246084125
-1.721721721721722 0.08145917861782659 0.006635597781090976
-1.7057057057057055 0.08981893035940554 0.008067440250907741
-1.6896896896896898 0.09834149398882022 0.009671049439953163
-1.6736736736736741 0.10701335523788996 0.011451858199270831
-1.6576576576576576 0.11582236373994831 0.013414819942308892
-1.641641641641642 0.12475725302778651 0.015564372183039146
-1.6256256256256254 0.1338073334744613 0.01790440249154569
-1.6096096096096097 0.14296229274414649 0.020438217146663037
-1.593593593593594 0.1522120650449256 0.023168512745240663
-1.5775775775775776 0.16154674557164622 0.026097351004790194
-1.561561561561562 0.1709565353265838 0.029226136970869496
-1.5455455455455454 0.18043170678353282 0.03255560081281876
-1.5295295295295297 0.18996258410976657 0.03608578336166014
-1.5135135135135132 0.1995395337080958 0.03981602551244429
-1.4974974974974975 0.20915296216015877 0.04374496158036881
-1.4814814814814818 0.21879331951868758 0.047870516666006516
-1.4654654654654653 0.22845110647639943 0.05218990805029119
-1.4494494494494496 0.2381168843340118 0.056699650604937146
-1.433433433433433 0.2477812869630788 0.06139556616907961
-1.4174174174174174 0.25743503415133967 0.06627279680850143
-1.4014014014014018 0.2670689458553301 0.07132582184027725
-1.3853853853853852 0.2766739569842725 0.07654847847333505
-1.3693693693693696 0.28624113241239735 0.08193398588473158
-1.353353353353353 0.29576168197157765 0.08747497252265664
-1.3373373373373374 0.3052269752178716 0.0931635064006512
-1.3213213213213217 0.31462855579804805 0.09899112812356545
-1.3053053053053052 0.32395815526791666 0.1049488863645916
-1.2892892892892895 0.3332077062352842 0.11102737549457943
-1.273273273273273 0.3423693547178371 0.11721677504990817
-1.2572572572572573 0.35143547162119765 0.1235068907136136
-1.2412412412412417 0.3603986632555407 0.1298871964763806
-1.2252252252252251 0.3692517808209196 0.13634687763942047
-1.2092092092092095 0.3779879288022736 0.14287487432023266
-1.193193193193193 0.3866004722252006 0.14945992512474812
-1.1771771771771773 0.3950830427331578 0.1560906106552902
-1.1611611611611616 0.40342954345599613 0.16275539653311344
-1.145145145145145 0.4116341526486529 0.16944267562677445
-1.1291291291291294 0.41969132608756315 0.17614080919313727
-1.113113113113113 0.42759579822090044 0.18283816665616898
-1.0970970970970972 0.4353425820771281 0.18952316376958103
-1.0810810810810807 0.4429269679446124 0.1961842989326077
-1.065065065065065 0.4503445208431022 0.20281018745340335
-1.0490490490490494 0.4575910768158219 0.20938959358146336
-1.0330330330330328 0.4646627380786218 0.21591146015872184
-1.0170170170170172 0.47155586707014896 0.22236493576828
-1.0010010010010006 0.4782670794542434 0.2287393992896916
-0.984984984984985 0.4847932361327168 0.2350244818000321
-0.9689689689689693 0.4911314343333225 0.24121008579030667
-0.9529529529529528 0.4972789978439707 0.24728640169670388
-0.9369369369369371 0.503233466470112 0.2532439217755254
-0.9209209209209206 0.5089925847976194 0.2590734513789618
-0.9049049049049049 0.5145542903484002 0.26476611771594566
-0.8888888888888893 0.5199167012203677 0.27031337620786905
-0.8728728728728727 0.5250781033071935 0.2757070145726798
-0.8568568568568571 0.5300369371964687 0.2809391547926134
-0.8408408408408405 0.5347917848474546 0.2860022531403262
-0.8248248248248249 0.5393413561514722 0.2908890984553091
-0.8088088088088092 0.5436844754791729 0.29559280887706335
-0.7927927927927927 0.5478200683193555 0.30010682725342336
-0.776776776776777 0.5517471481137161 0.3044249154516189
-0.7607607607607605 0.5554648033908707 0.30854114780605857
-0.7447447447447448 0.5589721853011528 0.31244990394034616
-0.7287287287287292 0.5622684956511436 0.3161458612018
-0.7127127127127126 0.565352975533541 0.3196239869446286
-0.696696696696697 0.568224894643914 0.3228795308930873
-0.6806806806806804 0.5708835413711033 0.32590801780841216
-0.6646646646646648 0.5733282137425425 0.32870524067321455
-0.6486486486486491 0.5755582112996569 0.33126725459446055
-0.6326326326326326 0.5775728279717354 0.3335903716112678
-0.6166166166166169 0.5793713460093783 0.33567115657671887
-0.6006006006006004 0.5809530310308155 0.33750642426389177
-0.5845845845845847 0.582317128226109 0.33909323782550266
-0.5685685685685691 0.5834628597556482 0.3404289087142392
-0.5525525525525525 0.584389423370379 0.3415109981471641
-0.5365365365365369 0.5850959922720341 0.34233732017279617
-0.5205205205205203 0.5855817162223032 0.342905946373858
-0.5045045045045047 0.5858457239004549 0.343215212212448
-0.48848848848848814 0.5858871264995154 0.3432637249978591
-0.4724724724724725 0.5857050225417698 0.34305037343065514
-0.4564564564564568 0.5852985038851715 0.34257433865022
-0.4404404404404403 0.5846666628833022 0.34183510668709693
-0.42442442442442463 0.5838086006528856 0.34083248219628054
-0.4084084084084081 0.5827234363945865 0.3395666033235157
-0.39239239239239243 0.5814103177050077 0.33803795753383803
-0.3763763763763768 0.5798684318104648 0.3362473982103276
-0.36036036036036023 0.5780970176463458 0.33419616181159956
-0.3443443443443446 0.5760953786996893 0.33188588535913843
-0.32832832832832803 0.5738628965270737 0.32931862401044276
-0.3123123123123124 0.5713990448550659 0.32649686846128156
-0.2962962962962967 0.5687034041663083 0.3234235619103474
-0.2802802802802802 0.56577567667091 0.32010211631242613
-0.2642642642642645 0.5626157015601086 0.3165364276419732
-0.24824824824824798 0.5592234704372351 0.3127308898878652
-0.23223223223223233 0.5555991428198258 0.3086904075021252
-0.21621621621621667 0.5517430616062765 0.3044204060306674
-0.20020020020020013 0.547655768400734 0.2999268406625984
-0.18418418418418447 0.5433380185909429 0.2952162024463319
-0.16816816816816793 0.5387907960754746 0.2902955219356437
-0.15215215215215228 0.5340153275391918 0.28517237004679025
-0.13613613613613662 0.5290130961788451 0.279854855928728
-0.12012012012012008 0.5237858547844051 0.2743516216722299
-0.10410410410410442 0.5183356380860104 0.26867183371003156
-0.08808808808808788 0.5126647742812621 0.26282517078885737
-0.07207207207207222 0.506775895662982 0.25682180842501756
-0.05605605605605568 0.5006719482734103 0.25067239978789246
-0.040040040040040026 0.4943562005171674 0.24438805298976976
-0.02402402402402437 0.48783225067203045 0.23798030479573878
-0.008008008008007828 0.48110403324374806 0.23146109080340144
0.008008008008008716 0.47417582411858844 0.22484271217854254
0.02402402402402437 0.467052244475155 0.21813779906927988
0.040040040040040026 0.45973826342512353 0.21135927085714828
0.05605605605605568 0.45223919936095847 0.20452029343864073
0.07207207207207134 0.44456071999731833 0.1976342337645341
0.08808808808808877 0.4367088411017761 0.19071461189645628
0.10410410410410442 0.4286899239196233 0.18377505087021243
0.12012012012012008 0.4205106713069153 0.17682922468299256
0.13613613613613573 0.4121781225955956 0.16989080474642984
0.1521521521521514 0.4036996472244693 0.162973405169161
0.16816816816816882 0.39508293718009657 0.1560905272508521
0.18418418418418447 0.3863359983023907 0.1492555035843048
0.20020020020020013 0.3774671405208796 0.14248144217300948
0.21621621621621578 0.36848496709946277 0.1357811709782922
0.23223223223223144 0.3593983629800808 0.12916718331276192
0.24824824824824887 0.35021648232936814 0.12265158449515662
0.2642642642642645 0.34094873540727755 0.11624604017582175
0.2802802802802802 0.33160477489320905 0.10996172673197585
0.29629629629629584 0.3221944818238746 0.10380928411775507
0.3123123123123115 0.3127279513184557 0.09779877153583842
0.3283283283283289 0.3032154782914359 0.09193962627550424
0.3443443443443446 0.293667543382712 0.08624062603643702
0.36036036036036023 0.28409479936944904 0.08070985502876751
0.3763763763763759 0.2745080583663355 0.07535467410805548
0.39239239239239154 0.2649182801723564 0.07018169516947916
0.408408408408409 0.25533656218576245 0.06519675998884372
0.42442442442442463 0.2457741313880034 0.06040492365952755
0.4404404404404403 0.2362423389965728 0.05581044273457162
0.45645645645645594 0.22675265851205423 0.051416768142284276
0.4724724724724716 0.21731668804385473 0.04722654290235008
0.488488488488489 0.20794615800259061 0.04324160462803838
0.5045045045045047 0.19865294550825097 0.03946299275910413
0.5205205205205203 0.1894490971997963 0.03589096042981787
0.536536536536536 0.18034686256686835 0.03252499083771291
0.5525525525525516 0.17135874048746935 0.02936381794145187
0.5685685685685691 0.16249754238490172 0.026405451281132933
0.5845845845845847 0.1537764763600133 0.023647204681701728
0.6006006006006004 0.14520925786681468 0.02108572857023108
0.616616616616616 0.13681025404182734 0.018717045610989337
0.6326326326326317 0.1285946707240921 0.01653658933863767
0.6486486486486491 0.1205787935327935 0.014539245449824044
0.6646646646646648 0.11278029702480237 0.012719395397002647
0.6806806806806804 0.10521863863222175 0.011070961915618066
0.6966966966966961 0.09791555600073308 0.009587456106932698
0.7127127127127117 0.09089568578173089 0.008262025693731153
0.7287287287287292 0.08418731534446819 0.00708750406490893
0.7447447447447448 0.07782325955297939 0.0060564597274503995
0.7607607607607605 0.07184181087929208 0.005161245790415968
0.7767767767767761 0.06628762414765257 0.004394049115140453
0.7927927927927936 0.061212243699201856 0.0037469387786904776
0.8088088088088092 0.05667374624575418 0.003211913513528135
0.8248248248248249 0.052734692613272294 0.002780947805016315
0.8408408408408405 0.04945741956075162 0.002446036349608217
0.8568568568568562 0.04689601902058976 0.002199236599979517
0.8728728728728736 0.04508557583839924 0.0020327091486800498
0.8888888888888893 0.044031303963957255 0.0019387557287663978
0.9049049049049049 0.043701883689308184 0.0019098546379938206
0.9209209209209206 0.04403059643199181 0.00193869342215693
0.9369369369369362 0.04492436624741761 0.002018198682732114
0.9529529529529537 0.04627702349720912 0.0021415629037612456
0.9689689689689693 0.047981957261035386 0.002302268222599827
0.984984984984985 0.04994103621696998 0.002494107098424707
1.0010010010010006 0.05206918340977933 0.002711199860961239
1.0170170170170163 0.054295572098237474 0.002948009149474904
1.0330330330330337 0.0565628082614701 0.0031993512784238304
1.0490490490490494 0.05882520370605985 0.003460404591059438
1.065065065065065 0.06104682535145789 0.0037267148854914015
1.0810810810810807 0.06319966787194425 0.003994198019124063
1.0970970970970964 0.06526208559939048 0.004259139816782172
1.1131131131131138 0.06721750832301672 0.004518193425154821
1.1291291291291294 0.06905341607272086 0.004768374271312305
1.145145145145145 0.07076053134292774 0.00500705279593346
1.1611611611611607 0.07233218607569654 0.005231945142489188
1.1771771771771764 0.07376382576820335 0.005441101991961861
1.1931931931931938 0.07505261979945323 0.005632895738761279
1.2092092092092095 0.07619715353853931 0.005806006207375734
1.2252252252252251 0.07719718331028931 0.005959405111042411
1.2412412412412408 0.07805343972833957 0.006092339453425537
1.2572572572572565 0.07876746836141058 0.006204314072065817
1.2732732732732739 0.07934149934514255 0.006295073518335256
1.2892892892892895 0.07977833955992726 0.006364583462939054
1.3053053053053052 0.08008128251222447 0.0064130118088027085
1.3213213213213209 0.08025403220167393 0.006440709684627316
1.3373373373373365 0.08030063812111538 0.006448192482658328
1.353353353353354 0.08022543919145397 0.006436121093461679
1.3693693693693696 0.0800330149307834 0.006405283478910998
1.3853853853853852 0.07972814253657026 0.006356576712331663
1.401401401401401 0.07931575885025814 0.0062909896019923035
1.4174174174174166 0.07880092639713766 0.006209586001047108
1.433433433433434 0.07818880286698446 0.006113488893772157
1.4494494494494496 0.07748461353492905 0.006003865334657311
1.4654654654654653 0.07669362622639626 0.005881912303754176
1.481481481481481 0.07582112851160173 0.005748843528772826
1.4974974974974966 0.07487240687920178 0.005605877311884742
1.513513513513514 0.0738527276892135 0.005454225387137123
1.5295295295295297 0.07276731974526286 0.005295082822909323
1.5455455455455454 0.07162135835788892 0.005129618973029145
1.561561561561561 0.07041995079582483 0.0049589694700863905
1.5775775775775767 0.06916812304225409 0.004784229245188401
1.593593593593594 0.06787080778909434 0.0046064465499441876
1.6096096096096097 0.06653283361521632 0.00442661794887006
1.6256256256256254 0.06515891530482189 0.004245684243700952
1.641641641641641 0.06375364527049954 0.004064527285276689
1.6576576576576567 0.06232148605214411 0.0038839676237475934
1.6736736736736741 0.06086676386828861 0.003704762943798004
1.6896896896896898 0.05939366320069363 0.003527607228397428
1.7057057057057055 0.057906222396449665 0.003353130592227089
1.721721721721721 0.05640833027451946 0.003181899724359269
1.7377377377377385 0.05490372372564994 0.003014418878942496
1.7537537537537542 0.05339598629599095 0.0028511313525216545
1.7697697697697699 0.051888547745558414 0.0026924213871430953
1.7857857857857855 0.050384684572870556 0.00253861643950766
1.8018018018018012 0.048887521496569296 0.002389989758077525
1.8178178178178186 0.047400033883519314 0.002246763212158779
1.8338338338338342 0.04592505111056897 0.0021091103195083724
1.84984984984985 0.0444652608436167 0.001977159421890872
1.8658658658658656 0.0430232142125496 0.00185099696117893
1.8818818818818812 0.041601331853570005 0.0017306708119908588
1.8978978978978986 0.040201910780895946 0.0016161936304351177
1.9139139139139143 0.03882713203713937 0.0015075461822294542
1.92992992992993 0.03747906905502773 0.001404680617231537
1.9459459459459456 0.03615969664157995 0.001307523661211088
1.9619619619619613 0.03487090046823704 0.0012159796994656946
1.9779779779779787 0.033614486915535084 0.0011299337305946797
1.9939939939939944 0.032392193077358994 0.001049254172360904
2.01001001001001 0.03120569667635989 0.0009737955050569787
2.0260260260260257 0.030056625577780962 0.0009034007411229167
2.0420420420420413 0.02894656651334939 0.0008379037129117603
2.0580580580580587 0.02787707254088045 0.0007771311734495107
2.0740740740740744 0.026849668671496615 0.0007209047077691469
2.09009009009009 0.025865855000438198 0.0006690424549036937
2.1061061061061057 0.02492710658885326 0.0006213606428920515
2.1221221221221214 0.024034869277317808 0.0005776749411777553
2.138138138138139 0.023190550587767953 0.0005378016365638246
2.1541541541541545 0.022395504915647343 0.0005015586404267843
2.17017017017017 0.0216510123595529 0.0004687663361935124
2.1861861861861858 0.020958250813273193 0.0004392482771520665
2.2022022022022014 0.020318261380088593 0.0004128317455095996
2.218218218218219 0.019731907769838908 0.00038934818423742905
2.2342342342342345 0.019199831084319448 0.0003686335136663993
2.25025025025025 0.01872240222374958 0.0003505283450278632
2.266266266266266 0.01829967494768381 0.00033487810319088643
2.2822822822822815 0.01793134324971661 0.0003215330707391574
2.298298298298299 0.017616706992998055 0.00031034836527714653
2.3143143143143146 0.017354649563440353 0.0003011838614698204
2.33033033033033 0.017143630561220605 0.0002939040688196171
2.346346346346346 0.01698169530948927 0.0002883779755843299
2.3623623623623615 0.016866501372710178 0.0002844788685556343
2.378378378378379 0.016795360599453083 0.00028208413766566103
2.3943943943943946 0.016765293721946576 0.00028107507358314125
2.4104104104104103 0.01677309350166208 0.0002813366656154987
2.426426426426426 0.01681539194793057 0.0002827574063625282
2.4424424424424416 0.016888727266545278 0.0002852291086837499
2.458458458458459 0.016989606812908644 0.00028864673965723177
2.4744744744744747 0.017114563252787488 0.0002929082753336639
2.4904904904904903 0.017260202178303825 0.0002979145792359241
2.506506506506506 0.017423240419921913 0.0003035693067304007
2.5225225225225216 0.017600535122835086 0.0003097788366101514
2.538538538538539 0.01778910426324608 0.0003164522304886399
2.5545545545545547 0.01798613966120676 0.00032350121991243485
2.5705705705705704 0.01818901372991566 0.0003308402204670604
2.586586586586586 0.01839528123123216 0.0003383863715761222
2.6026026026026017 0.018602677231604112 0.000346059600183242
2.618618618618619 0.018809112314548362 0.0003537827060612948
2.6346346346346348 0.01901266593919298 0.0003614814661153489
2.6506506506506504 0.019211578663272035 0.00036908475473508936
2.666666666666666 0.019404243788638788 0.000376524677008927
2.6826826826826817 0.019589198846163707 0.00038373671143454146
2.698698698698699 0.019765117218154504 0.00039065985864738764
2.714714714714715 0.019930800100282284 0.0003972367926374123
2.7307307307307305 0.02008516892963252 0.00040341401093187563
2.746746746746746 0.020227258348210708 0.0004091419802852598
2.762762762762762 0.020356209729021652 0.0004143752745319158
2.778778778778779 0.020471265261799553 0.00041907270141896115
2.794794794794795 0.020571762574982156 0.0004231974154414365
2.8108108108108105 0.020657129857362906 0.000426717013943954
2.826826826826826 0.020726881435178552 0.00042960361402794934
2.8428428428428436 0.020780613756720818 0.0004318339081060145
2.8588588588588593 0.020818001735741967 0.00043338919626935554
2.874874874874875 0.020838795406067423 0.00043425539397593676
2.8908908908908906 0.020842816842262694 0.0004344230139201094
2.9069069069069062 0.020829957304429807 0.0004338871213043688
2.9229229229229237 0.02080017456886852 0.0004326472620954047
2.9389389389389393 0.02075349041016914 0.0004307073642049825
2.954954954954955 0.020689988204128547 0.00042807561188697835
2.9709709709709706 0.020609810624574346 0.00042476429398081766
2.9869869869869863 0.020513157410664905 0.00042078962695471647
3.0030030030030037 0.020400283184455255 0.00041617155400596785
3.0190190190190194 0.020271495301453463 0.00041093352175684996
3.035035035035035 0.0201271517195242 0.000405102236340746
3.0510510510510507 0.01996765887382516 0.0003987074009014487
3.0670670670670663 0.019793469547487754 0.0003917814367273251
3.0830830830830838 0.019605080729484414 0.0003843591904096011
3.0990990990990994 0.01940303145256847 0.0003764776295493614
3.115115115115115 0.019187900605335918 0.0003681755296402505
3.1311311311311307 0.01896030471335152 0.0003594931548231399
3.1471471471471464 0.018720895684909065 0.0003504719352452469
3.163163163163164 0.018470358517365105 0.00034115414376000166
3.1791791791791795 0.01820940896010084 0.0003315825746762007
3.195195195195195 0.017938791130032796 0.00032180022720694327
3.211211211211211 0.017659275075216405 0.00031184999618215933
3.2272272272272264 0.017371654281470455 0.0003017743724749308
3.243243243243244 0.01707674311610873 0.00029161515545356685
3.2592592592592595 0.016775374201810026 0.0002814131796107534
3.275275275275275 0.0164683957124123 0.0002712080573405998
3.291291291291291 0.016156668581016574 0.0002610379396368081
3.3073073073073065 0.01584106360927657 0.00025093929627314636
3.323323323323324 0.015522458465202232 0.0002409467168039284
3.3393393393393396 0.015201734555309146 0.00023109273349008016
3.3553553553553552 0.014879773755624307 0.00022140766701856589
3.371371371371371 0.014557454985070505 0.0002119194956423541
3.3873873873873865 0.01423565060429049 0.00020265374812743618
3.403403403403404 0.013915222623282377 0.00019363342065550966
3.4194194194194196 0.01359701870257936 0.00018487891759829292
3.4354354354354353 0.01328186793544176 0.00017640801585451596
3.451451451451451 0.012970576402987821 0.0001682358522257445
3.4674674674674666 0.012663922500722171 0.00016037493310429733
3.483483483483484 0.012362652043861517 0.00015283516555759333
3.4994994994994997 0.012067473170463047 0.00014562390871984546
3.5155155155155153 0.011779051075767396 0.00013874604424553706
3.531531531531531 0.011498002628314826 0.00013220406444073462
3.5475475475475466 0.011224890937948883 0.000125998176568847
3.563563563563564 0.01096021996711942 0.00012012642172764323
3.5795795795795797 0.010704429298872766 0.00011458480661456572
3.5955955955955954 0.01045788919609206 0.00010936744643773906
3.611611611611611 0.010220896105067422 0.00010446671719058237
3.6276276276276267 0.009993668770184993 9.987341548817084e-05
3.643643643643644 0.009776345133178826 9.557692416302933e-05
3.65965965965966 0.00956898018788365 9.156538183610983e-05
3.6756756756756754 0.00937154494810775 8.782585471440389e-05
3.691691691691691 0.009183926661235176 8.43445089189463e-05
3.7077077077077067 0.009005930363632448 8.110678171459687e-05
3.723723723723724 0.008837281827274406 7.809755009467446e-05
3.73973973973974 0.008677631892848274 7.530129526777753e-05
3.7557557557557555 0.008526562126639369 7.270226169944088e-05
3.771771771771771 0.008383591681140345 7.028460947608559e-05
3.7877877877877886 0.008248185187139215 6.803255888134276e-05
3.8038038038038042 0.008119761462240017 6.593052620367814e-05
3.81981981981982 0.007997702790652646 6.396324992761312e-05
3.8358358358358355 0.007881364513657516 6.211590659713998e-05
3.851851851851851 0.007770084669907475 6.037421577753115e-05
3.8678678678678686 0.007663193438713003 5.872453367913402e-05
3.8838838838838843 0.007560022165472404 5.715393514243405e-05
3.8998998998999 0.007459911783410493 5.565028381626673e-05
3.9159159159159156 0.0073622204863266 5.4202290489287065e-05
3.9319319319319312 0.007266330549695834 5.2799559657442955e-05
3.9479479479479487 0.007171654239169717 5.1432624526200975e-05
3.9639639639639643 0.007077638783850374 5.009297075466301e-05
3.97997997997998 0.00698377042496898 4.877304934867142e-05
3.9959959959959956 0.006889577577822552 4.746627920083526e-05
4.012012012012011 0.006794633165708448 4.616703985654521e-05
4.028028028028029 0.006698556199365579 4.487065515605904e-05
4.044044044044044 0.006601012684681791 4.3573368463329907e-05
4.06006006006006 0.0065017159459821346 4.2272310242238364e-05
4.076076076076076 0.006400426452998775 4.096545878024647e-05
4.092092092092091 0.006296951237564853 3.965159488826953e-05
4.108108108108109 0.006191142982032181 3.8330251423966316e-05
4.124124124124124 0.0060828988561345 3.700165849396241e-05
4.14014014014014 0.005972159173124272 3.5666685189132395e-05
4.156156156156156 0.005858905929989678 3.432677869646821e-05
4.172172172172171 0.005743161290769134 3.298390161178898e-05
4.188188188188189 0.005624986066671534 3.164046825024889e-05
4.2042042042042045 0.0055044782420271806 3.0299280716950637e-05
4.22022022022022 0.005381771591093503 2.896346545870109e-05
4.236236236236236 0.005257034427397778 2.763641097084548e-05
4.2522522522522515 0.0051304685245069405 2.6321707280956426e-05
4.268268268268269 0.00500230824467878 2.5023087774781297e-05
4.2842842842842845 0.00487281990946429 2.3744373870071575e-05
4.3003003003003 0.00474230144355648 2.2489422981557875e-05
4.316316316316316 0.0046110823193927794 2.1262080156216694e-05
4.3323323323323315 0.004479523824345162 2.00661336928759e-05
4.348348348348349 0.004348019663583482 1.8905274994908615e-05
4.364364364364365 0.004216996898267045 1.7783062839993875e-05
4.38038038038038 0.0040869171984968325 1.67028921873692e-05
4.396396396396396 0.003958278360767895 1.5667967581323373e-05
4.4124124124124116 0.003831615997259882 1.4681281150457838e-05
4.428428428428429 0.0037075052455851206 1.3745595146041185e-05
4.444444444444445 0.0035865622690914346 1.28634289100703e-05
4.46046046046046 0.0034694452171577395 1.2037050114858715e-05
4.476476476476476 0.0033568541927630406 1.1268470071470802e-05
4.492492492492492 0.0032495296374087717 1.0559442864397982e-05
4.508508508508509 0.0031482484074136174 9.911468034782379e-06
4.524524524524525 0.0030538167110033434 9.325796504403277e-06
4.54054054054054 0.002967059050249802 8.803439407669257e-06
4.556556556556556 0.0028888024299120203 8.345179479065592e-06
4.572572572572572 0.0028198554269469565 7.951584628882203e-06
4.588588588588589 0.002760982312609941 7.6230233305449355e-06
4.604604604604605 0.002712873280929289 7.359681438380046e-06
4.62062062062062 0.002676112862904397 7.161580055002368e-06
4.636636636636636 0.0026511495756622733 7.028594072534253e-06
4.652652652652652 0.002638270460223753 6.960471021289252e-06
4.668668668668669 0.002637584097828398 6.956849873117243e-06
4.684684684684685 0.0026490148100745256 7.017279463994175e-06
4.7007007007007005 0.0026723091552645927 7.141236221310962e-06
4.716716716716716 0.0027070539162181084 7.328140905311797e-06
4.732732732732732 0.002752703053522069 7.577374100869723e-06
4.748748748748749 0.002808610016515549 7.888290224871472e-06
4.764764764764765 0.0028740615591019967 8.260229845507802e-06
4.7807807807807805 0.0029483097093620254 8.69253014231839e-06
4.796796796796796 0.003030599506616444 9.184533369503834e-06
4.812812812812812 0.0031201912151956972 9.735593219384403e-06
4.828828828828829 0.0032163766908655275 1.034507901754308e-05
4.844844844844845 0.003318490276578286 1.101237771574463e-05
4.8608608608608606 0.0034259150139472096 1.1736893682788907e-05
4.876876876876876 0.003538085121454821 1.2518046326659978e-05
4.892892892892894 0.0036544856838318773 1.3355265613332144e-05
4.908908908908909 0.003774650391499804 1.4247985578049624e-05
4.924924924924925 0.003898158020592982 1.5195635953513393e-05
4.940940940940941 0.004024628189770667 1.6197632065896713e-05
4.956956956956956 0.0041537167902650956 1.7253363173730163e-05
4.972972972972974 0.004285111369173048 1.8362179446216117e-05
4.988988988988989 0.00441852665447045 1.9523377796265825e-05
5.005005005005005 0.004553700341408399 2.0736186799342974e-05
5.021021021021021 0.004690389210066699 2.1999750941910113e-05
5.037037037037036 0.00482836560886121 2.3313114452833687e-05
5.053053053053054 0.004967414315056952 2.467520497743272e-05
5.069069069069069 0.005107329767789094 2.60848173569446e-05
5.085085085085085 0.005247913659354093 2.754059777603527e-05
5.101101101101101 0.005388972864807763 2.9041028537634392e-05
5.117117117117116 0.005530317686889323 3.0584413717920874e-05
5.133133133133134 0.0056717603920483665 3.2168865944808644e-05
5.1491491491491495 0.005813114013240693 3.379229453093532e-05
5.165165165165165 0.005954191395739716 3.5452395177100867e-05
5.181181181181181 0.006094804463189955 3.7146641444520194e-05
5.197197197197196 0.006234763682320372 3.887227817438109e-05
5.213213213213214 0.006373877706016266 4.062631701125118e-05
5.2292292292292295 0.006511953175747739 4.240553416313107e-05
5.245245245245245 0.00664879466562763 4.420647050567842e-05
5.261261261261261 0.006784204751598166 4.6025434111607136e-05
5.2772772772772765 0.006917984190414446 4.7858505258824215e-05
5.293293293293294 0.00704993219419791 4.970154394278817e-05
5.3093093093093096 0.007179846787375734 5.155019989018965e-05
5.325325325325325 0.007307525233804141 5.339992504268426e-05
5.341341341341341 0.007432764522796886 5.5245988451348024e-05
5.3573573573573565 0.007555361903649501 5.708349349511821e-05
5.373373373373374 0.007675115459066352 5.8907397309999317e-05
5.38938938938939 0.0077918247086651545 6.071253229056482e-05
5.405405405405405 0.00790529123445478 6.24936295015476e-05
5.421421421421421 0.00801531932085835 6.424534381532517e-05
5.437437437437437 0.00812171660248862 6.59622805711393e-05
5.453453453453454 0.00822429471347712 6.76390235341277e-05
5.46946946946947 0.008322869932715386 6.927016391689782e-05
5.485485485485485 0.008417263819887996 7.085033021359544e-05
5.501501501501501 0.008507303837664236 7.237421858633662e-05
5.517517517517517 0.008592823955871664 7.383662353660195e-05
5.533533533533534 0.008673665233900955 7.523246858978212e-05
5.54954954954955 0.008749676377990566 7.655683671956611e-05
5.565565565565565 0.008820714270413461 7.780500024027567e-05
5.581581581581581 0.008886644467937969 7.89724498995325e-05
5.597597597597597 0.008947341667263584 8.005492291075108e-05
5.613613613613614 0.009002690135441093 8.104842967476835e-05
5.62962962962963 0.009052584103576828 8.19492789523319e-05
5.645645645645645 0.009096928122394923 8.27541012640196e-05
5.661661661661661 0.009135637378489886 8.345987031126156e-05
5.677677677677677 0.009168637970346814 8.406392223128534e-05
5.693693693693694 0.009195867143438447 8.456397251977078e-05
5.70970970970971 0.009217273483928546 8.49581304775323e-05
5.7257257257257255 0.009232817070720472 8.524491106138736e-05
5.741741741741741 0.00924246958578891 8.542324404423301e-05
5.757757757757757 0.009246214382922462 8.549248041496221e-05
5.773773773773774 0.009244046515185268 8.545239597490889e-05
5.78978978978979 0.009235972721577728 8.530319211372793e-05
5.8058058058058055 0.009222011373539908 8.50454937736994e-05
5.821821821821821 0.009202192382096361 8.468034463711231e-05
5.837837837837839 0.009176557066588362 8.420919959635278e-05
5.853853853853854 0.009145157986078541 8.363391459033613e-05
5.86986986986987 0.009108058734644014 8.295673391372512e-05
5.885885885885886 0.009065333701896935 8.21802751267484e-05
5.901901901901901 0.00901706780018618 8.130751171315443e-05
5.917917917917919 0.008963356160040094 8.03417536517287e-05
5.933933933933934 0.008904303795508285 7.928662608270323e-05
5.94994994994995 0.008840025241149473 7.814604626415981e-05
5.965965965965966 0.00877064416249316 7.692419902507535e-05
5.981981981981981 0.008696292941874212 7.562551093089125e-05
5.997997997997999 0.008617112241602175 7.425462338437008e-05
6.014014014014014 0.008533250546480471 7.281636488900926e-05
6.03003003003003 0.00844486368773463 7.131572270441894e-05
6.046046046046046 0.008352114350443912 6.975781412289113e-05
6.062062062062061 0.008255171566595873 6.814785759393297e-05
6.078078078078079 0.008154210195899842 6.649114391891694e-05
6.094094094094094 0.00804941039650227 6.479300773131884e-05
6.11011011011011 0.007940957087744461 6.3058799469399e-05
6.126126126126126 0.007829039407092363 6.129385803780512e-05
6.142142142142141 0.007713850163347502 5.9503484342576275e-05
6.158158158158159 0.007595585288219673 5.7692915870619134e-05
6.1741741741741745 0.007474443288304612 5.586730247008186e-05
6.19019019019019 0.0073506246994644595 5.403168347237697e-05
6.206206206206206 0.007224331545555977 5.219096628011521e-05
6.222222222222221 0.007095766803390556 5.034990652809943e-05
6.238238238238239 0.006965133875742672 4.851308990701814e-05
6.2542542542542545 0.006832636074149308 4.668491572176646e-05
6.27027027027027 0.00669847611316229 4.4869582238605785e-05
6.286286286286286 0.006562855617630089 4.3071073857858816e-05
6.3023023023023015 0.006425974644494103 4.129315013168112e-05
6.318318318318319 0.006288031220489231 3.953933662984729e-05
6.334334334334335 0.006149220897038919 3.781291764058013e-05
6.35035035035035 0.0060097363235315894 3.611693067837499e-05
6.366366366366366 0.005869766840060053 3.445416275666858e-05
6.3823823823823815 0.005729498090596842 3.2827148370152863e-05
6.398398398398399 0.005589111657468897 3.1238169119654724e-05
6.414414414414415 0.005448784717884174 2.9689254901848117e-05
6.43043043043043 0.005308689723150983 2.818218657668886e-05
6.446446446446446 0.005168994101120095 2.671850001741434e-05
6.462462462462462 0.005029859982268346 2.5299491441224527e-05
6.478478478478479 0.004891443949733212 2.3926223913381642e-05
6.494494494494495 0.004753896813499916 2.259953491340466e-05
6.51051051051051 0.004617363408836637 2.1320044849263486e-05
6.526526526526526 0.004481982418970833 2.0088166403963635e-05
6.542542542542542 0.004347886221899275 1.890411459858155e-05
6.558558558558559 0.004215200761128223 1.7767917456615946e-05
6.574574574574575 0.004084045440047747 1.6679427156374797e-05
6.59059059059059 0.0039545330395557 1.563833156093765e-05
6.606606606606606 0.0038267696584637287 1.4644166018938603e-05
6.622622622622622 0.0037008546761385466 1.3696325333896547e-05
6.638638638638639 0.003576880736758396 1.2794075804993284e-05
6.654654654654655 0.0034549337544964413 1.1936567247958877e-05
6.67067067067067 0.0033350929388798528 1.1122844910966254e-05
6.686686686686686 0.003217430839516898 1.0351861207074412e-05
6.702702702702702 0.0031020134093325694 9.622487191679071e-06
6.718718718718719 0.002988900085408249 8.933523720553438e-06
6.734734734734735 0.0028781438864813667 8.283712231290067e-06
6.7507507507507505 0.0027697915261270974 7.671745098205474e-06
6.766766766766766 0.00266388354061683 7.096275517969257e-06
6.782782782782782 0.0025604544304255864 6.5559268902860135e-06
6.798798798798799 0.002459532814344486 6.049301664837307e-06
6.814814814814815 0.0023611415951434217 5.574989632316422e-06
6.8308308308308305 0.0022652981357234635 5.1315756437122e-06
6.846846846846846 0.0021720144446985114 4.717646747978983e-06
6.862862862862862 0.002081297370350089 4.331798743826195e-06
6.878878878878879 0.001993148801908765 3.972642146550345e-06
6.894894894894895 0.001907565877129674 3.6388075755895017e-06
6.910910910910911 0.001824541195147587 3.3289505727905846e-06
6.926926926926926 0.0017440630336195372 3.041755865238183e-06
6.942942942942944 0.0016661155691884977 2.7759410898923114e-06
6.958958958958959 0.0015906791003311598 2.530260000230349e-06
6.974974974974975 0.0015177302716849904 2.303505177588995e-06
6.990990990990991 0.0014472422989851733 2.09451027197189e-06
7.007007007007006 0.0013791851937794098 1.9021517987403485e-06
7.023023023023024 0.0013135259871284882 1.725350518861869e-06
7.039039039039039 0.0012502289515421824 1.5630724312742646e-06
7.055055055055055 0.001189255820443133 1.4143294064578693e-06
7.071071071071071 0.0011305660044960114 1.2781794905220754e-06
7.087087087087086 0.0010741168041844885 1.1537269090314986e-06
7.103103103103104 0.0010198636180647198 1.0401217994520608e-06
7.119119119119119 0.0009677601461705617 9.365597005160669e-07
7.135135135135135 0.0009177585880921997 8.422808260169879e-07
7.151151151151151 0.0008698098352966126 7.565691495787205e-07
7.167167167167166 0.0008238636573042011 6.787513258266541e-07
7.183183183183184 0.0007798688813815889 6.081954721473708e-07
7.1991991991991995 0.0007377735654553873 5.443098338847547e-07
7.215215215215215 0.0006975251639953705 4.865413544067685e-07
7.231231231231231 0.000659070686658314 4.3437417001226147e-07
7.2472472472472464 0.0006223568495248711 3.8732804815052313e-07
7.263263263263264 0.0005873302188017759 3.449567859177419e-07
7.2792792792792795 0.0005539373468998806 3.068465842904786e-07
7.295295295295295 0.0005221249008349686 2.7261441207192577e-07
7.311311311311311 0.0004918397829331213 2.419063720756999e-07
7.3273273273273265 0.00046302924385508516 2.1439608066501193e-07
7.343343343343344 0.00043564098798503156 1.897830704125744e-07
7.35935935935936 0.000409623271257937 1.677912243560534e-07
7.375375375375375 0.00038492499152657284 1.4816724910173216e-07
7.391391391391391 0.00036149577159394307 1.3067919288030026e-07
7.4074074074074066 0.0003392860350595912 1.1511501358645815e-07
7.423423423423424 0.0003182470751488708 1.0128120084081102e-07
7.43943943943944 0.00029833111671284424 8.900145519913268e-08
7.455455455455455 0.0002794913716029695 7.811542680050919e-08
7.471471471471471 0.0002616820876393884 6.847751499130854e-08
7.487487487487487 0.00024485859140416683 5.995572978443272e-08
7.503503503503504 0.0002289773251016367 5.243061541070062e-08
7.51951951951952 0.00021399587773690662 4.579423568838909e-08
7.535535535535535 0.00019987301087074838 3.99492204745383e-08
7.551551551551551 0.0001865686792146299 3.4807872063891485e-08
7.567567567567567 0.00017404404633350397 3.029133006413888e-08
7.583583583583584 0.0001622614957263907 2.6328792995365506e-08
7.5995995995996 0.0001511846375557578 2.285679463286585e-08
7.615615615615615 0.00014077831129630797 1.9818532931440187e-08
7.631631631631631 0.00013100858457221917 1.7163249231616305e-08
7.647647647647647 0.00012184274844907776 1.4845655349625239e-08
7.663663663663664 0.00011324930944295604 1.2825406089306412e-08
7.67967967967968 0.00010519797850429582 1.1066614681390286e-08
7.6956956956956954 9.765965722859541e-05 9.537408650006748e-09
7.711711711711711 9.060642153948824e-05 8.20952362419144e-09
7.727727727727727 8.401150308264544e-05 7.0579326502053446e-09
7.743743743743744 7.784926856121796e-05 6.0605086155166396e-09
7.75975975975976 7.209519723527738e-05 5.197717464393548e-09
7.7757757757757755 6.67258567990057e-05 4.452339965561414e-09
7.791791791791791 6.17188778403496e-05 3.809219881871997e-09
7.807807807807807 5.7052927078480114e-05 3.2550364882223693e-09
7.823823823823824 5.270767956485061e-05 2.7780994851109702e-09
7.83983983983984 4.866379002392239e-05 2.3681644594924087e-09
7.8558558558558556 4.4902863499811454e-05 2.0162671504827e-09
7.871871871871871 4.140742546528792e-05 1.714574883663374e-09
7.887887887887889 3.816089153972317e-05 1.4562536431065154e-09
7.903903903903904 3.5147536952850416e-05 1.2353493538519854e-09
7.91991991991992 3.235246588156446e-05 1.0466820486177923e-09
7.935935935935936 2.9761580777532784e-05 8.85751690377609e-10
7.951951951951951 2.7361551794104604e-05 7.486545165814689e-10
7.967967967967969 2.5139786411970016e-05 6.320088608394722e-10
7.983983983983984 2.3084399354236073e-05 5.328894935458549e-10
8.0 2.1184182873080556e-05 4.487696040001196e-10
