-8.0 0.0004075414767663677 1.6609005528491183e-07
-7.983983983983984 0.0004244405853518112 1.801498104937881e-07
-7.967967967967968 0.0004418027010944504 1.9518962669435225e-07
-7.951951951951952 0.000459629932823715 2.1125967514753274e-07
-7.935935935935936 0.0004779240130940993 2.284113622919688e-07
-7.91991991991992 0.0004966862968688267 2.466972774972683e-07
-7.903903903903904 0.0005159177610144501 2.6617113613016323e-07
-7.887887887887888 0.0005356190045262603 2.8688771800970205e-07
-7.871871871871872 0.0005557902493913124 3.0890280131845725e-07
-7.8558558558558556 0.0005764313419829007 3.3227309202020787e-07
-7.83983983983984 0.0005975417548675961 3.5705614881024625e-07
-7.823823823823824 0.0006191205888937211 3.83310303592108e-07
-7.807807807807808 0.0006411665754183568 4.1109457743370346e-07
-7.791791791791792 0.0006636780785189873 4.404685919066551e-07
-7.7757757757757755 0.0006866530970257339 4.7149247565503183e-07
-7.75975975975976 0.0007100892662009251 5.042267659737684e-07
-7.743743743743744 0.0007339838588848564 5.387323051035049e-07
-7.727727727727728 0.000758333785919845 5.750701308675252e-07
-7.711711711711712 0.0007831355956595748 6.133013611890772e-07
-7.6956956956956954 0.0008083854723671465 6.534870719342546e-07
-7.67967967967968 0.0008340792333034252 6.956881674280297e-07
-7.663663663663664 0.0008602123243074534 7.399652428904313e-07
-7.647647647647648 0.0008867798136727504 7.863784379374778e-07
-7.631631631631632 0.0009137763841276352 8.349872801893756e-07
-7.615615615615615 0.0009411963227342218 8.858505179284214e-07
-7.5995995995996 0.0009690335085294818 9.390259406529573e-07
-7.583583583583583 0.0009972813977430935 9.945701862844184e-07
-7.5675675675675675 0.0010259330064403063 1.0525385337036455e-06
-7.551551551551552 0.0010549808904542746 1.1129846792236946e-06
-7.535535535535535 0.0010844171224907843 1.1759604955511925e-06
-7.51951951951952 0.001114233266309351 1.241515771750405e-06
-7.503503503503503 0.001144420347908105 1.3096979327061083e-06
-7.4874874874874875 0.0011749688236655411 1.380551736585985e-06
-7.471471471471472 0.0012058685454202948 1.4541189488340576e-06
-7.455455455455455 0.001237108722500096 1.5304379912858195e-06
-7.43943943943944 0.0012686778807431526 1.6095435650869369e-06
-7.423423423423423 0.0013005638185890494 1.69146624622293e-06
-7.407407407407407 0.0013327535603515667 1.776232052629777e-06
-7.391391391391391 0.0013652333068226864 1.8638619820580072e-06
-7.375375375375375 0.0013979883833947421 1.9543715201066443e-06
-7.35935935935936 0.0014310031859264417 2.0477701181316263e-06
-7.343343343343343 0.0014642611246175154 2.144060641066151e-06
-7.327327327327327 0.0014977445661961734 2.2432387855701637e-06
-7.311311311311311 0.001531434774762724 2.3452924693525554e-06
-7.295295295295295 0.0015653118516713968 2.450201192982937e-06
-7.2792792792792795 0.001599354674870354 2.5579353760296556e-06
-7.263263263263263 0.0016335408381564884 2.6684556699250023e-06
-7.247247247247247 0.0016678465908367686 2.7817122505658317e-06
-7.231231231231231 0.0017022467783210855 2.8976440943045144e-06
-7.215215215215215 0.00173671478420242 3.016178241667258e-06
-7.1991991991991995 0.0017712224744085155 3.1372290538498244e-06
-7.183183183183183 0.0018057401440344698 3.2606974677776273e-06
-7.167167167167167 0.0018402364674877465 3.386470256271779e-06
-7.151151151151151 0.0018746784525955507 3.5144193006260487e-06
-7.135135135135135 0.0019090313993390016 3.6444008836622266e-06
-7.119119119119119 0.001943258863889078 3.7762550120834696e-06
-7.103103103103103 0.0019773226286252782 3.90980477767358e-06
-7.087087087087087 0.0020111826788194996 4.044855767583579e-06
-7.071071071071071 0.002044797186664402 4.181195534590651e-06
-7.055055055055055 0.00207812250331735 4.318593138793969e-06
-7.039039039039039 0.0021111131596180032 4.45679877271231e-06
-7.023023023023023 0.0021437218761193476 4.595543482152655e-06
-7.007007007007007 0.002175899583048741 4.734538995511685e-06
-6.990990990990991 0.0022075954507871434 4.873477674336091e-06
-6.974974974974975 0.0022387569314211097 5.012032597986064e-06
-6.958958958958959 0.0022693298118837088 5.149857795104149e-06
-6.942942942942943 0.002299258279156932 5.286588634271696e-06
-6.926926926926927 0.0023284849979598914 5.421842385724275e-06
-6.910910910910911 0.0023569512012941224 5.555218965281806e-06
-6.894894894894895 0.0023845967941597533 5.686301870716972e-06
-6.878878878878879 0.0024113604706946096 5.81465931962853e-06
-6.862862862862863 0.002437179844922413 5.939845596496037e-06
-6.846846846846847 0.00246199159522663 6.061402614966566e-06
-6.8308308308308305 0.002485731622593411 6.178861699560871e-06
-6.814814814814815 0.002508335222590608 6.291745588888673e-06
-6.798798798798799 0.0025297372709706884 6.399570660138227e-06
-6.782782782782783 0.0025498724227034364 6.501849372063492e-06
-6.766766766766767 0.0025686753241603226 6.598092920950137e-06
-6.7507507507507505 0.002586080838086459 6.687814101117961e-06
-6.734734734734735 0.0026020242809086116 6.770530358437978e-06
-6.718718718718719 0.0026164416718391197 6.8457670221362865e-06
-6.702702702702703 0.002629269993146176 6.913060696858892e-06
-6.686686686686687 0.002640447460871064 6.97196279362045e-06
-6.67067067067067 0.0026499138051829883 7.022043174899385e-06
-6.654654654654655 0.002657610559472399 7.062893885819197e-06
-6.638638638638639 0.0026634813571944685 7.094132940122488e-06
-6.622622622622623 0.002667472235385991 7.115408126555136e-06
-6.606606606606607 0.002669531943691503 7.126400798389334e-06
-6.59059059059059 0.002669612257648309 7.1268296061861e-06
-6.574574574574575 0.0026676682948952152 7.1164541315891446e-06
-6.558558558558559 0.002663658832886396 7.095078378013717e-06
-6.5425425425425425 0.0026575466266098593 7.062554072605442e-06
-6.526526526526526 0.0026492987247293816 7.018783732852727e-06
-6.51051051051051 0.002638886782489321 6.963723450796842e-06
-6.494494494494495 0.0026262873696431864 6.897385347947329e-06
-6.478478478478479 0.0026114822715886934 6.819839654822042e-06
-6.4624624624624625 0.0025944587818138316 6.731216370530912e-06
-6.446446446446446 0.0025752099836792632 6.631706460041351e-06
-6.43043043043043 0.0025537350194814543 6.521562549725944e-06
-6.414414414414415 0.002530039344656927 6.401099085512054e-06
-6.398398398398399 0.0025041349648996644 6.270691922433043e-06
-6.382382382382382 0.0024760406538691976 6.130777319613003e-06
-6.366366366366366 0.002445782149064384 5.9818503206819975e-06
-6.35035035035035 0.0024133923233249617 5.824462506283857e-06
-6.334334334334335 0.0023789113292970922 5.659219112658059e-06
-6.318318318318318 0.0023423867140572813 5.4867755181920665e-06
-6.302302302302302 0.0023038735009280405 5.307833108278426e-06
-6.286286286286286 0.0022634342353348305 5.123134537685768e-06
-6.27027027027027 0.002221138991343715 4.933458418867377e-06
-6.2542542542542545 0.002177065335278705 4.7396134740721815e-06
-6.238238238238238 0.0021312982425439626 4.542432198670983e-06
-6.222222222222222 0.0020839299634657546 4.342764092630381e-06
-6.206206206206206 0.0020350598336210304 4.141468526417656e-06
-6.19019019019019 0.0019847940237343958 3.939407316651774e-06
-6.1741741741741745 0.0019332452238068354 3.737437095371941e-06
-6.158158158158158 0.0018805322556973152 3.5364015647180323e-06
-6.142142142142142 0.0018267796079283094 3.337123735942708e-06
-6.126126126126126 0.001772116886055596 3.1403982578433818e-06
-6.11011011011011 0.0017166781715727188 2.9469839447542533e-06
-6.094094094094094 0.0016606012820722979 2.7575966180201597e-06
-6.078078078078078 0.0016040269253479397 2.572902377241165e-06
-6.062062062062062 0.0015470977404136227 2.3935114183929366e-06
-6.046046046046046 0.0014899572192088992 2.2199725150727155e-06
-6.03003003003003 0.0014327485042701614 2.0527682764883846e-06
-6.014014014014014 0.0013756130601702667 1.892311291311006e-06
-5.997997997997998 0.0013186892204326943 1.7389412600853874e-06
-5.981981981981982 0.0012621106173767438 1.5929232104951053e-06
-5.965965965965966 0.0012060045105195462 1.4544468793934901e-06
-5.94994994994995 0.0011504900404402483 1.3236273331522038e-06
-5.933933933933934 0.0010956764502286556 1.2005068835856677e-06
-5.917917917917918 0.0010416613367873555 1.0850583405576205e-06
-5.901901901901902 0.0009885290205502509 9.77189624470038e-07
-5.885885885885886 0.0009363491561992132 8.767497423149787e-07
-5.86986986986987 0.0008851757509159736 7.835361100096578e-07
-5.853853853853854 0.000835046813981446 6.973031815405638e-07
-5.837837837837838 0.000785984937676774 6.177723222547623e-07
-5.821821821821822 0.0007379992139069257 5.446428397272402e-07
-5.8058058058058055 0.0006910890400705669 4.776040613056576e-07
-5.78978978978979 0.0006452505893217743 4.16348323020097e-07
-5.773773773773774 0.0006004870609782384 3.6058471040228263e-07
-5.757757757757758 0.0005568243603398382 3.100533682678699e-07
-5.741741741741741 0.0005143346907177076 2.645401740756799e-07
-5.7257257257257255 0.00047317179597315413 2.2389154850446022e-07
-5.70970970970971 0.0004336232902019974 1.8802915780560563e-07
-5.693693693693694 0.0003961871347345859 1.5696424572920094e-07
-5.677677677677678 0.0003616784743523098 1.3081131880981443e-07
-5.661661661661661 0.00033136218547088917 1.0980089796004397e-07
-5.645645645645645 0.000307068464780358 9.429104206256596e-08
-5.62962962962963 0.00029116549583358683 8.477734596401847e-08
-5.613613613613614 0.00028618371078345024 8.190111631778548e-08
-5.597597597597598 0.0002940330498843517 8.645543442429367e-08
-5.581581581581581 0.00031525993380351636 9.938882586179753e-08
-5.565565565565565 0.00034900755367676224 1.2180627252343807e-07
-5.54954954954955 0.00039365889277013957 1.5496732385701229e-07
-5.533533533533534 0.00044752775417653744 2.0028109075829531e-07
-5.5175175175175175 0.0005092130573177599 2.592979377429003e-07
-5.501501501501501 0.0005776657568916586 3.336977266852128e-07
-5.485485485485485 0.0006521307449076194 4.252745084537666e-07
-5.46946946946947 0.0007320639364096108 5.359176069915347e-07
-5.453453453453454 0.0008170612544338864 6.675890934970761e-07
-5.4374374374374375 0.0009068063221959949 8.222977059746268e-07
-5.421421421421421 0.0010010341308155357 1.0020693310576151e-06
-5.405405405405405 0.0010995063574595883 1.208914230094052e-06
-5.38938938938939 0.0012019947002129096 1.4447912593399227e-06
-5.373373373373374 0.0013082696220464928 1.7115694039696733e-06
-5.357357357357357 0.001418092739076694 2.010987016622041e-06
-5.341341341341341 0.0015312116843883515 2.344609222407413e-06
-5.325325325325325 0.001647356677433697 2.7137840226853894e-06
-5.3093093093093096 0.0017662382903727075 3.1195976983787043e-06
-5.293293293293294 0.0018875460733355335 3.562830178964391e-06
-5.277277277277277 0.002010947812442083 4.0439111043656e-06
-5.261261261261261 0.0021360892683853928 4.562877362511242e-06
-5.245245245245245 0.0022625942928572243 5.119332934070082e-06
-5.2292292292292295 0.0023900652536126975 5.7124119165267285e-06
-5.213213213213214 0.0025180837220178626 6.3407456310913315e-06
-5.197197197197197 0.0026462113930476997 7.002434736695448e-06
-5.181181181181181 0.0027739912192268194 7.695027284347496e-06
-5.165165165165165 0.0029009487484793154 8.415503641303707e-06
-5.1491491491491495 0.0030265936623285047 9.16026919684707e-06
-5.133133133133134 0.0031504215160945473 9.925155729071466e-06
-5.117117117117117 0.003271915687207532 1.0705432264194738e-05
-5.101101101101101 0.003390549541886285 1.1495826195985296e-05
-5.085085085085085 0.0035057888345542214 1.2290555352485045e-05
-5.069069069069069 0.0036170943587563557 1.3083371600147051e-05
-5.053053053053053 0.0037239248732766667 1.3867616461808637e-05
-5.037037037037037 0.0038257403329103688 1.463628909485714e-05
-5.021021021021021 0.0039220054602257925 1.5382126830040932e-05
-5.005005005005005 0.0040121937030037115 1.6097698310422638e-05
-4.988988988988989 0.004095791632278459 1.6775509095042243e-05
-4.972972972972973 0.00417230384851153 1.7408119404304122e-05
-4.956956956956957 0.004241258478986265 1.7988273485572884e-05
-4.940940940940941 0.004302213368707524 1.8509039869885742e-05
-4.924924924924925 0.0043547630907171606 1.8963961576272476e-05
-4.908908908908909 0.004398546930680555 1.9347215101399335e-05
-4.892892892892893 0.004433258035785036 1.96537768118526e-05
-4.876876876876877 0.004458653960257266 1.98795951373178e-05
-4.8608608608608606 0.004474568889666413 2.002176674837052e-05
-4.844844844844845 0.004480927883366023 2.0078714695927104e-05
-4.828828828828829 0.004477763537091508 2.0050366294106252e-05
-4.812812812812813 0.004465235531070087 1.993832834793076e-05
-4.796796796796797 0.004443653582988343 1.9746057165605146e-05
-4.7807807807807805 0.004413504350934348 1.947902065571642e-05
-4.764764764764765 0.0043754827957886875 1.9144849696242788e-05
-4.748748748748749 0.0043305283601712905 1.8753475878247844e-05
-4.732732732732733 0.004279865964718483 1.831725267595567e-05
-4.716716716716716 0.004225051133382449 1.7851057079696312e-05
-4.7007007007007005 0.004168017364629443 1.737236875185257e-05
-4.684684684684685 0.004111121967414715 1.6901323830959836e-05
-4.668668668668669 0.004057183828425329 1.646074061763601e-05
-4.652652652652653 0.004009503027772316 1.607611452971537e-05
-4.636636636636636 0.003971848425352019 1.5775579913971313e-05
-4.62062062062062 0.003948396706096422 1.558983654871307e-05
-4.604604604604605 0.003943607354349841 1.5552038965282152e-05
-4.588588588588589 0.00396202562540209 1.5697647056342818e-05
-4.5725725725725725 0.004008021559753356 1.6064236823447728e-05
-4.556556556556556 0.0040854951405590615 1.6691270543531706e-05
-4.54054054054054 0.004197597658287349 1.761982610085944e-05
-4.524524524524525 0.004346525708413295 1.8892285733897702e-05
-4.508508508508509 0.004533429715040974 2.055198498121649e-05
-4.4924924924924925 0.004758447558997524 2.26428231717295e-05
-4.476476476476476 0.00502084030681431 2.5208837386531213e-05
-4.46046046046046 0.005319186255037713 2.8293742415782132e-05
-4.444444444444445 0.005651587373243697 3.194043983740759e-05
-4.428428428428429 0.006015854049686795 3.6190499947133006e-05
-4.412412412412412 0.006409650603849328 4.1083620863426066e-05
-4.396396396396396 0.006830598049049943 4.6657069707684893e-05
-4.38038038038038 0.007276339142087321 5.2945111310672047e-05
-4.364364364364365 0.007744574256322696 5.997843041169624e-05
-4.348348348348349 0.008233076811757228 6.778355378829457e-05
-4.332332332332332 0.008739695599513243 7.638227917215114e-05
-4.316316316316316 0.009262349494746146 8.579111816282419e-05
-4.3003003003003 0.00979901835063575 9.602076063609615e-05
-4.2842842842842845 0.01034773252216827 0.00010707556835033889
-4.268268268268269 0.010906562500386408 0.00011895310557483502
-4.252252252252252 0.011473609484024056 0.00013164371459188678
-4.236236236236236 0.012046997296174283 0.0001451301438540305
-4.22022022022022 0.012624865797469315 0.00015938723640411055
-4.2042042042042045 0.013205365799015541 0.00017438168588580937
-4.188188188188189 0.013786655398727669 0.0001900718670832668
-4.172172172172172 0.014366897627178092 0.00020640774742981553
-4.156156156156156 0.01494425927633124 0.00022333088531821234
-4.14014014014014 0.015516910785664346 0.00024077452033026653
-4.124124124124124 0.01608302706850252 0.00025866375968618474
-4.108108108108109 0.01664078917295349 0.00027691586429868614
-4.092092092092092 0.01718838668435771 0.0002954406368110053
-4.076076076076076 0.01772402078846417 0.00031414091290990996
-4.06006006006006 0.0182459079260268 0.0003329131560450476
-4.044044044044044 0.018752283979983957 0.000351648154465963
-4.028028028028028 0.019241408945842458 0.00037023181822114616
-4.012012012012012 0.01971157204445796 0.00038854607246385656
-3.9959959959959956 0.02016109724426708 0.0004064698420927938
-3.97997997997998 0.020588349167390028 0.00042388012143836963
-3.9639639639639643 0.020991739361112073 0.00044065312140486196
-3.947947947947948 0.021369732923290106 0.0004566654852127491
-3.931931931931932 0.021720855477453345 0.0004717955626724149
-3.9159159159159156 0.022043700501014778 0.00048592473177843927
-3.8998998998999 0.022336937018331303 0.0004989387553608992
-3.8838838838838843 0.022599317679620628 0.0005107291595844135
-3.8678678678678677 0.02282968725725009 0.0005211946202638471
-3.851851851851852 0.023026991602985037 0.0005302423422839435
-3.8358358358358355 0.023190287123777346 0.0005377894168832333
-3.81981981981982 0.02331875084998932 0.0005437641412038778
-3.8038038038038042 0.023411691189020183 0.0005481072843300453
-3.7877877877877877 0.023468559479601712 0.0005507732840476034
-3.771771771771772 0.02348896248804255 0.0005517313587646701
-3.7557557557557555 0.02347267601789047 0.0005509665194408506
-3.73973973973974 0.023419659839228276 0.000548480466985162
-3.723723723723724 0.023330074183304458 0.0005442923613984892
-3.7077077077077076 0.023204298092222787 0.000538439449952734
-3.691691691691692 0.023042949961101268 0.0005309775429098169
-3.6756756756756754 0.022846910659441305 0.0005219813266804926
-3.65965965965966 0.022617349665555633 0.0005115445058940096
-3.643643643643644 0.02235575468599809 0.0004997797675805256
-3.6276276276276276 0.02206396524974481 0.0004868185625419466
-3.611611611611612 0.02174421074639893 0.0004728107009838107
-3.5955955955955954 0.021399153291176247 0.00045792376157925913
-3.5795795795795797 0.021031935605454903 0.0004423423153120017
-3.563563563563563 0.020646233740629412 0.00042626696767270446
-3.5475475475475475 0.020246313862906453 0.00040991322503531794
-3.531531531531532 0.019837091351501437 0.00039351019328781313
-3.5155155155155153 0.019424189017992255 0.000377299119006691
-3.4994994994994997 0.019013989208384145 0.0003615317856165487
-3.483483483483483 0.018613671831087666 0.0003464687790354264
-3.4674674674674675 0.018231227036168612 0.00033237763924432535
-3.451451451451452 0.017875427715348 0.00031953091600663144
-3.4354354354354353 0.017555744033597293 0.0003082041485731869
-3.4194194194194196 0.01728218130374827 0.0002986737906156263
-3.403403403403403 0.017065025719612263 0.0002912151028110281
-3.3873873873873874 0.01691449190586991 0.0002861000364337387
-3.3713713713713718 0.016840283013568793 0.0002835951319770936
-3.3553553553553552 0.016851096617537437 0.0002839594572135817
-3.3393393393393396 0.016954132510832443 0.00028744260919486556
-3.323323323323323 0.017154672963507093 0.0002942828044848812
-3.3073073073073074 0.017455803659689236 0.00030470508140562015
-3.2912912912912917 0.01785832123285374 0.00031891963725579476
-3.275275275275275 0.01836083664599956 0.0003371203223410804
-3.2592592592592595 0.01896004512755364 0.00035948331123887063
-3.243243243243243 0.019651106076308694 0.0003861659700223365
-3.2272272272272273 0.020428067363408096 0.0004173059362039391
-3.2112112112112117 0.021284276495744336 0.00045302042594729474
-3.195195195195195 0.022212739152605313 0.000493405780661685
-3.1791791791791795 0.023206405634279028 0.0005385372624626974
-3.163163163163163 0.024258382163394574 0.0005884691051853
-3.1471471471471473 0.02536207453472394 0.0006432348247048926
-3.1311311311311307 0.02651127664396862 0.000702847789293036
-3.115115115115115 0.02770021746564828 0.0007673020476442059
-3.0990990990990994 0.028923578774028673 0.0008365734090974422
-3.083083083083083 0.03017649362469034 0.0009106207674809767
-3.067067067067067 0.031454533170429295 0.0009893876569696369
-3.0510510510510507 0.032753687203177964 0.001072804025403624
-3.035035035035035 0.034070342054529246 0.001160788207712624
-3.0190190190190194 0.03540125816210272 0.0012532490794598444
-3.003003003003003 0.036743548659627034 0.0013500883681023797
-2.986986986986987 0.038094659696505 0.0014512030973925225
-2.9709709709709706 0.03945235276191498 0.0015564881384505806
-2.954954954954955 0.04081468901574438 0.0016658388394519246
-2.9389389389389393 0.042180015464853254 0.0017791537046152593
-2.9229229229229228 0.043546952732370685 0.0018963370922753266
-2.906906906906907 0.04491438412457237 0.0020173019012896384
-2.8908908908908906 0.046281445686977875 0.0021419722148766827
-2.874874874874875 0.047647516947055456 0.002270285871219937
-2.8588588588588593 0.04901221205782594 0.0024021969308012986
-2.8428428428428427 0.050375371079974425 0.0025376780114451237
-2.826826826826827 0.05173705116697192 0.0026767224634538706
-2.8108108108108105 0.053097517446529664 0.0028193463589845213
-2.794794794794795 0.0544572334215926 0.002965590271933822
-2.778778778778779 0.05581685074463005 0.0031155208270483084
-2.7627627627627627 0.05717719825003065 0.0032692319997233077
-2.746746746746747 0.058539270160923154 0.0034268461509735487
-2.7307307307307305 0.0599042134186775 0.0035885147853104617
-2.714714714714715 0.06127331411559405 0.0037544190227082573
-2.698698698698699 0.06264798304368274 0.003924769779441561
-2.6826826826826826 0.06402974040463559 0.004099807656285024
-2.666666666666667 0.06542019975768068 0.004279802536334844
-2.6506506506506504 0.06682105131239477 0.004465052898493695
-2.6346346346346348 0.06823404470207851 0.004655884856405249
-2.618618618618619 0.06966097139922069 0.004852650936283042
-2.6026026026026026 0.07110364695710188 0.005055728610600182
-2.586586586586587 0.07256389327995326 0.005265518607944445
-2.5705705705705704 0.07404352113756904 0.0054824430224496325
-2.5545545545545547 0.07554431314827027 0.00570694324904392
-2.538538538538538 0.07706800745619931 0.005939477773268791
-2.5225225225225225 0.07861628232482916 0.0061805198465772464
-2.506506506506507 0.08019074185830478 0.006430555079785276
-2.4904904904904903 0.08179290304600619 0.006690078988693369
-2.4744744744744747 0.08342418430402586 0.006959594526792075
-2.458458458458458 0.08508589566077412 0.007239609640396141
-2.4424424424424425 0.08677923070355374 0.007530634881500603
-2.426426426426427 0.0885052603697295 0.007833181113113612
-2.4104104104104103 0.09026492863116282 0.008147757340788918
-2.3943943943943946 0.09205905008505792 0.008474868702563204
-2.378378378378378 0.09388830942938894 0.008815014647508687
-2.3623623623623624 0.09575326276767837 0.009168687330656063
-2.3463463463463468 0.09765434065699595 0.009536370249152612
-2.33033033033033 0.09959185278536106 0.009918537141221028
-2.3143143143143146 0.10156599414083083 0.010315651165815282
-2.298298298298298 0.10357685251478313 0.010728164376869138
-2.2822822822822824 0.1056244171664273 0.011156517501747462
-2.2662662662662667 0.10770858846440028 0.011601140028993538
-2.25025025025025 0.10982918831425734 0.0120624506057686
-2.2342342342342345 0.11198597117749375 0.01254085774056646
-2.218218218218218 0.11417863548806205 0.01303676080191574
-2.2022022022022023 0.11640683527576667 0.013550551298919477
-2.1861861861861867 0.1186701918119979 0.014082614424696369
-2.17017017017017 0.12096830510155224 0.01463333083914223
-2.1541541541541545 0.1233007650543828 0.015203078662996106
-2.138138138138138 0.12566716218263826 0.015792235651037507
-2.1221221221221223 0.12806709768095775 0.01640118150842397
-2.1061061061061057 0.13050019276142047 0.017030300310767903
-2.09009009009009 0.13296609712856353 0.01767998298560259
-2.0740740740740744 0.13546449649432799 0.0183506298104618
-2.058058058058058 0.13799511904751874 0.019042652880938867
-2.042042042042042 0.14055774080729835 0.019756478500851667
-2.0260260260260257 0.1431521898053034 0.020492549446053606
-2.01001001001001 0.1457783490561275 0.021251327053530146
-1.9939939939939944 0.14843615829114035 0.022033293088232472
-1.9779779779779778 0.1511256144458486 0.022838951341635282
-1.9619619619619622 0.15384677090623758 0.023668828918276354
-1.9459459459459456 0.15659973553469628 0.024523477169536817
-1.92992992992993 0.15938466751114516 0.025403472237638294
-1.9139139139139143 0.16220177303979516 0.026309415177253215
-1.8978978978978978 0.16505129998640833 0.027241931627203352
-1.881881881881882 0.1679335315249172 0.02820167101043035
-1.8658658658658656 0.1708487788855953 0.02918930524669904
-1.84984984984985 0.17379737330950049 0.030205526969281873
-1.8338338338338342 0.1767796573254491 0.0312510472441032
-1.8178178178178177 0.17979597547611073 0.03232659279740621
-1.801801801801802 0.18284666462876703 0.0334329027658648
-1.7857857857857855 0.18593204401364957 0.034570724991093725
-1.7697697697697699 0.18905240513838767 0.03574081188860907
-1.7537537537537542 0.19220800173082023 0.03694391592935499
-1.7377377377377377 0.19539903986410542 0.038180784779814264
-1.721721721721722 0.1986256684176381 0.03945215615435352
-1.7057057057057055 0.20188797002468134 0.04075875244068664
-1.6896896896896898 0.20518595265283981 0.042101275166053415
-1.6736736736736741 0.20851954195658545 0.0434803993777842
-1.6576576576576576 0.21188857453205512 0.04489676801722628
-1.641641641641642 0.21529279219341338 0.046350986370436276
-1.6256256256256254 0.21873183737735677 0.047843616682474444
-1.6096096096096097 0.22220524976801997 0.049375173024468144
-1.593593593593594 0.22571246421886398 0.05094611650375196
-1.5775775775775776 0.2292528100312913 0.05255685090724334
-1.561561561561562 0.23282551163202359 0.05420771886671355
-1.5455455455455454 0.23642969067293523 0.05589899863169984
-1.5295295295295297 0.24006436955830168 0.05763090153142485
-1.5135135135135132 0.24372847638558362 0.059403570201238
-1.4974974974974975 0.24742085126709426 0.06121707764173358
-1.4814814814814818 0.2511402539814709 0.0630714271698777
-1.4654654654654653 0.25488537288591806 0.0649665533111935
-1.4494494494494496 0.2586548350029284 0.06690232367039213
-1.433433433433433 0.2624472171787331 0.06887854180486111
-1.4174174174174174 0.26626105819520873 0.07089495111123234
-1.4014014014014018 0.27009487170249763 0.07295123971998867
-1.3853853853853852 0.2739471598262274 0.07504704637685658
-1.3693693693693696 0.2778164272910469 0.07718196727276153
-1.353353353353353 0.28170119589127846 0.07935556376657645
-1.3373373373373374 0.28560001912985417 0.08156737092697305
-1.3213213213213217 0.2895114968384537 0.08381690680164197
-1.3053053053053052 0.2934342895849112 0.08610368230420153
-1.2892892892892895 0.2973671326685935 0.0884272115915409
-1.273273273273273 0.3013088495006586 0.09078702278741052
-1.2572572572572573 0.30525836416393615 0.09318266889204226
-1.2412412412412417 0.30921471294679004 0.09561373870276577
-1.2252252252252251 0.3131770546467829 0.09807986755723405
-1.2092092092092095 0.31714467944345254 0.10058074769929028
-1.193193193193193 0.3211170161451367 0.10311613805795597
-1.1771771771771773 0.32509363762269683 0.10568587322275735
-1.1611611611611616 0.32907426425337427 0.10828987139389959
-1.145145145145145 0.33305876521094496 0.11092814108383937
-1.1291291291291294 0.33704715745401864 0.11360078634783402
-1.113113113113113 0.34103960228279745 0.11630801032520866
-1.0970970970970972 0.3450363993559664 0.11905011688052994
-1.0810810810810807 0.3490379780836473 0.12182751014472062
-1.065065065065065 0.3530448863394594 0.12464069177044182
-1.0490490490490494 0.3570577764646105 0.12749025573385175
-1.0330330330330328 0.361077388569373 0.130376880536078
-1.0170170170170172 0.3651045311720466 0.13330131868235995
-1.0010010010010006 0.36914005925217924 0.13626438334470242
-0.984984984984985 0.3731848498329579 0.1392669321448473
-0.9689689689689693 0.37723977524675034 0.14230984802821872
-0.9529529529529528 0.3813056742771136 0.14539401723592427
-0.9369369369369371 0.3853833214094669 0.14852030442059247
-0.9209209209209206 0.3894733944602904 0.15168952499242097
-0.9049049049049049 0.39357644089027216 0.15490241482385392
-0.8888888888888893 0.39769284313949615 0.15815959748437589
-0.8728728728728727 0.4018227833516267 0.16146154922044834
-0.8568568568568571 0.40596620787834825 0.1648085619391263
-0.8408408408408405 0.41012279197427653 0.1682007044967757
-0.8248248248248249 0.41429190510554015 0.1716377826359779
-0.8088088088088092 0.4184725773017407 0.17511929795356135
-0.7927927927927927 0.42266346698063373 0.17864440632008927
-0.776776776776777 0.4268628306674896 0.18221187620546192
-0.7607607607607605 0.4310684950166647 0.1858200473959323
-0.7447447447447448 0.43527783152163935 0.18946679061418065
-0.7287287287287292 0.43948773427206017 0.19314946857558896
-0.7127127127127126 0.4436946010826997 0.19686489902993604
-0.696696696696697 0.44789431828046367 0.20060932034792128
-0.6806806806806804 0.4520822493924894 0.20437836021577305
-0.6646646646646648 0.45625322793192075 0.20816700799829718
-0.6486486486486491 0.46040155442919356 0.2119695913208177
-0.6326326326326326 0.4645209978066108 0.21577975740324934
-0.6166166166166169 0.46860480114372133 0.2195904596549466
-0.6006006006006004 0.47264569183150895 0.22339395000688572
-0.5845845845845847 0.4766358960655699 0.22718177741822876
-0.5685685685685691 0.48056715758313817 0.23094479294753675
-0.5525525525525525 0.48443076050667633 0.23467316172507682
-0.5365365365365369 0.48821755611836937 0.23835638210219315
-0.5205205205205203 0.49191799335561864 0.2419833121870185
-0.5045045045045047 0.49552215278783746 0.24554220390349296
-0.48848848848848814 0.49901978380959866 0.2490207446333786
-0.4724724724724725 0.5024003447645201 0.25240610641950867
-0.4564564564564568 0.5056530456980598 0.2556850026237242
-0.4404404404404403 0.5087668934254658 0.2588437518457993
-0.42442442442442463 0.5117307385931944 0.2618683488211363
-0.4084084084084081 0.5145333244078676 0.2647445419262119
-0.39239239239239243 0.5171633367059131 0.2674579168327935
-0.3763763763763768 0.5196094550390573 0.2699939857659861
-0.36036036036036023 0.5218604044554237 0.2723382817383784
-0.3443443443443446 0.5239050076627604 0.27447645705411694
-0.32832832832832803 0.5257322372689455 0.2763943853038108
-0.3123123123123124 0.5273312678050234 0.2780782660048533
-0.2962962962962967 0.5286915272473816 0.2795147309831688
-0.2802802802802802 0.5298027477679675 0.28069095154248863
-0.2642642642642645 0.530655015454482 0.2815947454269966
-0.24824824824824798 0.5312388187560761 0.28221468255335114
-0.23223223223223233 0.5315450954240699 0.2825401884693836
-0.21621621621621667 0.5315652777314805 0.28256164448974597
-0.20020020020020013 0.5312913357696226 0.2822704834638699
-0.18418418418418447 0.5307158186346332 0.2816592801490289
-0.16816816816816793 0.5298318933314574 0.2807218351911969
-0.15215215215215228 0.5286333812375731 0.2794532517586692
-0.13613613613613662 0.5271147919835004 0.2778500039278089
-0.12012012012012008 0.5252713546219826 0.27590999598641264
-0.10410410410410442 0.5230990459725638 0.27363261189740645
-0.08808808808808788 0.5205946160432204 0.2710187542531881
-0.07207207207207222 0.5177556104456551 0.26807087214795294
-0.05605605605605568 0.5145803897359081 0.26479297750075914
-0.040040040040040026 0.5110681456270498 0.2611906494746714
-0.02402402402402437 0.5072189140359059 0.2572710267557637
-0.008008008008007828 0.5030335849410541 0.25304278757864873
0.008008008008008716 0.4985139090446989 0.2485161175110263
0.02402402402402437 0.49366250124648015 0.243702665136931
0.040040040040040026 0.48848284095282846 0.2386154859053463
0.05605605605605568 0.4829792692611072 0.23326897453599302
0.07207207207207134 0.47715698307350024 0.22767878649580459
0.08808808808808877 0.4710220262114093 0.22186174917630158
0.10410410410410442 0.4645812776170387 0.21583576351228
0.12012012012012008 0.4578424367448302 0.20961969688444387
0.13613613613613573 0.45081400626158546 0.2032332682416208
0.1521521521521514 0.4435052721903803 0.19669692646066333
0.16816816816816882 0.4359262816499118 0.19003172303311824
0.18418418418418447 0.42808781835770154 0.18325918022625648
0.20020020020020013 0.42000137608272536 0.17640115591138295
0.21621621621621578 0.41167913025070335 0.16947970628397557
0.23223223223223144 0.4031339079235216 0.1625169477176904
0.24824824824824887 0.3943791563933618 0.1555349189975397
0.2642642642642645 0.38542891065222507 0.14855544516656094
0.2802802802802802 0.3762977600189717 0.14160000419529564
0.29629629629629584 0.3670008142291073 0.13468959764482774
0.3123123123123115 0.3575536693176584 0.12784462644252143
0.3283283283283289 0.3479723736531185 0.12108477282578553
0.3443443443443446 0.33827339451112376 0.11442888943407838
0.36036036036036023 0.32847358561075557 0.10789489644398635
0.3763763763763759 0.3185901560749427 0.10149968754785632
0.39239239239239154 0.3086406413198344 0.09525904547431865
0.408408408408409 0.2986428764270205 0.08918756764060462
0.42442442442442463 0.2886149726075049 0.08329860241323082
0.4404404404404403 0.27857529742764664 0.0776041963369018
0.45645645645645594 0.2685424595346698 0.07211505257292977
0.4724724724724716 0.2585352986915329 0.06684050066952016
0.488488488488489 0.2485728820054504 0.061788477668495566
0.5045045045045047 0.23867450730611703 0.05696552043781771
0.5205205205205203 0.2288597146900047 0.05237676900799035
0.536536536536536 0.2191483072816792 0.04802598058442529
0.5525525525525516 0.20956038224871865 0.04391555380822907
0.5685685685685691 0.20011637300774562 0.04004656274577518
0.5845845845845847 0.19083710332046483 0.03641880000374577
0.6006006006006004 0.18174385351883382 0.03303082829187533
0.616616616616616 0.17285843829873812 0.02988003969107866
0.6326326326326317 0.1642032942131502 0.026962721830450363
0.6486486486486491 0.15580157294834113 0.024274130133177266
0.6646646646646648 0.14767723338031927 0.021808565258865285
0.6806806806806804 0.13985512092229585 0.019559454848189998
0.6966966966966961 0.13236101640983655 0.01751943866504502
0.7127127127127117 0.1252216284480931 0.015680456231192273
0.7287287287287292 0.11846449281732697 0.014033836058466517
0.7447447447447448 0.11211773099434906 0.012570385603321221
0.7607607607607605 0.10620960925127149 0.011280481097307775
0.7767767767767761 0.10076783437314779 0.010154156444254145
0.7927927927927936 0.09581852858204937 0.009181190419629013
0.8088088088088092 0.09138485355353862 0.008351191459001702
0.8248248248248249 0.08748530950791521 0.007653679379695719
0.8408408408408405 0.08413182181401803 0.007078163441745682
0.8568568568568562 0.0813278317681336 0.006614216220105841
0.8728728728728736 0.07906669860791163 0.006251542828754336
0.8888888888888893 0.07733075137292056 0.005980045107900456
0.9049049049049049 0.07609126399908624 0.005789880456978638
0.9209209209209206 0.07530946200565228 0.005671515067580784
0.9369369369369362 0.0749384506181838 0.005615771381053972
0.9529529529529537 0.07492576101953384 0.005613869664356297
0.9689689689689693 0.07521611306201008 0.005657463664157084
0.984984984984985 0.07575401218684663 0.005738670362404909
1.0010010010010006 0.07648590664990965 0.005850093916058692
1.0170170170170163 0.0773617729816104 0.005984843918858226
1.0330330330330337 0.07833612304334306 0.006136548173461783
1.0490490490490494 0.0793685089166064 0.006299360207645431
1.065065065065065 0.08042363961099479 0.00646796180827917
1.0810810810810807 0.0814712273215864 0.006637560881285606
1.0970970970970964 0.08248566526771234 0.0068038849746570864
1.1131131131131138 0.0834456159713497 0.006963170824837971
1.1291291291291294 0.0843335657044826 0.007112150304432283
1.145145145145145 0.08513538137228635 0.0072480331614046415
1.1611611611611607 0.08583989134951853 0.007368486946897147
1.1771771771771764 0.08643850143738531 0.0074716145307408615
1.1931931931931938 0.08692485030760308 0.007555929600999202
1.2092092092092095 0.08729450461962888 0.007620330536786408
1.2252252252252251 0.08754469162969854 0.007664073032539008
1.2412412412412408 0.08767406593336102 0.007686741837287335
1.2572572572572565 0.08768250654895048 0.007688221954706742
1.2732732732732739 0.08757094055257393 0.0076686696292624385
1.2892892892892895 0.08734118971621367 0.007628483421043628
1.3053053053053052 0.08699583695416258 0.00756827564735524
1.3213213213213209 0.08653810977387599 0.007488844443235411
1.3373373373373365 0.08597177831251675 0.007391146666216526
1.353353353353354 0.08530106589751961 0.007276271843252982
1.3693693693693696 0.08453057038835672 0.00714541733018093
1.3853853853853852 0.08366519483459883 0.006999864826711384
1.401401401401401 0.08271008622359396 0.006840958363114349
1.4174174174174166 0.08167058129291506 0.006670083848722648
1.433433433433434 0.08055215855228275 0.006488650247432098
1.4494494494494496 0.07936039580121823 0.006298072421726015
1.4654654654654653 0.07810093254627286 0.006099755664597462
1.481481481481481 0.07677943681898994 0.005895081918241267
1.4974974974974966 0.07540157597595669 0.00568539765965797
1.513513513513514 0.07397299112815252 0.005472003416445732
1.5295295295295297 0.07249927490056823 0.005256144861108162
1.5455455455455454 0.07098595226664647 0.005039005419202612
1.561561561561561 0.06943846423701261 0.004821700315594879
1.5775775775775767 0.06786215420941168 0.004605271973941971
1.593593593593594 0.06626225680768193 0.004390686677247189
1.6096096096096097 0.06464388905262551 0.004178832391848155
1.6256256256256254 0.06301204371721626 0.003970517653420374
1.641641641641641 0.06137158472292874 0.00376647141140362
1.6576576576576567 0.05972724443307064 0.003567343727567768
1.6736736736736741 0.05808362269267811 0.0033737072251053915
1.6896896896896898 0.05644518745240136 0.003186059186536728
1.7057057057057055 0.054816276795320903 0.0030048242017012374
1.721721721721721 0.053201102160118426 0.002830357271051357
1.7377377377377385 0.05160375252068945 0.0026629472742165637
1.7537537537537542 0.05002819924037182 0.00250282071923434
1.7697697697697699 0.04847830126781788 0.0023501456938133125
1.7857857857857855 0.04695781028088805 0.002205035946375875
1.8018018018018012 0.04547037531512324 0.0020675550312981685
1.8178178178178186 0.04401954633582235 0.001937720459611611
1.8338338338338342 0.04260877613056068 0.0018155078033442375
1.84984984984985 0.041241419817508077 0.0017008547085639479
1.8658658658658656 0.03992073119260793 0.0015936647789524599
1.8818818818818812 0.03864985508779366 0.0014938112983074493
1.8978978978978986 0.037431814899551386 0.0014011407666742772
1.9139139139139143 0.036269494493134345 0.0013154762307875025
1.92992992992993 0.03516561381672427 0.001236620395106989
1.9459459459459456 0.034122697796691706 0.001164358504924349
1.9619619619619613 0.03314303845094384 0.0010984609977607418
1.9779779779779787 0.032228650662960164 0.0010386859235551227
1.9939939939939944 0.031381222696672685 0.0009847811379381647
2.01001001001001 0.030602063266943088 0.0009364862761939875
2.0260260260260257 0.029892047744013144 0.0008935345183303612
2.0420420420420413 0.029251566761682425 0.0008556541580131641
2.0580580580580587 0.028680480992923932 0.000822569989985471
2.0740740740740744 0.028178086024457382 0.0007940045320017205
2.09009009009009 0.027743091000899067 0.0007696790982841666
2.1061061061061057 0.02737361397545516 0.0007493147420772339
2.1221221221221214 0.027067195736957803 0.0007326330850627867
2.138138138138139 0.026820832411327707 0.0007193570512365269
2.1541541541541545 0.02663102555976204 0.0007092115223646992
2.17017017017017 0.0264938470474731 0.0007019239313748991
2.1861861861861858 0.02640501484604504 0.000697224809019859
2.2022022022022014 0.026359975302031824 0.0006948482979237278
2.218218218218219 0.026353987301965212 0.0006945326467121436
2.2342342342342345 0.02638220414172024 0.0006960206953754006
2.25025025025025 0.0264397496461828 0.0006990603613528235
2.266266266266266 0.026521786027523676 0.0007034051340897502
2.2822822822822815 0.026623571962432677 0.0007088145840388314
2.298298298298299 0.02674051028469136 0.0007150548902856843
2.3143143143143146 0.026868185446821454 0.0007218993892047882
2.33033033033033 0.027002391464876516 0.0007291291448224362
2.346346346346346 0.02713915142197752 0.0007365335399050243
2.3623623623623615 0.02727472979199959 0.0007439108852265899
2.378378378378379 0.02740563889093018 0.0007510690430200648
2.3943943943943946 0.027528640709290026 0.00075782605930118
2.4104104104104103 0.027640745261087406 0.0007640107985883261
2.426426426426426 0.0277392064331267 0.0007694635735396178
2.4424424424424416 0.027821516155684317 0.0007740367612010035
2.458458458458459 0.027885397557050773 0.0007775953969147732
2.4744744744744747 0.027928797619698072 0.0007800177364820529
2.4904904904904903 0.027949879729774824 0.0007811957769088776
2.506506506506506 0.02794701640593764 0.0007810357259937477
2.5225225225225216 0.027918782407781544 0.0007794584111330523
2.538538538538539 0.02786394835670179 0.0007763996180249444
2.5545545545545547 0.027781474950678856 0.0007718103504351968
2.5705705705705704 0.027670507816827082 0.0007656570028410887
2.586586586586586 0.027530373019270714 0.0007579214385801888
2.6026026026026017 0.02736057322291876 0.000748600967086699
2.618618618618619 0.027160784504203072 0.0007377082148837577
2.6346346346346348 0.026930853796326478 0.0007252708861991122
2.6506506506506504 0.026670796957829652 0.0007113314103657754
2.666666666666666 0.026380797458370176 0.0006959464745395503
2.6826826826826817 0.02606120568376326 0.0006791864416914144
2.698698698698699 0.0257125388729711 0.00066113465529405
2.714714714714715 0.02533548171235422 0.0006418866335970351
2.7307307307307305 0.024930887626658255 0.0006215491578530618
2.746746746746746 0.024499780821407705 0.0006002392602970168
2.762762762762762 0.024043359146962824 0.0005780831190698409
2.778778778778779 0.023562997869541125 0.0005552148685999996
2.794794794794795 0.023060254447595536 0.0005317753351878497
2.8108108108108105 0.022536874420918465 0.000507910708664249
2.826826826826826 0.021994798521426405 0.0004837711619981412
2.8428428428428436 0.02143617110384509 0.0004595094315933231
2.8588588588588593 0.020863349964222035 0.0004352793717296036
2.874874874874875 0.020278917553870023 0.00041123449715665776
2.8908908908908906 0.01968569349125717 0.000387526528231725
2.9069069069069062 0.01908674810432164 0.0003643039531978257
2.9229229229229237 0.018485416474176196 0.0003417106222237447
2.9389389389389393 0.01788531206517164 0.00031988438766857426
2.954954954954955 0.017290338478266026 0.0002989558046930067
2.9709709709709706 0.016704697118480286 0.00027904690582016353
2.9869869869869863 0.01613288760128948 0.00026027006235583973
3.0030030030030037 0.01557969655416885 0.00024272694471998076
3.0190190190190194 0.015050169192669324 0.00022650759272797277
3.035035035035035 0.014549556890305793 0.00021168960570424478
3.0510510510510507 0.0140832333299629 0.0001983374610261779
3.0670670670670663 0.013656572348108673 0.00018650196829912642
3.0830830830830838 0.013274783044224126 0.00017621986487122038
3.0990990990990994 0.01294270284091523 0.00016751355682823515
3.115115115115115 0.01266455715704287 0.00016039100798400578
3.1311311311311307 0.01244370434080315 0.00015484577772132313
3.1471471471471464 0.012282394182850315 0.00015085720686291526
3.163163163163164 0.012181574162783385 0.0001483907490833917
3.1791791791791795 0.012140776076181832 0.00014739844373198911
3.195195195195195 0.012158105294141809 0.0001478195243434391
3.211211211211211 0.0122303375092597 0.00014958115559040477
3.2272272272272264 0.012353108515464771 0.00015259928999484824
3.243243243243244 0.012521167452976307 0.0001567796343854732
3.2592592592592595 0.012728657230065254 0.00016201871488049247
3.275275275275275 0.012969388116037992 0.00016820502810442747
3.291291291291291 0.013237079187925292 0.0001752202654274049
3.3073073073073065 0.013525553454725031 0.00018294059625662421
3.323323323323324 0.013828882667126816 0.0001912379958211605
3.3393393393393396 0.01414148515820417 0.00019998160247970884
3.3553553553553552 0.014458184165051919 0.0002090390893505581
3.371371371371371 0.01477423551375444 0.00021827803501588293
3.3873873873873865 0.015085333214349777 0.00022756727818796458
3.403403403403404 0.015387600252808819 0.00023677824154024203
3.4194194194194196 0.01567757029632003 0.0002457862103960561
3.4354354354354353 0.015952164512228147 0.0002544715526251911
3.451451451451451 0.0162086664137815 0.00026272086691324847
3.4674674674674666 0.016444696638435893 0.0002704280475301847
3.483483483483484 0.016658188821675104 0.00027749525481858144
3.4994994994994997 0.01684736720780558 0.00028383378183464275
3.5155155155155153 0.017010726289292778 0.00028936480888923637
3.531531531531531 0.017147012542570318 0.0002940200391350638
3.5475475475475466 0.017255208193790023 0.0002977422098110383
3.563563563563564 0.017334516874348574 0.00030048547526707544
3.5795795795795797 0.017384350992558778 0.0003022156594324794
3.5955955955955954 0.01740432063998415 0.00030291037693937835
3.611611611611611 0.017394223858794577 0.00030255902364985853
3.6276276276276267 0.017354038113436044 0.0003011626388425908
3.643643643643644 0.017283912831689854 0.00029873364277345325
3.65965965965966 0.017184162904180563 0.0002952954547174154
3.6756756756756754 0.017055263056001954 0.0002908819979094251
3.691691691691691 0.016897843028476342 0.00028553709901502647
3.7077077077077067 0.016712683532674574 0.0002793137908633319
3.723723723723724 0.01650071295895428 0.00027227352815380174
3.73973973973974 0.01626300484823492 0.0002644853266937125
3.7557557557557555 0.016000776150766158 0.00025602483742692705
3.771771771771771 0.015715386316288577 0.0002469733670701902
3.7877877877877886 0.01540833727487199 0.0002374168575762095
3.8038038038038042 0.015081274378875657 0.00022744483689093138
3.81981981981982 0.01473598838101088 0.00021714935356528767
3.8358358358358355 0.014374418517665494 0.00020662390772100463
3.851851851851851 0.013998656744820804 0.00019596239065931703
3.8678678678678686 0.013610953127764402 0.00018525804504619954
3.8838838838838843 0.013213722303542553 0.00017460245711513792
3.8998998998999 0.01280955080037426 0.00016408459170736884
3.9159159159159156 0.012401204789466904 0.00015378988023029687
3.9319319319319312 0.011991637534921235 0.00014379937076893184
3.9479479479479487 0.011583995366262827 0.00013418894864559866
3.9639639639639643 0.011181620397037031 0.00012502863470343457
3.97997997997998 0.010788047437037181 0.0001163819675037645
3.9959959959959956 0.010406991615802073 0.00010830547449137466
4.012012012012011 0.01004232224189993 0.00010084823601015805
4.028028028028029 0.009698017573717134 9.405154486012636e-05
4.044044044044044 0.009378094843336496 8.794866289061458e-05
4.06006006006006 0.009086510603014795 8.25646749387003e-05
4.076076076076076 0.008827028903375835 7.79164392610324e-05
4.092092092092091 0.008603059483998473 7.401263248521607e-05
4.108108108108109 0.008417475039273977 7.085388603680044e-05
4.124124124124124 0.008272424674289713 6.843300999179728e-05
4.14014014014014 0.008169167605913673 6.673529937350934e-05
4.156156156156156 0.008107953938327566 6.57389170660415e-05
4.172172172172171 0.00808797544281417 6.541534676356507e-05
4.188188188188189 0.008107398394137951 6.572990872127063e-05
4.2042042042042045 0.00816347539510461 6.664233052647837e-05
4.22022022022022 0.008252718623013924 6.810736467064084e-05
4.236236236236236 0.00837110771508153 7.007544437749748e-05
4.2522522522522515 0.008514303784246533 7.249336893043483e-05
4.268268268268269 0.0086778459102898 7.53050096427334e-05
4.2842842842842845 0.008857314921912022 7.845202762592538e-05
4.3003003003003 0.009048458135544862 8.187459463070802e-05
4.316316316316316 0.009247275731650274 8.551210845716814e-05
4.3323323323323315 0.009450073796048779 8.930389475076776e-05
4.348348348348349 0.009653490944251723 9.318988741075e-05
4.364364364364365 0.009854505585292517 9.71112803305614e-05
4.38038038038038 0.010050430028458329 0.00010101114375693687
4.396396396396396 0.010238896385162148 0.0001048349991860865
4.4124124124124116 0.010417837942784799 0.0001085313474021266
4.428428428428429 0.010585468576977623 0.00011205214499418067
4.444444444444445 0.010740261889446911 0.00011535322545390571
4.46046046046046 0.010880931106478153 0.00011839466174392386
4.476476476476476 0.011006410315316035 0.00012114106802909523
4.492492492492492 0.01111583730837821 0.00012356183906633294
4.508508508508509 0.01120853810916234 0.0001256313265445445
4.524524524524525 0.011284013135607389 0.00012732895244456008
4.54054054054054 0.011341924891322273 0.00012863926024039575
4.556556556556556 0.011382087044093955 0.00012955190547933145
4.572572572572572 0.011404454741514893 0.00013006158795126152
4.588588588588589 0.01140911601661598 0.00013016792828060328
4.604604604604605 0.011396284146184932 0.000129875292340586
4.62062062062062 0.011366290837157698 0.00012919256739485506
4.636636636636636 0.011319580129613002 0.00012813289431072951
4.652652652652652 0.011256702916884343 0.0001267133605589925
4.668668668668669 0.011178311993073384 0.00012495465901448825
4.684684684684685 0.011085157545063068 0.00012288071779886865
4.7007007007007005 0.010978083009399942 0.0001205183065612757
4.716716716716716 0.010858021213615005 0.00011789662467531347
4.732732732732732 0.010725990716147781 0.00011504687684288839
4.748748748748749 0.010583092248482098 0.00011200184153988186
4.764764764764765 0.01043050514684537 0.00010879543761836778
4.7807807807807805 0.010269483638388898 0.00010546229419913729
4.796796796796796 0.010101352817879196 0.00010203732875127598
4.812812812812812 0.009927504115714579 9.855533796752989e-05
4.828828828828829 0.009749390017372695 9.505060571084635e-05
4.844844844844845 0.009568517750139451 9.155653193473373e-05
4.8608608608608606 0.009386441608735486 8.810528607420081e-05
4.876876876876876 0.009204753553000128 8.47274879714685e-05
4.892892892892894 0.009025071686579018 8.145191894789024e-05
4.908908908908909 0.00884902622705661 7.830526516713574e-05
4.924924924924925 0.008678242619396391 7.531189496110793e-05
4.940940940940941 0.00851432154170682 7.249367131557279e-05
4.956956956956956 0.008358815720130603 6.98698002431025e-05
4.972972972972974 0.008213203717940425 6.74567153123904e-05
4.988988988988989 0.008078861192064687 6.526799816064885e-05
5.005005005005005 0.007957030501042184 6.331433439451561e-05
5.021021021021021 0.007848789963373522 6.160350388915294e-05
5.037037037037036 0.007755024444117979 6.0140404128867364e-05
5.053053053053054 0.007676399214411541 5.892710489901813e-05
5.069069069069069 0.007613339105869464 5.7962932340961256e-05
5.085085085085085 0.007566014811081555 5.724458012150545e-05
5.101101101101101 0.007534337744450124 5.676624524744578e-05
5.117117117117116 0.007517964210821669 5.651978587519549e-05
5.133133133133134 0.007516308823207166 5.6494898325821884e-05
5.1491491491491495 0.007528566292249063 5.667931041678881e-05
5.165165165165165 0.007553740011595877 5.705898816278448e-05
5.181181181181181 0.00759067539011131 5.7618352878041494e-05
5.197197197197196 0.007638095687404065 5.8340505729940585e-05
5.213213213213214 0.007694638188143446 5.920745684643546e-05
5.2292292292292295 0.007758888848640618 6.020035616555973e-05
5.245245245245245 0.007829413983900324 6.129972333129395e-05
5.261261261261261 0.00790478804797521 6.248567408341174e-05
5.2772772772772765 0.007983617022153548 6.37381407564199e-05
5.293293293293294 0.008064557315253514 6.503708469100896e-05
5.3093093093093096 0.008146330374291336 6.636269856710161e-05
5.325325325325325 0.008227733399127185 6.7695596887113e-05
5.341341341341341 0.008307646662437603 6.901699306791065e-05
5.3573573573573565 0.008385037974673916 7.030886183672366e-05
5.373373373373374 0.008458964822394348 7.155408586650503e-05
5.38938938938939 0.008528574665602749 7.273658582676105e-05
5.405405405405405 0.008593103820130232 7.38414332635368e-05
5.421421421421421 0.008651875285405067 7.485494595420303e-05
5.437437437437437 0.008704295813348969 7.57647656062844e-05
5.453453453453454 0.008749852454892675 7.655991798239135e-05
5.46946946946947 0.008788108768856806 7.723085573325787e-05
5.485485485485485 0.00881870083436895 7.77694844060996e-05
5.501501501501501 0.00884133317234805 7.816917226446207e-05
5.517517517517517 0.008855774653139756 7.842474470719258e-05
5.533533533533534 0.008861854445160593 7.853246420721257e-05
5.54954954954955 0.008859458042383805 7.84899968047591e-05
5.565565565565565 0.00884852339570677 7.829636628437009e-05
5.581581581581581 0.008829037163816309 7.795189724004952e-05
5.597597597597597 0.0088010310923759 7.745814828896733e-05
5.613613613613614 0.008764578525587124 7.681783673118295e-05
5.62962962962963 0.00871979105093156 7.603475597190613e-05
5.645645645645645 0.008666815275786012 7.511368702459776e-05
5.661661661661661 0.008605829733316714 7.406030539883802e-05
5.677677677677677 0.008537041914360046 7.288108464754025e-05
5.693693693693694 0.008460685421708965 7.158319780511862e-05
5.70970970970971 0.008377017243210745 7.017441789305013e-05
5.7257257257257255 0.008286315140242558 6.866301860341303e-05
5.741741741741741 0.008188875148394755 6.70576761959972e-05
5.757757757757757 0.008085009187504369 6.536737356203006e-05
5.773773773773774 0.007975042778507321 6.360130731902177e-05
5.78978978978979 0.007859312864892418 6.176879870826346e-05
5.8058058058058055 0.007738165736826247 5.9879208970591686e-05
5.821821821821821 0.00761195505626746 5.794185977863575e-05
5.837837837837839 0.007481039981594419 5.596595920621423e-05
5.853853853853854 0.0073457833904319245 5.396053361914554e-05
5.86986986986987 0.0072065501994793375 5.193436577761568e-05
5.885885885885886 0.007063705780217859 4.9895939349483196e-05
5.901901901901901 0.006917614469409834 4.785338994738831e-05
5.917917917917919 0.0067686381733033955 4.581446272109993e-05
5.933933933933934 0.006617135064424531 4.378647646083664e-05
5.94994994994995 0.006463458369779664 4.17762940978748e-05
5.965965965965966 0.006307955249210724 3.9790299426045126e-05
5.981981981981981 0.00615096576254327 3.783437981197952e-05
5.997997997997999 0.005992821924052501 3.591391461340432e-05
6.014014014014014 0.005833846842644364 3.403376898343162e-05
6.03003003003003 0.0056743539460129035 3.219829270463221e-05
6.046046046046046 0.005514646286894699 3.0411323669561487e-05
6.062062062062061 0.005355015929397696 2.8676195604103073e-05
6.078078078078079 0.005195743413239546 2.6995749616222128e-05
6.094094094094094 0.005037097293590639 2.537234914509813e-05
6.11011011011011 0.004879333754081826 2.3807897883722245e-05
6.126126126126126 0.0047226962904089766 2.230386025144271e-05
6.142142142142141 0.004567415461845813 2.0861284001108203e-05
6.158158158158159 0.004413708707866211 1.948082455789402e-05
6.1741741741741745 0.004261780226977381 1.8162770703055374e-05
6.19019019019019 0.004111820914776654 1.6907071235194724e-05
6.206206206206206 0.003964008358169467 1.5713362263637392e-05
6.222222222222221 0.0038185068826225104 1.4580994812635483e-05
6.238238238238239 0.0036754676492768657 1.350906244088081e-05
6.2542542542542545 0.00353502879870975 1.24964286077073e-05
6.27027027027027 0.003397315638110882 1.1541753544952748e-05
6.286286286286286 0.0032624408686310583 1.0643520421314175e-05
6.3023023023023015 0.0031305048496646525 9.80006061377391e-06
6.318318318318319 0.0030015958968455914 9.009577927960289e-06
6.334334334334335 0.0028757906105668627 8.270171635824528e-06
6.35035035035035 0.0027531542318758808 7.579858224496069e-06
6.366366366366366 0.002633741022652826 6.936591774404354e-06
6.3823823823823815 0.0025175946670440005 6.3382829075283934e-06
6.398398398398399 0.0024047486911981325 5.7828162678191314e-06
6.414414414414415 0.002295226898438913 5.268066515317513e-06
6.43043043043043 0.002189043817100909 4.791912833187719e-06
6.446446446446446 0.0020862051583585292 4.352251962761736e-06
6.462462462462462 0.0019867082814865582 3.947009795727274e-06
6.478478478478479 0.001890542664106613 3.5741515648073305e-06
6.494494494494495 0.0017976903750947823 3.2316906847084194e-06
6.51051051051051 0.0017081265479511048 2.9176963038153576e-06
6.526526526526526 0.0016218198525610752 2.630299634161228e-06
6.542542542542542 0.0015387329634111077 2.3676991326879297e-06
6.558558558558559 0.0014588230224541327 2.128164610842211e-06
6.574574574574575 0.0013820420949567788 1.9100403522325217e-06
6.59059059059059 0.0013083376167951075 1.7117473195211017e-06
6.606606606606606 0.0012376528318015262 1.5317845320663368e-06
6.622622622622622 0.0011699272178995268 1.368729695182127e-06
6.638638638638639 0.0011050969008957177 1.2212391603693195e-06
6.654654654654655 0.0010430950549288772 1.0880472936170774e-06
6.67067067067067 0.0009838522887030338 9.67965325986198e-07
6.686686686686686 0.0009272970167557712 8.59879757284153e-07
6.702702702702702 0.0008733558151327595 7.627503798262068e-07
6.718718718718719 0.0008219537609553426 6.756079851486325e-07
6.734734734734735 0.0007730147554789651 5.975518121882043e-07
6.7507507507507505 0.0007264618303460127 5.27746790949679e-07
6.766766766766766 0.0006822174368373878 4.6542063112497517e-07
6.782782782782782 0.0006402037180219308 4.0986080056910384e-07
6.798798798798799 0.0006003427637921207 3.604114340375621e-07
6.814814814814815 0.0005625568488578125 3.164702081968316e-07
6.8308308308308305 0.0005267686538469978 2.7748521467577806e-07
6.846846846846846 0.000492901469734027 2.429518588659639e-07
6.862862862862862 0.0004608793858808065 2.1240980832986936e-07
6.878878878878879 0.0004306274620357869 1.854400110593831e-07
6.894894894894895 0.0004020718846888137 1.6166180045721467e-07
6.910910910910911 0.00037514010822722714 1.4073010080073572e-07
6.926926926926926 0.00034976098138039526 1.223327440961772e-07
6.942942942942944 0.0003258648594758149 1.0618790664119259e-07
6.958958958958959 0.0003033837030607063 9.204167128282682e-08
6.974974974974975 0.0002822511634684388 7.966571927928736e-08
6.990990990990991 0.0002624026559297469 6.885515383898514e-08
7.007007007007006 0.00024377542084439194 5.94264558078604e-08
7.023023023023024 0.00022630857384028496 5.1215570593623714e-08
7.039039039039039 0.00020994314525416184 4.40761242392101e-08
7.055055055055055 0.00019462210967099685 3.7877765572789525e-08
7.071071071071071 0.00018029040615886159 3.250463055292728e-08
7.087087087087086 0.00016689494983192853 2.7853924279401942e-08
7.103103103103104 0.00015438463536729565 2.3834615637492833e-08
7.119119119119119 0.00014271033309141168 2.0366239171061674e-08
7.135135135135135 0.00013182487823940219 1.737779852283321e-08
7.151151151151151 0.00012168305397589741 1.4806765624901162e-08
7.167167167167166 0.00011224156874915901 1.259816975527219e-08
7.183183183183184 0.00010345902853180483 1.0703770584744805e-08
7.1991991991991995 9.52959044813935e-05 9.081309410926875e-09
7.215215215215215 8.7714496532812e-05 7.693832902004688e-09
7.231231231231231 8.067889341209294e-05 6.509083842199852e-09
7.2472472472472464 7.415492953809471e-05 5.4989535747997915e-09
7.263263263263264 6.811013925471026e-05 4.6389910692960225e-09
7.2792792792792795 6.251370881206444e-05 3.907963789439583e-09
7.295295295295295 5.733642649070072e-05 3.2874658027235272e-09
7.311311311311311 5.255063123825721e-05 2.7615688435392943e-09
7.3273273273273265 4.81301601636652e-05 2.3165123173800645e-09
7.343343343343344 4.405029520969091e-05 1.9404285080609173e-09
7.35935935935936 4.02877093007594e-05 1.6230995207024956e-09
7.375375375375375 3.682041223957249e-05 1.35574275749206e-09
7.391391391391391 3.3627696603185266e-05 1.130821978835878e-09
7.4074074074074066 3.069008386698399e-05 9.41881247762511e-10
7.423423423423424 2.7989270963530624e-05 7.833992890699384e-10
7.43943943943944 2.5508077462547834e-05 6.506620158353407e-10
7.455455455455455 2.3230393538465365e-05 5.396511839519734e-10
7.471471471471471 2.1141128873002788e-05 4.469473300249121e-10
7.487487487487487 1.9226162622219502e-05 3.6964532917603023e-10
7.503503503503504 1.747229456038516e-05 3.0528107720486485e-10
7.51951951951952 1.5867197496902064e-05 2.517679564056951e-10
7.535535535535535 1.4399371047362136e-05 2.0734188655961092e-10
7.551551551551551 1.3058096825654561e-05 1.705138927081697e-10
7.567567567567567 1.1833395110830897e-05 1.400292398490366e-10
7.583583583583584 1.0715983030193666e-05 1.1483229230339861e-10
7.5995995995996 9.697234288768826e-06 9.403635285127386e-11
7.615615615615615 8.769140464937464e-06 7.689782449380365e-11
7.631631631631631 7.924273882515458e-06 6.279411656511662e-11
7.647647647647647 7.155752060942672e-06 5.120478755768529e-11
7.663663663663664 6.457203737455214e-06 4.169548010700559e-11
7.67967967967968 5.8227364481233e-06 3.390425974430355e-11
7.6956956956956954 5.246905648408668e-06 2.7530018883302783e-11
7.711711711711711 4.724685348395814e-06 2.2322651641346076e-11
7.727727727727727 4.251440233033397e-06 1.8074744055055068e-11
7.743743743743744 3.822899233554712e-06 1.4614558549913202e-11
7.75975975975976 3.4351305126846056e-06 1.1800121639176802e-11
7.7757757757757755 3.0845178232442168e-06 9.514250201911242e-12
7.791791791791791 2.767738197299431e-06 7.660374728790301e-12
7.807807807807807 2.48174092101764e-06 6.1590379990534825e-12
7.823823823823824 2.2237277488690734e-06 4.9449651010903174e-12
7.83983983983984 1.9911343096912942e-06 3.964615839229826e-12
7.8558558558558556 1.7816126563936615e-06 3.174143657422079e-12
7.871871871871871 1.593014910679125e-06 2.537696505646021e-12
7.887887887887889 1.4233779540668496e-06 2.0260048001235306e-12
7.903903903903904 1.2709091166818865e-06 1.6152099828651333e-12
7.91991991991992 1.1339728157047215e-06 1.285894346757294e-12
7.935935935935936 1.011078096016786e-06 1.022278916244929e-12
7.951951951951951 9.008670264088152e-07 8.115613992706609e-13
7.967967967967969 8.021039057135761e-07 6.433706755609734e-13
7.983983983983984 7.136652343580572e-07 5.093180667313406e-13
8.0 6.345304080804395e-07 4.0262883877872915e-13
