-8.0 7.798489712473593e-05 6.081644179555646e-09
-7.983983983983984 8.32402368738637e-05 6.928937034816938e-09
-7.967967967967968 8.875802153316442e-05 7.877986386481679e-09
-7.951951951951952 9.454359707352385e-05 8.938491747600828e-09
-7.935935935935936 0.00010060173430519058 1.0120708945212159e-08
-7.91991991991992 0.00010693656109829217 1.1435428099528772e-08
-7.903903903903904 0.00011355149273320356 1.2893941501938781e-08
-7.887887887887888 0.00012044916066491715 1.4508000304883023e-08
-7.871871871871872 0.00012763134001805647 1.6289758954804745e-08
-7.8558558558558556 0.00013509887616167 1.8251706340146243e-08
-7.83983983983984 0.00014285161074516786 2.0406582692488955e-08
-7.823823823823824 0.00015088830760850557 2.2767281372959004e-08
-7.807807807807808 0.00015920657901060049 2.534673480025857e-08
-7.791791791791792 0.00016780281264978212 2.8157783933177882e-08
-7.7757757757757755 0.00017667209997846377 3.1213030910800307e-08
-7.75975975975976 0.00018580816634087262 3.452467467895739e-08
-7.743743743743744 0.00019520330348733996 3.8104329692370545e-08
-7.727727727727728 0.00020484830504092418 4.196282807813952e-08
-7.711711711711712 0.0002147324055118102 4.611000597688849e-08
-7.6956956956956954 0.0002248432234716521 5.0554475141123286e-08
-7.67967967967968 0.0002351667095135051 5.530338126340929e-08
-7.663663663663664 0.0002456870996330419 6.036215092609626e-08
-7.647647647647648 0.00025638687467301115 6.573422950459432e-08
-7.631631631631632 0.0002672467264752516 7.142081281173795e-08
-7.615615615615615 0.0002782455313828017 7.742057573449767e-08
-7.5995995995996 0.000289360331728536 8.372940157804839e-08
-7.583583583583583 0.00030056632593633803 9.034011628686897e-08
-7.5675675675675675 0.00031183686784583563 9.724223214790116e-08
-7.551551551551552 0.000323143475852372 1.0442170598595254e-07
-7.535535535535535 0.00033445585243000906 1.11860717224684e-07
-7.51951951951952 0.00034574191457723984 1.195374714955354e-07
-7.503503503503503 0.0003569678356928165 1.2742603571921365e-07
-7.4874874874874875 0.0003680980993529547 1.3549621074725769e-07
-7.471471471471472 0.00037909556542160334 1.4371344772232512e-07
-7.455455455455455 0.00038992154888283696 1.5203881428319063e-07
-7.43943943943944 0.0004005359117394388 1.6042901659294352e-07
-7.423423423423423 0.0004108971682751219 1.6883648289651382e-07
-7.407407407407407 0.0004209626039304541 1.7720951390790835e-07
-7.391391391391391 0.000430688407995698 1.8549250478186883e-07
-7.375375375375375 0.00044002982027864604 1.9362624273445755e-07
-7.35935935935936 0.0004489412918640319 2.0154828354054593e-07
-7.343343343343343 0.00045737666004513943 2.0919340915404706e-07
-7.327327327327327 0.00046528933748052386 2.164941675730648e-07
-7.311311311311311 0.0004726325156124137 2.233814948141185e-07
-7.295295295295295 0.0004793593823823489 2.2978541747798699e-07
-7.2792792792792795 0.0004854233542989932 2.3563583289888587e-07
-7.263263263263263 0.0004907783229590618 2.4086336228650923e-07
-7.247247247247247 0.0004953789162031095 2.4540027061856734e-07
-7.231231231231231 0.0004991807742138801 2.4918144534476873e-07
-7.215215215215215 0.0005021408410495951 2.5214542424999475e-07
-7.1991991991991995 0.000504217672365732 2.5423546112591677e-07
-7.183183183183183 0.0005053717604399428 2.55400616250167e-07
-7.167167167167167 0.0005055658781071532 2.5559685710625686e-07
-7.151151151151151 0.0005047654438775475 2.5478815333289754e-07
-7.135135135135135 0.0005029389114061084 2.5294754860636134e-07
-7.119119119119119 0.0005000581876862968 2.5005819107210363e-07
-7.103103103103103 0.0004960990859591343 2.461143030894885e-07
-7.087087087087087 0.0004910418215101469 2.41122070472003e-07
-7.071071071071071 0.00048487156147603233 2.351004311282058e-07
-7.055055055055055 0.00047757904378850505 2.2808174306594282e-07
-7.039039039039039 0.00046916128584949967 2.2011231213995594e-07
-7.023023023023023 0.0004596224110307259 2.112527607216976e-07
-7.007007007007007 0.00044897463142678617 2.015782196648185e-07
-6.990990990990991 0.0004372394395964731 1.9117832753863787e-07
-6.974974974974975 0.00042444908187653753 1.801570231058357e-07
-6.958958958958959 0.0004106484133934372 1.686321194225473e-07
-6.942942942942943 0.0003958972729430498 1.5673465072374368e-07
-6.926926926926927 0.00038027356784318847 1.4460798640018807e-07
-6.910910910910911 0.0003638773280141776 1.3240670984273738e-07
-6.894894894894895 0.00034683607609925103 1.2029526368392546e-07
-6.878878878878879 0.0003293119599342518 1.0844636695573827e-07
-6.862862862862863 0.0003115111777264578 9.703921384852476e-08
-6.846846846846847 0.0002936962172615972 8.625746803377129e-08
-6.8308308308308305 0.0002762011419803883 7.628707083127059e-08
-6.814814814814815 0.00025944919691866565 6.731388578174055e-08
-6.798798798798799 0.0002439696832547475 5.9521206347421826e-08
-6.782782782782783 0.00023040650472821344 5.3087157421072245e-08
-6.766766766766767 0.00021950404322425022 4.818202499179351e-08
-6.7507507507507505 0.00021205082317294304 4.496555160832276e-08
-6.734734734734735 0.00020876838389136525 4.358423811261245e-08
-6.718718718718719 0.00021016349447067607 4.416869440812589e-08
-6.702702702702703 0.00021640490683733053 4.683108370327371e-08
-6.686686686686687 0.00022729431506950725 5.166270566291643e-08
-6.67067067067067 0.0002423463722672577 5.873176415110025e-08
-6.654654654654655 0.0002609240592740206 6.80813647080326e-08
-6.638638638638639 0.00028236109069405547 7.972778553793663e-08
-6.622622622622623 0.0003060376832509318 9.365906356959764e-08
-6.606606606606607 0.0003314120306821331 1.0983393408085515e-07
-6.59059059059059 0.000358023963528199 1.281811584604412e-07
-6.574574574574575 0.00038548575841447773 1.4859926994038507e-07
-6.558558558558559 0.00041346917855111283 1.7095676161173203e-07
-6.5425425425425425 0.00044169303231352366 1.9509273479431544e-07
-6.526526526526526 0.0004699127780170308 2.2081801894368327e-07
-6.51051051051051 0.00049791240879979 2.479167668368092e-07
-6.494494494494495 0.0005254983547929321 2.761485208900784e-07
-6.478478478478479 0.0005524950119679518 3.052507382494672e-07
-6.4624624624624625 0.0005787415259745083 3.3494175388730244e-07
-6.446446446446446 0.0006040895235694884 3.6492415248641146e-07
-6.43043043043043 0.0006284015527854153 3.9488851154312103e-07
-6.414414414414415 0.0006515500518249836 4.2451747003313887e-07
-6.398398398398399 0.0006734167129792505 4.5349006931977834e-07
-6.382382382382382 0.0006938921428458061 4.814863059031447e-07
-6.366366366366366 0.0007128757460241928 5.081918292695495e-07
-6.35035035035035 0.0007302757784936486 5.333027126545046e-07
-6.334334334334335 0.000746009530852247 5.565302201223897e-07
-6.318318318318318 0.0007600036119134902 5.776054901215509e-07
-6.302302302302302 0.0007721943108503283 5.962840537096135e-07
-6.286286286286286 0.0007825280218985894 6.123501050565191e-07
-6.27027027027027 0.0007909617201213994 6.25620442697403e-07
-6.2542542542542545 0.0007974634802773408 6.359480023760486e-07
-6.238238238238238 0.0008020130336961517 6.432249062185046e-07
-6.222222222222222 0.0008046023604273639 6.473849584052855e-07
-6.206206206206206 0.0008052363158976228 6.484055244403761e-07
-6.19019019019019 0.0008039332929343293 6.463087394882341e-07
-6.1741741741741745 0.0008007259212608605 6.411620009790538e-07
-6.158158158158158 0.0007956618073349564 6.330777116515293e-07
-6.142142142142142 0.0007888043174748992 6.222122512670415e-07
-6.126126126126126 0.000780233406243646 6.087641682185623e-07
-6.11011011011011 0.0007700464894899933 5.929715959758624e-07
-6.094094094094094 0.0007583593564647072 5.751089135375648e-07
-6.078078078078078 0.000745307106878045 5.554826835629217e-07
-6.062062062062062 0.000731045085051779 5.344269163783629e-07
-6.046046046046046 0.0007157497623686531 5.122977223307836e-07
-6.03003003003003 0.0006996194885208172 4.894674287181297e-07
-6.014014014014014 0.0006828749889197989 4.663182504922155e-07
-5.997997997997998 0.000665759427890241 4.432356158247409e-07
-5.981981981981982 0.0006485377847033053 4.2060125818787075e-07
-5.965965965965966 0.000631495206292495 3.987861955704007e-07
-5.94994994994995 0.000614933918881866 3.7814372459140934e-07
-5.933933933933934 0.0005991682254339586 3.5900256236967906e-07
-5.917917917917918 0.0005845171270977897 3.416602718706536e-07
-5.901901901901902 0.00057129423848528 3.2637710692647603e-07
-5.885885885885886 0.0005597949723678647 3.1337041108833846e-07
-5.86986986986987 0.0005502814732874531 3.0280969984340994e-07
-5.853853853853854 0.0005429664340212292 2.9481254847372987e-07
-5.837837837837838 0.0005379975817423379 2.894413979606035e-07
-5.821821821821822 0.0005354450288330344 2.867013789020091e-07
-5.8058058058058055 0.0005352936002967178 2.8653923851862235e-07
-5.78978978978979 0.0005374415676447133 2.888434386324069e-07
-5.773773773773774 0.0005417060764065382 2.934454732157662e-07
-5.757757757757758 0.0005478343116152375 3.0012243298294113e-07
-5.741741741741741 0.0005555185161886495 3.0860082182843884e-07
-5.7257257257257255 0.0005644126203875485 3.18561606052739e-07
-5.70970970970971 0.0005741484587067612 3.2964645263534945e-07
-5.693693693693694 0.0005843501413841021 3.4146508773562013e-07
-5.677677677677678 0.0005946458454975062 3.5360368156744394e-07
-5.661661661661661 0.000604676889976639 3.656341412718204e-07
-5.645645645645645 0.0006141043639994113 3.7712416988312143e-07
-5.62962962962963 0.0006226137867406462 3.876479274395269e-07
-5.613613613613614 0.0006299183361461552 3.9679711021314055e-07
-5.597597597597598 0.0006357611551583106 4.0419224640822945e-07
-5.581581581581581 0.000639917175855771 4.094939919552257e-07
-5.565565565565565 0.0006421948291940508 4.124141986435761e-07
-5.54954954954955 0.0006424379496733583 4.127265191805085e-07
-5.533533533533534 0.0006405281494055256 4.102763101808673e-07
-5.5175175175175175 0.0006363879279773613 4.049895948753192e-07
-5.501501501501501 0.0006299848035440192 3.9688085269639646e-07
-5.485485485485485 0.0006213367951590243 3.8605941301848744e-07
-5.46946946946947 0.0006105196518252446 3.7273424526481794e-07
-5.453453453453454 0.0005976762981272845 3.5721695734313457e-07
-5.4374374374374375 0.0005830290205765907 3.399228388344985e-07
-5.421421421421421 0.0005668948882692314 3.2136981434578435e-07
-5.405405405405405 0.0005497046531194421 3.021752056611663e-07
-5.38938938938939 0.0005320246595887797 2.830502384105569e-07
-5.373373373373374 0.0005145797017366694 2.647922694393996e-07
-5.357357357357357 0.0004982717675613591 2.4827475434872105e-07
-5.341341341341341 0.0004841849028265959 2.344350201252001e-07
-5.325325325325325 0.0004735609302573608 2.2425995466621697e-07
-5.3093093093093096 0.0004677283105835946 2.1876977252138352e-07
-5.293293293293294 0.00046797442606974764 2.190000634553097e-07
-5.277277277277277 0.0004753760370198111 2.2598237657266082e-07
-5.261261261261261 0.000490635951379989 2.407236367865469e-07
-5.245245245245245 0.000513989038195427 2.641847313850601e-07
-5.2292292292292295 0.0005452143077584579 2.972586413845344e-07
-5.213213213213214 0.0005837366908904437 3.4074852429172537e-07
-5.197197197197197 0.0006287656009220321 3.9534618090284407e-07
-5.181181181181181 0.0006794198686887215 4.616113579689996e-07
-5.165165165165165 0.000734814500503506 5.39952350150217e-07
-5.1491491491491495 0.0007941085366306533 6.306083679496776e-07
-5.133133133133134 0.0008565244495414832 7.336341326623408e-07
-5.117117117117117 0.0009213507173237255 8.488871443129437e-07
-5.101101101101101 0.0009879362549116521 9.76018043768861e-07
-5.085085085085085 0.001055681985982599 1.1144644555281649e-06
-5.069069069069069 0.0011240323185360162 1.263448653113452e-06
-5.053053053053053 0.0011924677499824856 1.4219793347482917e-06
-5.037037037037037 0.0012604990017665585 1.5888577334544908e-06
-5.021021021021021 0.001327662688143725 1.7626882134890222e-06
-5.005005005005005 0.001393518361899558 1.941893424951227e-06
-4.988988988988989 0.001457646734107944 2.1247340014555552e-06
-4.972972972972973 0.0015196488716821559 2.3093326932048502e-06
-4.956956956956957 0.0015791462031855875 2.493702731035457e-06
-4.940940940940941 0.0016357811949156457 2.6757801176396573e-06
-4.924924924924925 0.0016892185891623681 2.8534594419717014e-06
-4.908908908908909 0.0017391471225076155 3.024632713726519e-06
-4.892892892892893 0.0017852816637092702 3.18723061877654e-06
-4.876876876876877 0.0018273657284979018 3.339265505688668e-06
-4.8608608608608606 0.0018651743430844045 3.4788753301003395e-06
-4.844844844844845 0.0018985172398513382 3.6043677100127437e-06
-4.828828828828829 0.0019272423778924365 3.714263183144493e-06
-4.812812812812813 0.0019512397878009475 3.807336709497487e-06
-4.796796796796797 0.00197044574404723 3.882656430233841e-06
-4.7807807807807805 0.0019848472686091047 3.939618679705023e-06
-4.764764764764765 0.0019944869647784557 3.977978252671177e-06
-4.748748748748749 0.001999468167991069 3.997872954809561e-06
-4.732732732732733 0.0019999603777704133 3.999841512651574e-06
-4.716716716716716 0.0019962048967692753 3.984833989885632e-06
-4.7007007007007005 0.001988520543246616 3.954213950913816e-06
-4.684684684684685 0.0019773092144710997 3.909751729632316e-06
-4.668668668668669 0.001963060951968729 3.8536083011443736e-06
-4.652652652652653 0.0019463579875131898 3.7883094155563945e-06
-4.636636636636636 0.00192787702789835 3.7167098346981756e-06
-4.62062062062062 0.001908388773960409 3.6419477125781128e-06
-4.604604604604605 0.0018887533920938088 3.5673893761458687e-06
-4.588588588588589 0.00186991042338546 3.4965649914855907e-06
-4.5725725725725725 0.0018528615270437493 3.4330958383988946e-06
-4.556556556556556 0.0018386446528569323 3.380614159479389e-06
-4.54054054054054 0.0018282988797816474 3.3426767938108267e-06
-4.524524524524525 0.0018228203547050721 3.322674045527125e-06
-4.508508508508509 0.001823111480000363 3.3237354685091138e-06
-4.4924924924924925 0.0018299274480289968 3.348634465049917e-06
-4.476476476476476 0.0018438258575054637 3.399693792805758e-06
-4.46046046046046 0.0018651257987268726 3.4786942450765544e-06
-4.444444444444445 0.0018938819680107573 3.586788908756299e-06
-4.428428428428429 0.0019298770703339628 3.7244255066007995e-06
-4.412412412412412 0.00197263260402463 3.891279390460992e-06
-4.396396396396396 0.0020214350755996895 4.086199764864723e-06
-4.38038038038038 0.0020753726608315148 4.307171681326883e-06
-4.364364364364365 0.0021333767246250533 4.551296249171921e-06
-4.348348348348349 0.0021942632830530846 4.8147913553549e-06
-4.332332332332332 0.0022567709169365366 5.093014971530576e-06
-4.316316316316316 0.0023195932510252097 5.3805128502017e-06
-4.3003003003003 0.0023814054827014444 5.6710920730405e-06
-4.2842842842842845 0.002440885395608182 5.9579215144933095e-06
-4.268268268268269 0.0024967298261760044 6.233659824916862e-06
-4.252252252252252 0.0025476677615986925 6.490611023489292e-06
-4.236236236236236 0.0025924712586922285 6.7209072271452665e-06
-4.22022022022022 0.0026299652914819104 6.916717434399531e-06
-4.2042042042042045 0.0026590375402004334 7.070480640195172e-06
-4.188188188188189 0.0026786490791646097 7.175160889309411e-06
-4.172172172172172 0.002687846943597492 7.2245211922063786e-06
-4.156156156156156 0.0026857796895229575 7.213412540654034e-06
-4.14014014014014 0.0026717173473614006 7.13807358419184e-06
-4.124124124124124 0.0026450776693537855 6.996435876914053e-06
-4.108108108108109 0.00260546137797268 6.788428992107296e-06
-4.092092092092092 0.0025527003830683767 6.5162792457174375e-06
-4.076076076076076 0.002486924865055443 6.184795284431032e-06
-4.06006006006006 0.0024086580073546535 5.80163339639369e-06
-4.044044044044044 0.002318951294885106 5.3775351080493105e-06
-4.028028028028028 0.00221957866597819 4.926529454465523e-06
-4.012012012012012 0.002113313101993543 4.466092267057571e-06
-3.9959959959959956 0.0020043090891282206 4.017254924761997e-06
-3.97997997997998 0.0018985929720912141 3.6046552736741495e-06
-3.9639639639639643 0.00180458411970966 3.256523845108289e-06
-3.947947947947948 0.0017333779448510571 3.004599099696074e-06
-3.931931931931932 0.0016982244255205829 2.883966199434714e-06
-3.9159159159159156 0.001712546280060925 2.932814761350512e-06
-3.8998998998999 0.0017866483070421528 3.1921121730565906e-06
-3.8838838838838843 0.001924887099465653 3.7051903456892952e-06
-3.8678678678678677 0.002125381197191043 4.5172452333732305e-06
-3.851851851851852 0.0023821733871288854 5.674750046345106e-06
-3.8358358358358355 0.002687895981792379 7.224784808935617e-06
-3.81981981981982 0.003035504363602866 9.214286741452043e-06
-3.8038038038038042 0.0034189512793146117 1.1689227850327021e-05
-3.7877877877877877 0.0038332398912100203 1.4693728063563807e-05
-3.771771771771772 0.004274238436826344 1.8269114214843706e-05
-3.7557557557557555 0.004738453030557109 2.2452937122795848e-05
-3.73973973973974 0.0052228307355535126 2.727796089224245e-05
-3.723723723723724 0.005724608313235786 3.277114033996827e-05
-3.7077077077077076 0.00624120213383363 3.895260407536946e-05
-3.691691691691692 0.006770130146616745 4.583466220212887e-05
-3.6756756756756754 0.007308957436374 5.34208588067268e-05
-3.65965965965966 0.007855258768487574 6.170509031990092e-05
-3.643643643643644 0.008406593331236764 7.067081143679442e-05
-3.6276276276276276 0.008960488297064934 8.029035052183764e-05
-3.611611611611612 0.009514428846269383 9.052435627072297e-05
-3.5955955955955954 0.010065853010262065 0.00010132139682420189
-3.5795795795795797 0.01061215018282096 0.00011261773150274694
-3.563563563563563 0.01115066248436195 0.000124337273840157
-3.5475475475475475 0.011678688395030397 0.00013639176262821766
-3.531531531531532 0.012193488231125559 0.0001486811552425975
-3.5155155155155153 0.012692291148971267 0.0001610942546102544
-3.4994994994994997 0.013172303436332784 0.00017350957781882447
-3.483483483483483 0.013630717904309354 0.00018579647058685955
-3.4674674674674675 0.014064724229401191 0.00019781646764910495
-3.451451451451452 0.014471520121002432 0.00020942489461257826
-3.4354354354354353 0.014848323207239833 0.00022047270206665702
-3.4194194194194196 0.015192383544184089 0.0002308085177535955
-3.403403403403403 0.015500996661637042 0.00024028089750408271
-3.3873873873873874 0.015771517064111874 0.000248740750503572
-3.3713713713713718 0.016001372109126347 0.0002560439093747266
-3.3553553553553552 0.016188076187155988 0.0002620538106411667
-3.3393393393393396 0.016329245129043782 0.00026664424648440013
-3.323323323323323 0.016422610767747044 0.00026970214442892116
-3.3073073073073074 0.016466035582392024 0.0002711303278006002
-3.2912912912912917 0.01645752735408221 0.0002708502066103642
-3.275275275275275 0.01639525376519266 0.0002688043460250641
-3.2592592592592595 0.016277556877530037 0.00026495885790122535
-3.243243243243243 0.016102967430499836 0.0002593055600677385
-3.2272272272272273 0.015870218909421294 0.00025186384823295323
-3.2112112112112117 0.015578261348093056 0.00024268222662949008
-3.195195195195195 0.015226274851418616 0.000231839445850943
-3.1791791791791795 0.01481368285793638 0.00021944519981551816
-3.163163163163163 0.014340165216287394 0.00020564033843041888
-3.1471471471471473 0.0138056712377283 0.00019059655832423848
-3.1311311311311307 0.013210433033663715 0.00017451554093691349
-3.115115115115115 0.012554979699652427 0.00015762751525868457
-3.0990990990990994 0.011840153356989897 0.0001401892315170391
-3.083083083083083 0.011067128897120287 0.00012248134202547494
-3.067067067067067 0.010237440896381872 0.00010480519610691206
-3.0510510510510507 0.009353024502310518 8.747906734082092e-05
-3.035035035035035 0.008416284405063342 7.083384318691243e-05
-3.0190190190190194 0.007430223355902216 5.5208219118594794e-05
-3.003003003003003 0.006398707021487122 4.094345154682859e-05
-2.986986986986987 0.005327075727211301 2.8377735803443815e-05
-2.9709709709709706 0.004223776396038318 1.7840287043730445e-05
-2.954954954954955 0.003105674302493804 9.645212873170375e-06
-2.9389389389389393 0.0020212067062265714 4.085276549295266e-06
-2.9229229229229228 0.0011940094234625207 1.425658503317301e-06
-2.906906906906907 0.0013776180231915033 1.8978314178220658e-06
-2.8908908908908906 0.0023861412251709687 5.69366994646041e-06
-2.874874874874875 0.003599988908834786 1.295992014373347e-05
-2.8588588588588593 0.0048778228321774445 2.3793155582111594e-05
-2.8428428428428427 0.00618347368309821 3.823534678956814e-05
-2.826826826826827 0.007501344405722598 5.627016789326572e-05
-2.8108108108108105 0.008821573504204394 7.7820159090081e-05
-2.794794794794795 0.010136313713931684 0.00010274485570723951
-2.778778778778779 0.01143853068082395 0.00013083998413615083
-2.7627627627627627 0.012721549113081558 0.00016183781183654622
-2.746746746746747 0.013978867013604042 0.00019540872298402722
-2.7307307307307305 0.01520408081050593 0.00023116407329239463
-2.714714714714715 0.016390862004687243 0.00026866035725669986
-2.698698698698699 0.01753296035365016 0.00030740469876266844
-2.6826826826826826 0.018624222184412464 0.00034686165197436134
-2.666666666666667 0.019658618313068865 0.0003864612739789266
-2.6506506506506504 0.02063027882063608 0.0004256084042171855
-2.6346346346346348 0.021533533353565323 0.0004636930586891103
-2.618618618618619 0.022362956418178686 0.0005001018197613592
-2.6026026026026026 0.023113417653395862 0.0005342300756203115
-2.586586586586587 0.023780137458304575 0.0005654949375358603
-2.5705705705705704 0.024358748709111082 0.0005933486386736208
-2.5545545545545547 0.024845365679942746 0.0006172921957700769
-2.538538538538538 0.025236661726946795 0.0006368890951203411
-2.5225225225225225 0.025529957844910054 0.0006517787475628844
-2.506506506506507 0.025723324901729953 0.0006616894439999603
-2.4904904904904903 0.02581570324341811 0.0006664505339522282
-2.4744744744744747 0.025807044486972904 0.0006660035451525986
-2.458458458458458 0.025698481718239942 0.0006604119626227125
-2.4424424424424425 0.02549253599318555 0.0006498693913638609
-2.426426426426427 0.0251933689286215 0.0006347058379736313
-2.4104104104104103 0.024807093004309808 0.0006153918633244766
-2.3943943943943946 0.024342152348752564 0.0005925403809698799
-2.378378378378378 0.023809785890154405 0.0005669059041349957
-2.3623623623623624 0.023224579174887277 0.0005393810778506078
-2.3463463463463468 0.022605096145318915 0.0005109903717391122
-2.33033033033033 0.021974550115588472 0.0004828808527825093
-2.3143143143143146 0.02136141394206274 0.00045631000560415237
-2.298298298298298 0.02079977451261935 0.0004326306197758095
-2.2822822822822824 0.020329112590309274 0.000413272818709471
-2.2662662662662667 0.019993082853784146 0.0003997233619982776
-2.25025025025025 0.019836895213991783 0.00039350241173089005
-2.2342342342342345 0.01990321613044691 0.0003961380123352822
-2.218218218218218 0.02022717458920787 0.00040913859186229656
-2.2022022022022023 0.02083179899085746 0.0004339638491954899
-2.1861861861861867 0.021725433145004507 0.0004719944453380604
-2.17017017017017 0.02290198608269508 0.0005245009665319591
-2.1541541541541545 0.02434363718443475 0.0005926126713673943
-2.138138138138138 0.026024730010706678 0.0006772865721301769
-2.1221221221221223 0.02791554103627467 0.0007792774313479352
-2.1061061061061057 0.02998515093920991 0.0008991092768472009
-2.09009009009009 0.03220324598127484 0.0010370490517304935
-2.0740740740740744 0.03454103384028132 0.0011930830187554596
-2.058058058058058 0.03697156381619565 0.0013668965310150273
-2.042042042042042 0.03946970689160146 0.0015578577621089321
-2.0260260260260257 0.04201197399396601 0.0017650059588696764
-2.01001001001001 0.04457627999351857 0.0019870447380605644
-1.9939939939939944 0.047141710781509104 0.002222340895407452
-1.9779779779779778 0.04968831986672994 0.0024689291311784695
-1.9619619619619622 0.052196963722329986 0.0027245230218302325
-1.9459459459459456 0.05464917641425175 0.00298653248275601
-1.92992992992993 0.057027080180226265 0.003252087873881955
-1.9139139139139143 0.059313327329989146 0.003518070798954437
-1.8978978978978978 0.06149106880054916 0.0037811515422338697
-1.881881881881882 0.06354394522323323 0.004037832974533265
-1.8658658658658656 0.06545609708687952 0.0042845006458469975
-1.84984984984985 0.06721219135006617 0.004517478666077911
-1.8338338338338342 0.06879746260269888 0.004733090860569751
-1.8178178178178177 0.07019776759511272 0.004927726575337457
-1.801801801801802 0.07139965266130743 0.005097910400155345
-1.7857857857857855 0.07239043429973056 0.0052403749781036076
-1.7697697697697699 0.0731582939921463 0.005352135979841309
-1.7537537537537542 0.07369238930678576 0.0054305682417428724
-1.7377377377377377 0.07398298453667983 0.005473482000954608
-1.721721721721722 0.07402160569110154 0.005479198109088917
-1.7057057057057055 0.07380122675919014 0.005446621071161404
-1.6896896896896898 0.07331649704356154 0.005375308738738567
-1.6736736736736741 0.0725640233661098 0.00526553748707733
-1.6576576576576576 0.07154272657631676 0.00511836172597362
-1.641641641641642 0.07025429975057816 0.004935666633444086
-1.6256256256256254 0.06870380673763259 0.0047202130602419685
-1.6096096096096097 0.06690047556780815 0.0044756736311988956
-1.593593593593594 0.06485876321489398 0.004206659165765684
-1.5775775775775776 0.0625997975541035 0.003918734653814744
-1.561561561561562 0.060153338663153325 0.003618424152324017
-1.5455455455455454 0.057560438777107835 0.003313204112213179
-1.5295295295295297 0.05487699700474705 0.003011484800259016
-1.5135135135135132 0.05217834461062653 0.002722579646305299
-1.4974974974974975 0.049564730588319256 0.00245666251829267
-1.4814814814814818 0.047166864472294255 0.0022247131041477743
-1.4654654654654653 0.045149205500542355 0.002038450757330204
-1.4494494494494496 0.04370649080833156 0.0019102573387787714
-1.433433433433433 0.043047529070015036 0.0018530897590337896
-1.4174174174174174 0.043363384177990516 0.0018803830873679985
-1.4014014014014018 0.04478778010629155 0.002005945246849526
-1.3853853853853852 0.04736923529621604 0.0022438444525482793
-1.3693693693693696 0.05107142715793385 0.0026082906719481426
-1.353353353353353 0.05579885742264621 0.0031135124896728
-1.3373373373373374 0.061429885567327445 0.0037736308408149446
-1.3213213213213217 0.06784195705304193 0.004602531136786786
-1.3053053053053052 0.0749248646537724 0.005613735343386113
-1.2892892892892895 0.08258495977986356 0.006820275581841681
-1.273273273273273 0.0907445359763206 0.008234570809557742
-1.2572572572572573 0.09933935825332889 0.009868308098183221
-1.2412412412412417 0.10831588047481512 0.011732329963034435
-1.2252252252252251 0.11762877671213494 0.0138365291107933
-1.2092092092092095 0.12723895576142571 0.01618975186325805
-1.193193193193193 0.13711203953559414 0.018799711385610332
-1.1771771771771773 0.147217226235419 0.021672911700450534
-1.1611611611611616 0.1575264527194342 0.024814583306368133
-1.145145145145145 0.1680137823065035 0.028228631044937145
-1.1291291291291294 0.1786549598413717 0.03191759467592214
-1.113113113113113 0.18942709001206157 0.035882622430437675
-1.0970970970970972 0.20030840626202334 0.04012345761923179
-1.0810810810810807 0.21127810625246185 0.04463843818162655
-1.065065065065065 0.22231623618915133 0.04942450887331051
-1.0490490490490494 0.2334036109649761 0.05447724561148992
-1.0330330330330328 0.24452176043643958 0.05979089132693555
-1.0170170170170172 0.25565289459961044 0.06535840251715952
-1.0010010010010006 0.26677988221732446 0.07117150555588952
-0.984984984984985 0.2778862387622769 0.07722076169344518
-0.9689689689689693 0.28895612051397296 0.08349563958248567
-0.9529529529529528 0.29997432237661725 0.08998459408531068
-0.9369369369369371 0.3109262775378776 0.09667515006356131
-0.9209209209209206 0.32179805751332763 0.1035539898193509
-0.9049049049049049 0.33257637145279645 0.11060704284870845
-0.8888888888888893 0.343248563847678 0.11781957658349346
-0.8728728728728727 0.3538026099901829 0.12517628683586549
-0.8568568568568571 0.36422710870955066 0.13266138671891886
-0.8408408408408405 0.3745112720555993 0.14025869289670312
-0.8248248248248249 0.3846449117234337 0.1479517081147281
-0.8088088088088092 0.3946184221195992 0.15572369907616213
-0.7927927927927927 0.40442276006284156 0.16355776885684675
-0.776776776776777 0.41404942119455773 0.1714369231915483
-0.7607607607607605 0.42349041324664793 0.17934413011181666
-0.7447447447447448 0.43273822637906506 0.18726237256969896
-0.7287287287287292 0.4417858008567306 0.1951746938386228
-0.7127127127127126 0.45062649238606983 0.20306423564017267
-0.696696696696697 0.4592540354755916 0.21091426910061598
-0.6806806806806804 0.46766250522275393 0.21870821879122238
-0.6646646646646648 0.4758462779608558 0.22642968024920007
-0.6486486486486491 0.4837999912248643 0.23406243150917877
-0.6326326326326326 0.49151850351378334 0.24159043929642907
-0.6166166166166169 0.4989968543393787 0.2489978606405951
-0.6006006006006004 0.5062302250566832 0.2562690407609402
-0.5845845845845847 0.5132139009706881 0.2633885081495512
-0.5685685685685691 0.5199432352060462 0.27034096783652994
-0.5525525525525525 0.5264136148124946 0.2771112938599575
-0.5365365365365369 0.5326204295582583 0.28368452198282357
-0.5205205205205203 0.5385590438371525 0.29004584369878794
-0.5045045045045047 0.5442247720827503 0.2961806025485215
-0.48848848848848814 0.5496128580452907 0.3020742937287128
-0.4724724724724725 0.5547184582443944 0.3077125679170379
-0.4564564564564568 0.5595366298637456 0.31308124015927824
-0.4404404404404403 0.5640623233032636 0.3181663045702754
-0.42442442442442463 0.5682903795506697 0.3229539554898443
-0.4084084084084081 0.5722155324784336 0.3274306156095772
-0.39239239239239243 0.5758324161146324 0.3315829714484151
-0.3763763763763768 0.5791355768780825 0.33539801640590944
-0.36036036036036023 0.5821194907099305 0.3388631014643889
-0.3443443443443446 0.5847785849765406 0.3419659934471651
-0.32832832832832803 0.5871072649627027 0.34469494057198513
-0.3123123123123124 0.5890999447206092 0.3470387448698249
-0.2962962962962967 0.5907510819893979 0.3489868408716442
-0.2802802802802802 0.5920552168528864 0.35052937980271837
-0.2642642642642645 0.593007013760011 0.35165731836856584
-0.24824824824824798 0.593601306493838 0.3523625110711915
-0.23223223223223233 0.5938331456412765 0.3526378048622136
-0.21621621621621667 0.5936978480870442 0.35247713482318693
-0.20020020020020013 0.5931910480323002 0.35187561946565865
-0.18418418418418447 0.5923087490207701 0.35082965416654965
-0.16816816816816793 0.5910473764432586 0.34933700120045896
-0.15215215215215228 0.5894038299851715 0.34739687480118897
-0.13613613613613662 0.5873755354809901 0.34501001968157974
-0.12012012012012008 0.5849604956444449 0.34217878146459463
-0.10410410410410442 0.5821573391532524 0.338907167529995
-0.08808808808808788 0.5789653675824644 0.33520089685989807
-0.07207207207207222 0.5753845997005004 0.331067437572505
-0.05605605605605568 0.5714158126664391 0.32651603096524706
-0.040040040040040026 0.5670605796958386 0.3215577010449805
-0.02402402402402437 0.5623213037948164 0.31620524870150224
-0.008008008008007828 0.5572012471980239 0.31047322987903336
0.008008008008008716 0.5517045561849948 0.30437791731528213
0.02402402402402437 0.5458362809907905 0.2979372456458572
0.040040040040040026 0.5396023905704108 0.2911707399093022
0.05605605605605568 0.533009782021669 0.2840994277307871
0.07207207207207134 0.526066284517677 0.2767457357062335
0.08808808808808877 0.5187806576473221 0.269133370748988
0.10410410410410442 0.5111625841096844 0.26128718739369017
0.12012012012012008 0.5032226567557895 0.2532330422723551
0.13613613613613573 0.49497236001804495 0.2449976371818331
0.1521521521521514 0.4864240458136724 0.23660835234574162
0.16816816816816882 0.4775909040531065 0.22809307163426362
0.18418418418418447 0.46848692792726804 0.21948000163872922
0.20020020020020013 0.45912687418846293 0.21079748660206865
0.21621621621621578 0.4495262186781658 0.20207382127909013
0.23223223223223144 0.43970110739068907 0.19333706384059823
0.24824824824824887 0.4296683033945764 0.18461485094197377
0.2642642642642645 0.4194451299631807 0.17593421704982953
0.2802802802802802 0.40904941029207886 0.16732142006029743
0.29629629629629584 0.3984994042036773 0.15880177515068578
0.3123123123123115 0.38781374225827336 0.15039949868436647
0.3283283283283289 0.37701135770603367 0.14213756383934686
0.3443443443443446 0.36611141672567266 0.13403756945687914
0.36036036036036023 0.35513324740305385 0.12611962341103866
0.3763763763763759 0.34409626790659004 0.1184022415872438
0.39239239239239154 0.33301991431610356 0.11090226333110495
0.408408408408409 0.3219235685579468 0.10363478399308305
0.42442442442442463 0.31082648689172343 0.09661310495345071
0.4404404404404403 0.29974772938302546 0.08984870127027947
0.45645645645645594 0.2887060907824958 0.08335120685491071
0.4724724724724716 0.2777200332142865 0.0771284168485444
0.488488488488489 0.26680762105699074 0.07118630665409076
0.5045045045045047 0.25598645837753486 0.0655290668726734
0.5205205205205203 0.24527362925360555 0.06015915320723515
0.536536536536536 0.23468564129330038 0.05507735022924766
0.5525525525525516 0.224238372631994 0.050282847760645
0.5685685685685691 0.21394702265632873 0.04577332850350764
0.5845845845845847 0.20382606667399714 0.04154506545579272
0.6006006006006004 0.19388921471586534 0.03759302758313494
0.616616616616616 0.1841493746244008 0.03391099217455791
0.6326326326326317 0.17461861954942817 0.03049166229334794
0.6486486486486491 0.1653081599394114 0.02732678774255402
0.6646646646646648 0.15622832008389326 0.024407287996235403
0.6806806806806804 0.14738851923071108 0.02172337560102169
0.6966966966966961 0.1387972572704525 0.019264678625800172
0.7127127127127117 0.13046210495041624 0.01702036082809342
0.7287287287287292 0.12238969855145584 0.014979238311516232
0.7447447447447448 0.11458573893359504 0.013129891566957996
0.7607607607607605 0.10705499483041885 0.011460771918141006
0.7767767767767761 0.09980131024816587 0.009960301527250658
0.7927927927927936 0.09282761580321293 0.008616966255708907
0.8088088088088092 0.08613594381150985 0.007419400816299583
0.8248248248248249 0.07972744692549572 0.006356465793257736
0.8408408408408405 0.07360242009836666 0.00541731624433645
0.8568568568568562 0.06776032564229746 0.004591461731150196
0.8728728728728736 0.0621998211366666 0.003868817749433317
0.8888888888888893 0.056918789934739075 0.0032397486476349545
0.9049049049049049 0.05191437401308991 0.002695102229170985
0.9209209209209206 0.04718300890810388 0.0022262363296222105
0.9369369369369362 0.04272046048930717 0.001825037744418455
0.9529529529529537 0.038521863332193824 0.0014839339545842194
0.9689689689689693 0.03458176047701571 0.0011958981576896855
0.984984984984985 0.03089414440069329 0.0009544481582508885
1.0010010010010006 0.027452499097160226 0.000753639706679583
1.0170170170170163 0.024249843276150363 0.0005880548989178548
1.0330330330330337 0.02127877488748968 0.00045278626071246144
1.0490490490490494 0.018531517526659422 0.0003434171418408853
1.065065065065065 0.01599996991789539 0.0002559990373735574
1.0810810810810807 0.013675760900971173 0.0001870264362205319
1.0970970970970964 0.011550314835836696 0.0001334097728069493
1.1131131131131138 0.00961493769290263 9.244702683839977e-05
1.1291291291291294 0.007860946498839567 6.179447985761804e-05
1.145145145145145 0.0062798962378332835 3.943709675795262e-05
1.1611611611611607 0.004864047355982264 2.365895668123806e-05
1.1771771771771764 0.0036075077018033904 1.3014111818570778e-05
1.1931931931931938 0.0025096225860482507 6.29820552440351e-06
1.2092092092092095 0.0015878078432841768 2.5211337471947486e-06
1.2252252252252251 0.0009386090196478776 8.809868917643497e-07
1.2412412412412408 0.0008599206871502579 7.394635881889717e-07
1.2572572572572565 0.0012644777908755384 1.598904083617482e-06
1.2732732732732739 0.0017552918942621162 3.081049634062288e-06
1.2892892892892895 0.0022153094124198226 4.90759579275586e-06
1.3053053053053052 0.0026234656876212934 6.8825722141262665e-06
1.3213213213213209 0.0029793539181257917 8.876549769451508e-06
1.3373373373373365 0.003288259047868297 1.0812647565887717e-05
1.353353353353354 0.0035572866003976446 1.2654287957368633e-05
1.3693693693693696 0.003794025150410616 1.4394626841948297e-05
1.3853853853853852 0.004005941761540529 1.6047569396854442e-05
1.401401401401401 0.0042000318799595765 1.7640267792676777e-05
1.4174174174174166 0.004382577687224712 1.9206987184559903e-05
1.433433433433434 0.004558971286627104 2.078421919229039e-05
1.4494494494494496 0.004733594607798081 2.2406917910975065e-05
1.4654654654654653 0.004909758850778791 2.410573197280068e-05
1.481481481481481 0.0050897059860125484 2.5905107024051974e-05
1.4974974974974966 0.005274669268868584 2.7822135895946642e-05
1.513513513513514 0.00546498293090966 2.986603843513394e-05
1.5295295295295297 0.00566022606655147 3.2038159124468716e-05
1.5455455455455454 0.00585938375419981 3.4332377978980664e-05
1.561561561561561 0.006061009690623024 3.67358384698262e-05
1.5775775775775767 0.0062633780941400985 3.922990515015404e-05
1.593593593593594 0.006464617002543141 4.179127298956987e-05
1.6096096096096097 0.006662819219187917 4.4393159947579886e-05
1.6256256256256254 0.0068561303833089395 4.700652383293198e-05
1.641641641641641 0.007042815760096097 4.9601253830657964e-05
1.6576576576576567 0.007221308474333329 5.214729608147835e-05
1.6736736736736741 0.007390242299319979 5.461568124265826e-05
1.6896896896896898 0.007548472027013386 5.697942994260358e-05
1.7057057057057055 0.007695084105019472 5.921431938332333e-05
1.721721721721721 0.007829399784575518 6.129950098671117e-05
1.7377377377377385 0.007950972574715763 6.321796488388223e-05
1.7537537537537542 0.008059581390577537 6.495685219134376e-05
1.7697697697697699 0.008155220438473386 6.650762040009403e-05
1.7857857857857855 0.008238086600358735 6.786607083501014e-05
1.8018018018018012 0.008308564860802246 6.903225004615788e-05
1.8178178178178186 0.008367212152550152 7.001023920578294e-05
1.8338338338338342 0.008414739874088884 7.08078471485814e-05
1.84984984984985 0.008451995247236265 7.14362236593044e-05
1.8658658658658656 0.00847994162934442 7.19094100370885e-05
1.8818818818818812 0.008499637869347116 7.224384391003958e-05
1.8978978978978986 0.00851221679696801 7.245783479858435e-05
1.9139139139139143 0.00851886295785633 7.257102609473668e-05
1.92992992992993 0.008520789752070917 7.260385799899678e-05
1.9459459459459456 0.008519216196210745 7.257704459777948e-05
1.9619619619619613 0.0085153436061149 7.25110767302019e-05
1.9779779779779787 0.00851033258095922 7.242576063853606e-05
1.9939939939939944 0.00850528075212536 7.233980067247414e-05
2.01001001001001 0.008501201830912145 7.227043256990401e-05
2.0260260260260257 0.00849900653651101 7.223311210765686e-05
2.0420420420420413 0.008499485998641147 7.224126224109688e-05
2.0580580580580587 0.008503298199094074 7.230608026271653e-05
2.0740740740740744 0.00851095793862862 7.243640503310556e-05
2.09009009009009 0.00852283069136599 7.263864299369008e-05
2.1061061061061057 0.008539130545636509 7.291675047542247e-05
2.1221221221221214 0.008559922241607147 7.32722687823607e-05
2.138138138138139 0.00858512711965169 7.37044076605789e-05
2.1541541541541545 0.008614532608550182 7.42101720637744e-05
2.17017017017017 0.00864780472699547 7.478452659624519e-05
2.1861861861861858 0.008684502959136224 7.542059164724582e-05
2.2022022022022014 0.00872409680258351 7.610986502084784e-05
2.218218218218219 0.008765983276428553 7.684246280262509e-05
2.2342342342342345 0.008809504712355823 7.760737327701947e-05
2.25025025025025 0.008853966224454456 7.839271790378029e-05
2.266266266266266 0.008898652350994785 7.918601366386503e-05
2.2822822822822815 0.008942842472017367 7.99744314793177e-05
2.298298298298299 0.008985824719084483 8.07450458821097e-05
2.3143143143143146 0.009026908199260691 8.148507163787988e-05
2.33033033033033 0.009065433448340382 8.218208360628858e-05
2.346346346346346 0.009100781105220244 8.282421672513382e-05
2.3623623623623615 0.009132378859094997 8.340034362604522e-05
2.378378378378379 0.009159706764519179 8.390022801197838e-05
2.3943943943943946 0.009182301048130243 8.431465253849377e-05
2.4104104104104103 0.009199756547365594 8.46355205307961e-05
2.426426426426426 0.009211727928403508 8.485593142692918e-05
2.4424424424424416 0.009217929830282053 8.497023035600372e-05
2.458458458458459 0.009218136076883588 8.497403273194274e-05
2.4744744744744747 0.009212178090033761 8.486422516249808e-05
2.4904904904904903 0.009199942626786969 8.463894433617192e-05
2.506506506506506 0.009181368953131836 8.42975358535332e-05
2.5225225225225216 0.00915644555561352 8.384049521291459e-05
2.538538538538539 0.009125206482240902 8.326939334353139e-05
2.5545545545545547 0.0090877273948294 8.258678920273277e-05
2.5705705705705704 0.00904412140677344 8.179613202045758e-05
2.586586586586586 0.008994534773184093 8.090165578601785e-05
2.6026026026026017 0.008939142494324051 7.990826853383003e-05
2.618618618618619 0.008878143888228641 7.882143890009157e-05
2.6346346346346348 0.00881175818418656 7.764708229657881e-05
2.6506506506506504 0.008740220185215851 7.63914488860546e-05
2.666666666666666 0.00866377604464743 7.506101535180665e-05
2.6826826826826817 0.008582679199253936 7.366238223730617e-05
2.698698698698699 0.008497186498874086 7.220217839664806e-05
2.714714714714715 0.008407554570026893 7.068697384798009e-05
2.7307307307307305 0.008314036448443642 6.912320206604937e-05
2.746746746746746 0.00821687851264465 6.751709249156135e-05
2.762762762762762 0.008116317747547452 6.587461377915378e-05
2.778778778778779 0.008012579363538372 6.420142805700098e-05
2.794794794794795 0.007905874792422085 6.250285623345494e-05
2.8108108108108105 0.007796400077171879 6.078385416332568e-05
2.826826826826826 0.007684334667460071 5.904899928152868e-05
2.8428428428428436 0.0075698406276123315 5.7302487127450256e-05
2.8588588588588593 0.007453062257998025 5.5548137021594616e-05
2.874874874874875 0.007334126125067431 5.378940601839661e-05
2.8908908908908906 0.007213141489431174 5.202941014655337e-05
2.9069069069069062 0.007090201115719868 5.027095186135525e-05
2.9229229229229237 0.0069653824426481456 4.851655257235104e-05
2.9389389389389393 0.006838749086921475 4.6768489073869304e-05
2.954954954954955 0.006710352650541867 4.502883269463426e-05
2.9709709709709706 0.006580234797848229 4.329948999481273e-05
2.9869869869869863 0.006448429566397332 4.158224387278729e-05
3.0030030030030037 0.0063149658746516684 3.9878793998015116e-05
3.0190190190190194 0.006179870189451125 3.819079555846668e-05
3.035035035035035 0.0060431693174299896 3.6519895399127246e-05
3.0510510510510507 0.005904893286888061 3.486776472953568e-05
3.0670670670670663 0.0057650782900871885 3.323612769083462e-05
3.0830830830830838 0.005623769660450339 3.162678519380172e-05
3.0990990990990994 0.005481024864590486 3.004163356625916e-05
3.115115115115115 0.005336916495372774 2.8482677678582012e-05
3.1311311311311307 0.005191535259177795 2.695203834728626e-05
3.1471471471471464 0.005044992958019871 2.5451953946470086e-05
3.163163163163164 0.0048974254749789715 2.398477628297301e-05
3.1791791791791795 0.004748995779256586 2.2552960911396873e-05
3.195195195195195 0.004599896974680861 2.115905217767814e-05
3.211211211211211 0.004450355422099991 1.9805663383014788e-05
3.2272272272272264 0.004300633970953458 1.8495452552118912e-05
3.243243243243244 0.004151035337088542 1.7231094369757788e-05
3.2592592592592595 0.0040019056606004945 1.601524891634628e-05
3.275275275275275 0.0038536382661346945 1.4850527886217613e-05
3.291291291291291 0.0037066776243229226 1.3739459010656226e-05
3.3073073073073065 0.0035615234705927337 1.268444943158291e-05
3.323323323323324 0.003418734967936695 1.1687748780993113e-05
3.3393393393393396 0.0032789346922644097 1.07514127161351e-05
3.3553553553553552 0.0031428120595252645 9.877267641497435e-06
3.371371371371371 0.0030111255896601353 9.066877316706097e-06
3.3873873873873865 0.0028847031052334493 8.321512005343505e-06
3.403403403403404 0.0027644385984569404 7.642120764638573e-06
3.4194194194194196 0.0026512841060927148 7.029307411219846e-06
3.4354354354354353 0.0025462345974195284 6.483310625096188e-06
3.451451451451451 0.0024503037718343595 6.003988574265688e-06
3.4674674674674666 0.002364489026713622 5.590808357449133e-06
3.483483483483484 0.002289724977822016 5.242840474062032e-06
3.4994994994994997 0.0022268269893148127 4.958758440340873e-06
3.5155155155155153 0.0021764290891698617 4.736843580184753e-06
3.531531531531531 0.0021389237785340355 4.574994930378316e-06
3.5475475475475466 0.002114413420778309 4.4707441139674315e-06
3.563563563563564 0.002102682799216018 4.421274954118908e-06
3.5795795795795797 0.0021031993545873044 4.423447525136454e-06
3.5955955955955954 0.002115142139104999 4.473826268617673e-06
3.611611611611611 0.002137454500580353 4.568711742051208e-06
3.6276276276276267 0.002168911135875778 4.704175515325959e-06
3.643643643643644 0.0022081887800475433 4.8760976883278575e-06
3.65965965965966 0.0022539313366900697 5.080206470513484e-06
3.6756756756756754 0.00230480351469672 5.3121192413583535e-06
3.691691691691691 0.002359530567500076 5.56738449896723e-06
3.7077077077077067 0.002416924513261237 5.841524102803066e-06
3.723723723723724 0.002475898872157186 6.1300752251492245e-06
3.73973973973974 0.00253547459938094 6.428631444105938e-06
3.7557557557557555 0.002594779843843437 6.732882438016172e-06
3.771771771771771 0.0026530457546848243 7.03865177645117e-06
3.7877877877877886 0.0027096000342077473 7.3419323453786244e-06
3.8038038038038042 0.002763859437976606 7.63891899289236e-06
3.81981981981982 0.0028153220128138553 7.926038035834258e-06
3.8358358358358355 0.002863559555109031 8.199973325656232e-06
3.851851851851851 0.0029082105550999834 8.457688632794953e-06
3.8678678678678686 0.002948973748864297 8.696446171490747e-06
3.8838838838838843 0.00298560230945427 8.91382115021867e-06
3.8998998998999 0.003017898655619781 9.107712295591682e-06
3.9159159159159156 0.0030457098283772845 9.276348358673987e-06
3.9319319319319312 0.0030689233732884135 9.418290671115936e-06
3.9479479479479487 0.0030874636635083957 9.532431873484684e-06
3.9639639639639643 0.0031012886013427336 9.61799098881837e-06
3.97997997997998 0.0031103866415755433 9.674505060091586e-06
3.9959959959959956 0.003114774086572488 9.70181761038348e-06
4.012012012012011 0.003114492610146298 9.700064218655901e-06
4.028028028028029 0.0031096069738592758 9.669655531874243e-06
4.044044044044044 0.003100202905547946 9.611258055567927e-06
4.06006006006006 0.003086385115274407 9.525773079787413e-06
4.076076076076076 0.0030682754286161834 9.414314105849824e-06
4.092092092092091 0.0030460110212322663 9.278183141468433e-06
4.108108108108109 0.003019742742044798 9.118846228132236e-06
4.124124124124124 0.0029896335152208263 8.937908555331636e-06
4.14014014014014 0.0029558568134953334 8.737089501886786e-06
4.156156156156156 0.002918595197311107 8.51819792576746e-06
4.172172172172171 0.002878038915822032 8.283108000986055e-06
4.188188188188189 0.002834384567067464 8.033735874030215e-06
4.2042042042042045 0.0027878338156226133 7.772017383528939e-06
4.22022022022022 0.0027385921668033495 7.4998870560766646e-06
4.236236236236236 0.002686867797088457 7.21925855903098e-06
4.2522522522522515 0.0026328704408471524 6.932006758286679e-06
4.268268268268269 0.002576810333750528 6.639951496123509e-06
4.2842842842842845 0.002518897213424042 6.344843171795403e-06
4.3003003003003 0.0024593393779827203 6.048350176096433e-06
4.316316316316316 0.00239834280309818 5.752048201172836e-06
4.3323323323323315 0.0023361103181897764 5.457411418752738e-06
4.348348348348349 0.0022728408422242772 5.1658054940827614e-06
4.364364364364365 0.0022087286794592684 4.878482379465883e-06
4.38038038038038 0.0021439628752842883 4.596576810597272e-06
4.396396396396396 0.0020787266321089714 4.321104411039107e-06
4.4124124124124116 0.002013196785025422 4.052961295236695e-06
4.428428428428429 0.001947543336739688 3.792925048479157e-06
4.444444444444445 0.0018819290510294704 3.541656953108683e-06
4.46046046046046 0.0018165091037467569 3.2997053239948456e-06
4.476476476476476 0.0017514307901496757 3.0675098126843174e-06
4.492492492492492 0.0016868332871201165 2.8454065385364574e-06
4.508508508508509 0.0016228474686066296 2.633633906362945e-06
4.524524524524525 0.0015595957724277873 2.4323389733746272e-06
4.54054054054054 0.0014971921163818708 2.241584233356025e-06
4.556556556556556 0.0014357418614366786 2.061354692681659e-06
4.572572572572572 0.0013753418196190497 1.8915651207930385e-06
4.588588588588589 0.001316080304089314 1.7320673668118213e-06
4.604604604604605 0.0012580372187715409 1.582657643814434e-06
4.62062062062062 0.0012012841848167283 1.4430836926907915e-06
4.636636636636636 0.0011458847011035402 1.3130517482231494e-06
4.652652652652652 0.0010918943359291007 1.1922332408340518e-06
4.668668668668669 0.0010393609470111607 1.080271178171937e-06
4.684684684684685 0.0009883249269117237 9.767861611550638e-07
4.7007007007007005 0.0009388194710002482 8.813819991291857e-07
4.716716716716716 0.0008908708651014979 7.936508982866913e-07
4.732732732732732 0.0008444987900171794 7.131782063404802e-07
4.748748748748749 0.0007997166401713722 6.395467045669881e-07
4.764764764764765 0.0007565318537056934 5.723404456713727e-07
4.7807807807807805 0.0007149462514399219 5.11148142447996e-07
4.796796796796796 0.0006749563822163506 4.5556611789458426e-07
4.812812812812812 0.0006365538722594758 4.0520083228853294e-07
4.828828828828829 0.0005997257763058582 3.596710067656643e-07
4.844844844844845 0.0005644549283903075 3.186093661841071e-07
4.8608608608608606 0.0005307202903124789 2.8166402654936184e-07
4.876876876876876 0.000498497295951412 2.484995540708696e-07
4.892892892892894 0.0004677581897425089 2.1879772407118894e-07
4.908908908908909 0.0004384723577811853 1.9225800853819177e-07
4.924924924924925 0.00041060665016808695 1.6859782116225774e-07
4.940940940940941 0.0003841256933615656 1.4755254830050352e-07
4.956956956956956 0.000358992191452416 1.2887539352380816e-07
4.972972972972974 0.00033516721542300966 1.1233706229441417e-07
4.988988988988989 0.0003126104795966614 9.772531195365464e-08
5.005005005005005 0.0002912806046224673 8.484439062923013e-08
5.021021021021021 0.00027113536647529633 7.351438695369324e-08
5.037037037037036 0.0002521319310790907 6.357051066967133e-08
5.053053053053054 0.0002342270742838327 5.4862322327564094e-08
5.069069069069069 0.00021737738704172123 4.725292839708627e-08
5.085085085085085 0.00020153946573590604 4.0618156249114445e-08
5.101101101101101 0.00018667008771534248 3.4845721647653654e-08
5.117117117117116 0.00017272637218145877 2.9834399646967814e-08
5.133133133133134 0.0001596659266565007 2.549320813507906e-08
5.1491491491491495 0.0001474469793393748 2.174061171630602e-08
5.165165165165165 0.00013602849772260877 1.8503752192669775e-08
5.181181181181181 0.0001253702939038472 1.571771059353703e-08
5.197197197197196 0.00011543311707708418 1.3324804518131823e-08
5.213213213213214 0.00010617873373297291 1.127392349713756e-08
5.2292292292292295 9.756999613420465e-05 9.519904145628711e-09
5.245245245245245 8.957089966142158e-05 8.022946066156454e-09
5.261261261261261 8.214662964784562e-05 6.7480687625003094e-09
5.2772772772772765 7.526359833701263e-05 5.664609234635169e-09
5.293293293293294 6.888947260822835e-05 4.745759436239844e-09
5.3093093093093096 6.299319311896273e-05 3.968142379322933e-09
5.325325325325325 5.754498551280801e-05 3.311425357669284e-09
5.341341341341341 5.251636433635891e-05 2.75796852310919e-09
5.3573573573573565 4.788013029877973e-05 2.2925068774281244e-09
5.373373373373374 4.3610361494456294e-05 1.9018636296771565e-09
5.38938938938939 3.968239919237392e-05 1.5746928056629183e-09
5.405405405405405 3.607282877616522e-05 1.3012489759145337e-09
5.421421421421421 3.275945639659601e-05 1.073181983400475e-09
5.437437437437437 2.972128187394819e-05 8.833545962306812e-10
5.453453453453454 2.6938468361773873e-05 7.256810776782919e-10
5.46946946946947 2.439230925616315e-05 5.949847508483025e-10
5.485485485485485 2.2065192806348923e-05 4.868727335813522e-10
5.501501501501501 1.9940564853509732e-05 3.9762612667702763e-10
5.517517517517517 1.8002890095290203e-05 3.241040517830982e-10
5.533533533533534 1.6237612244151912e-05 2.636600513914321e-10
5.54954954954955 1.4631113418419487e-05 2.1406947986265478e-10
5.565565565565565 1.3170673076029495e-05 1.7346662927564823e-10
5.581581581581581 1.184442677273024e-05 1.4029044557456891e-10
5.597597597597597 1.0641324998973323e-05 1.1323779773377458e-10
5.613613613613614 9.551092323153622e-06 9.122336456540407e-11
5.62962962962963 8.564187043305167e-06 7.33452997127161e-11
5.645645645645645 7.67176152495344e-06 5.885592489575592e-11
5.661661661661661 6.865623379650206e-06 4.713678439119952e-11
5.677677677677677 6.138197616824687e-06 3.7677469983192264e-11
5.693693693693694 5.48248988103382e-06 3.005769529563824e-11
5.70970970970971 4.8920508675041895e-06 2.3932161690248493e-11
5.7257257257257255 4.360941991042794e-06 1.901781504924029e-11
5.741741741741741 3.883702366957721e-06 1.5083144075113002e-11
5.757757757757757 3.4553171475502824e-06 1.1939216590155019e-11
5.773773773773774 3.0711872440019213e-06 9.432191087720114e-12
5.78978978978979 2.727100451043308e-06 7.437076870080615e-12
5.8058058058058055 2.419203980617636e-06 5.852547899836217e-12
5.821821821821821 2.143978400790246e-06 4.5966433830551e-12
5.837837837837839 1.8982129673520915e-06 3.6032124694236328e-12
5.853853853853854 1.6789823278623046e-06 2.8189816572739233e-12
5.86986986986987 1.4836245712084207e-06 2.20114186829337e-12
5.885885885885886 1.3097205900709812e-06 1.7153680240558796e-12
5.901901901901901 1.1550747188927773e-06 1.3341976062252283e-12
5.917917917917919 1.0176966060084267e-06 1.035706381881071e-12
5.933933933933934 8.95784275419279e-07 8.024294680884426e-13
5.94994994994995 7.87708331236124e-07 6.204844150987993e-13
5.965965965965966 6.919972559948921e-07 4.788602023044602e-13
5.981981981981981 6.073237528139917e-07 3.6884214073207056e-13
5.997997997997999 5.324920806477308e-07 2.8354781595254943e-13
6.014014014014014 4.664263316396102e-07 2.1755352284678362e-13
6.03003003003003 4.081595997373571e-07 1.665942588577596e-13
6.046046046046046 3.5682399024719853e-07 1.2732336001593283e-13
6.062062062062061 3.116414208282664e-07 9.712037517586066e-14
6.078078078078079 2.719151655147055e-07 7.393785723688969e-14
6.094094094094094 2.370220946603415e-07 5.6179473357175885e-14
6.11011011011011 2.0640556518984175e-07 4.260325734133801e-14
6.126126126126126 1.7956891717599172e-07 3.224499601575817e-14
6.142142142142141 1.560695345120544e-07 2.435769960280934e-14
6.158158158158159 1.3551342928261143e-07 1.836388951593333e-14
6.1741741741741745 1.1755031132914094e-07 1.3818075693577963e-14
6.19019019019019 1.0186910643474804e-07 1.0377314845814023e-14
6.206206206206206 8.819388849540716e-08 7.77816196794031e-15
6.222222222222221 7.628019298461639e-08 5.81866784177032e-15
6.238238238238239 6.591168093915305e-08 4.344349684224713e-15
6.2542542542542545 5.689712458222089e-08 3.2372827857247647e-15
6.27027027027027 4.906768754547036e-08 2.4076379610599074e-15
6.286286286286286 4.2274474443945443e-08 1.7871311895117966e-15
6.3023023023023015 3.6386326290246113e-08 1.3239647409002554e-15
6.318318318318319 3.1287839900276175e-08 9.789289256253138e-16
6.334334334334335 2.6877591038222586e-08 7.224049000179431e-16
6.35035035035035 2.306654256964388e-08 5.320653861171933e-16
6.366366366366366 1.9776620336615532e-08 3.911147119386351e-16
6.3823823823823815 1.6939440836584427e-08 2.8694465585614407e-16
6.398398398398399 1.4495176076697346e-08 2.1011012949445903e-16
6.414414414414415 1.2391542188322075e-08 1.5355031780496585e-16
6.43043043043043 1.0582899523368435e-08 1.1199776232171187e-16
6.446446446446446 9.02945301650266e-09 8.153102177722899e-17
6.462462462462462 7.696542587459334e-09 5.923676780057521e-17
6.478478478478479 6.5540142778578986e-09 4.295510315436519e-17
6.494494494494495 5.57566366990918e-09 3.1088025359945116e-17
6.51051051051051 4.7387439230739944e-09 2.245569396847071e-17
6.526526526526526 4.023531492192947e-09 1.6188805668668403e-17
6.542542542542542 3.4129432599939674e-09 1.164818169593825e-17
6.558558558558559 2.89219943144337e-09 8.364817551241351e-18
6.574574574574575 2.4485271003588474e-09 5.995284961191706e-18
6.59059059059059 2.0708999132674794e-09 4.288626450771254e-18
6.606606606606606 1.7498097248329348e-09 3.0618340731199115e-18
6.622622622622622 1.477066566378877e-09 2.181725641514286e-18
6.638638638638639 1.2456236371014857e-09 1.5515782453059341e-18
6.654654654654655 1.049424379378487e-09 1.1012915280339225e-18
6.67067067067067 8.832690179127779e-10 7.801641580046032e-19
6.686686686686686 7.426982299364602e-10 5.516006607507512e-19
6.702702702702702 6.23891872846727e-10 3.892410690041966e-19
6.718718718718719 5.235809288161016e-10 2.741369890199316e-19
6.734734734734735 4.389710353400287e-10 1.9269556986749672e-19
6.7507507507507505 3.6767615843938235e-10 1.351857574847418e-19
6.766766766766766 3.076611332724918e-10 9.465537292651397e-20
6.782782782782782 2.571919470405855e-10 6.614769762252734e-20
6.798798798798799 2.1479277297403605e-10 4.613593532187579e-20
6.814814814814815 1.7920888341680458e-10 3.211582389549785e-20
6.8308308308308305 1.493746760156964e-10 2.231279383479427e-20
6.846846846846846 1.243861410857672e-10 1.5471912094208382e-20
6.862862862862862 1.0347718156984883e-10 1.0707527105639463e-20
6.878878878878879 8.599927074235727e-11 7.395874568217266e-21
6.894894894894895 7.14039979310033e-11 5.098530920530724e-21
6.910910910910911 5.92281099600538e-11 3.5079690094402236e-21
6.926926926926926 4.908070658590413e-11 2.4089157589716133e-21
6.942942942942944 4.063229265167955e-11 1.650983206131732e-21
6.958958958958959 3.360542871171777e-11 1.1293248388983453e-21
6.974974974974975 2.776675608114038e-11 7.709927432695461e-22
6.990990990990991 2.2920202200966422e-11 5.253356689331859e-22
7.007007007007006 1.890119836932573e-11 3.572552997966016e-22
7.023023023023024 1.557176471697446e-11 2.4247985640081065e-22
7.039039039039039 1.2816337195944719e-11 1.6425849912015613e-22
7.055055055055055 1.0538228656654505e-11 1.1105426321993424e-22
7.071071071071071 8.656631125319374e-12 7.493726243984817e-23
7.087087087087086 7.104079439158351e-12 5.046794467787243e-23
7.103103103103104 5.8243076993071015e-12 3.392256017620798e-23
7.119119119119119 4.770439779719337e-12 2.2757095691928674e-23
7.135135135135135 3.903463578365278e-12 1.523702790762426e-23
7.151151151151151 3.1909459856135407e-12 1.018213628310317e-23
7.167167167167166 2.605951824264008e-12 6.790984910384912e-24
7.183183183183184 2.126135418573591e-12 4.520451818113098e-24
7.1991991991991995 1.7329780918472722e-12 3.0032130668226125e-24
7.215215215215215 1.411148875447079e-12 1.991341148675556e-24
7.231231231231231 1.147969125337883e-12 1.3178331127290241e-24
7.2472472472472464 9.329646631926504e-13 8.70423062766176e-25
7.263263263263264 7.574915553189243e-13 5.7379345637948305e-25
7.2792792792792795 6.144237731543802e-13 3.7751657301726516e-25
7.295295295295295 4.978927950063742e-13 2.4789723531925935e-25
7.311311311311311 4.030707544915599e-13 1.6246603312639535e-25
7.3273273273273265 3.2599005523432065e-13 1.0626951611167543e-25
7.343343343343344 2.633934870798218e-13 6.937612903606823e-26
7.35935935935936 2.1260982509697712e-13 4.52029377277672e-26
7.375375375375375 1.714506937596818e-13 2.939534039067619e-26
7.391391391391391 1.3812515622693807e-13 1.9078558782716047e-26
7.4074074074074066 1.111690609243954e-13 1.2358560106811935e-26
7.423423423423424 8.938666039648166e-14 7.989975056835943e-27
7.43943943943944 7.180242413459306e-14 5.155588111603992e-27
7.455455455455455 5.762130933370921e-14 3.320215289331003e-27
7.471471471471471 4.619604114991434e-14 2.1340742179245787e-27
7.487487487487487 3.7000195440281797e-14 1.3690144626190498e-27
7.503503503503504 2.9606079336033994e-14 8.765199336515389e-28
7.51951951951952 2.3666574431588698e-14 5.601067453259279e-28
7.535535535535535 1.890024905101357e-14 3.572194141903394e-28
7.551551551551551 1.5079164378811114e-14 2.27381198363206e-28
7.567567567567567 1.2018897941364584e-14 1.4445390772493783e-28
7.583583583583584 9.57039015289913e-15 9.159236767870862e-29
7.5995995995996 7.613288060413071e-15 5.796215509082823e-29
7.615615615615615 6.05051728449628e-15 3.6608759409988245e-29
7.631631631631631 4.803860352195381e-15 2.3077074283394728e-29
7.647647647647647 3.810358748660022e-15 1.4518833793489968e-29
7.663663663663664 3.019388416262551e-15 9.116706408260475e-30
7.67967967967968 2.3902852278016637e-15 5.713463470246852e-30
7.6956956956956954 1.890419096818896e-15 3.5736843616175714e-30
7.711711711711711 1.4936336518756711e-15 2.230941486015454e-30
7.727727727727727 1.1789834522693547e-15 1.3900019807249656e-30
7.743743743743744 9.297131105946555e-16 8.643664680115902e-31
7.75975975975976 7.324328716917132e-16 5.364579115345696e-31
7.7757757757757755 5.764535599583219e-16 3.3229870678862263e-31
7.791791791791791 4.532506654512384e-16 2.0543616573199046e-31
7.807807807807807 3.5603295749191097e-16 1.267594668204369e-31
7.823823823823824 2.7939561143843157e-16 7.806190769105505e-32
7.83983983983984 2.1904159112320288e-16 4.797921864178439e-32
7.8558558558558556 1.715580961074209e-16 2.9432180340003063e-32
7.871871871871871 1.3423738322969613e-16 1.8019675056356304e-32
7.887887887887889 1.0493330812351324e-16 1.101099915374417e-32
7.903903903903904 8.194658866550152e-17 6.715243393912904e-33
7.91991991991992 6.39331380046598e-17 4.087446135122875e-33
7.935935935935936 4.983090688607163e-17 2.483119281088341e-33
7.951951951951951 3.880156019269835e-17 1.5055610733875931e-33
7.967967967967969 3.018402933538993e-17 9.1107562691968e-34
7.983983983983984 2.3457561728170702e-17 5.5025720223093875e-34
8.0 1.8212356777893807e-17 3.316899394052945e-34
